6999.146,0.29743
6997.217,0.29724
6995.288,0.29703
6993.360,0.29699
6991.431,0.29709
6989.502,0.29698
6987.574,0.29659
6985.645,0.29633
6983.716,0.29640
6981.788,0.29655
6979.859,0.29645
6977.930,0.29611
6976.002,0.29591
6974.073,0.29603
6972.144,0.29629
6970.216,0.29636
6968.287,0.29623
6966.358,0.29607
6964.430,0.29595
6962.501,0.29583
6960.572,0.29567
6958.644,0.29546
6956.715,0.29533
6954.786,0.29535
6952.858,0.29547
6950.929,0.29552
6949.000,0.29536
6947.072,0.29519
6945.143,0.29519
6943.214,0.29513
6941.286,0.29489
6939.357,0.29463
6937.428,0.29447
6935.500,0.29436
6933.571,0.29423
6931.642,0.29400
6929.714,0.29380
6927.785,0.29379
6925.856,0.29382
6923.928,0.29378
6921.999,0.29386
6920.070,0.29399
6918.142,0.29382
6916.213,0.29353
6914.284,0.29350
6912.356,0.29348
6910.427,0.29308
6908.498,0.29253
6906.570,0.29233
6904.641,0.29241
6902.712,0.29239
6900.784,0.29229
6898.855,0.29232
6896.926,0.29254
6894.998,0.29267
6893.069,0.29254
6891.140,0.29227
6889.212,0.29203
6887.283,0.29187
6885.354,0.29173
6883.426,0.29150
6881.497,0.29117
6879.568,0.29084
6877.640,0.29065
6875.711,0.29065
6873.782,0.29076
6871.854,0.29082
6869.925,0.29068
6867.996,0.29047
6866.068,0.29033
6864.139,0.29022
6862.210,0.29017
6860.282,0.29022
6858.353,0.29025
6856.424,0.29016
6854.496,0.28990
6852.567,0.28960
6850.638,0.28950
6848.709,0.28956
6846.781,0.28943
6844.852,0.28906
6842.923,0.28879
6840.995,0.28874
6839.066,0.28874
6837.137,0.28867
6835.209,0.28850
6833.280,0.28833
6831.351,0.28826
6829.423,0.28826
6827.494,0.28822
6825.565,0.28810
6823.637,0.28798
6821.708,0.28791
6819.779,0.28783
6817.851,0.28763
6815.922,0.28737
6813.993,0.28716
6812.065,0.28702
6810.136,0.28689
6808.207,0.28677
6806.279,0.28673
6804.350,0.28676
6802.421,0.28681
6800.493,0.28675
6798.564,0.28654
6796.635,0.28632
6794.707,0.28619
6792.778,0.28603
6790.849,0.28579
6788.921,0.28567
6786.992,0.28571
6785.063,0.28572
6783.135,0.28556
6781.206,0.28535
6779.277,0.28520
6777.349,0.28505
6775.420,0.28488
6773.491,0.28474
6771.563,0.28466
6769.634,0.28458
6767.705,0.28444
6765.777,0.28423
6763.848,0.28406
6761.919,0.28402
6759.991,0.28405
6758.062,0.28393
6756.133,0.28370
6754.205,0.28355
6752.276,0.28340
6750.347,0.28323
6748.419,0.28317
6746.490,0.28320
6744.561,0.28318
6742.633,0.28312
6740.704,0.28313
6738.775,0.28319
6736.847,0.28305
6734.918,0.28283
6732.989,0.28271
6731.061,0.28262
6729.132,0.28256
6727.203,0.28252
6725.275,0.28242
6723.346,0.28230
6721.417,0.28225
6719.489,0.28223
6717.560,0.28211
6715.631,0.28183
6713.703,0.28154
6711.774,0.28133
6709.845,0.28118
6707.917,0.28110
6705.988,0.28101
6704.059,0.28090
6702.131,0.28082
6700.202,0.28076
6698.273,0.28064
6696.345,0.28051
6694.416,0.28051
6692.487,0.28060
6690.558,0.28055
6688.630,0.28036
6686.701,0.28019
6684.772,0.28010
6682.844,0.28004
6680.915,0.27995
6678.986,0.27976
6677.058,0.27946
6675.129,0.27926
6673.200,0.27929
6671.272,0.27938
6669.343,0.27931
6667.414,0.27908
6665.486,0.27878
6663.557,0.27855
6661.628,0.27842
6659.700,0.27833
6657.771,0.27824
6655.842,0.27814
6653.914,0.27805
6651.985,0.27799
6650.056,0.27790
6648.128,0.27771
6646.199,0.27750
6644.270,0.27736
6642.342,0.27726
6640.413,0.27715
6638.484,0.27712
6636.556,0.27715
6634.627,0.27714
6632.698,0.27700
6630.770,0.27672
6628.841,0.27650
6626.912,0.27651
6624.984,0.27652
6623.055,0.27633
6621.126,0.27615
6619.198,0.27610
6617.269,0.27610
6615.340,0.27601
6613.412,0.27590
6611.483,0.27579
6609.554,0.27569
6607.626,0.27563
6605.697,0.27555
6603.768,0.27533
6601.840,0.27508
6599.911,0.27492
6597.982,0.27489
6596.054,0.27491
6594.125,0.27485
6592.196,0.27468
6590.268,0.27453
6588.339,0.27449
6586.410,0.27449
6584.482,0.27452
6582.553,0.27456
6580.624,0.27453
6578.696,0.27438
6576.767,0.27410
6574.838,0.27380
6572.910,0.27360
6570.981,0.27360
6569.052,0.27369
6567.124,0.27369
6565.195,0.27363
6563.266,0.27349
6561.338,0.27321
6559.409,0.27303
6557.480,0.27298
6555.552,0.27286
6553.623,0.27271
6551.694,0.27265
6549.766,0.27264
6547.837,0.27260
6545.908,0.27251
6543.980,0.27242
6542.051,0.27236
6540.122,0.27220
6538.194,0.27190
6536.265,0.27164
6534.336,0.27156
6532.408,0.27150
6530.479,0.27136
6528.550,0.27118
6526.621,0.27110
6524.693,0.27115
6522.764,0.27115
6520.835,0.27098
6518.907,0.27077
6516.978,0.27065
6515.049,0.27055
6513.121,0.27040
6511.192,0.27024
6509.263,0.27012
6507.335,0.27009
6505.406,0.27010
6503.477,0.27005
6501.549,0.26989
6499.620,0.26967
6497.691,0.26953
6495.763,0.26948
6493.834,0.26946
6491.905,0.26942
6489.977,0.26925
6488.048,0.26900
6486.119,0.26881
6484.191,0.26871
6482.262,0.26859
6480.333,0.26843
6478.405,0.26833
6476.476,0.26827
6474.547,0.26820
6472.619,0.26816
6470.690,0.26811
6468.761,0.26797
6466.833,0.26780
6464.904,0.26767
6462.975,0.26757
6461.047,0.26744
6459.118,0.26731
6457.189,0.26722
6455.261,0.26710
6453.332,0.26684
6451.403,0.26657
6449.475,0.26648
6447.546,0.26654
6445.617,0.26656
6443.689,0.26644
6441.760,0.26627
6439.831,0.26616
6437.903,0.26610
6435.974,0.26602
6434.045,0.26591
6432.117,0.26579
6430.188,0.26567
6428.259,0.26556
6426.331,0.26547
6424.402,0.26533
6422.473,0.26511
6420.545,0.26488
6418.616,0.26470
6416.687,0.26467
6414.759,0.26472
6412.830,0.26472
6410.901,0.26464
6408.973,0.26449
6407.044,0.26427
6405.115,0.26409
6403.187,0.26399
6401.258,0.26387
6399.329,0.26374
6397.401,0.26360
6395.472,0.26343
6393.543,0.26332
6391.615,0.26325
6389.686,0.26324
6387.757,0.26326
6385.829,0.26315
6383.900,0.26295
6381.971,0.26282
6380.043,0.26268
6378.114,0.26248
6376.185,0.26240
6374.257,0.26243
6372.328,0.26236
6370.399,0.26220
6368.471,0.26205
6366.542,0.26194
6364.613,0.26184
6362.684,0.26171
6360.756,0.26151
6358.827,0.26127
6356.898,0.26112
6354.970,0.26107
6353.041,0.26099
6351.112,0.26089
6349.184,0.26082
6347.255,0.26076
6345.326,0.26070
6343.398,0.26061
6341.469,0.26048
6339.540,0.26039
6337.612,0.26035
6335.683,0.26031
6333.754,0.26024
6331.826,0.26016
6329.897,0.26003
6327.968,0.25987
6326.040,0.25975
6324.111,0.25967
6322.182,0.25959
6320.254,0.25947
6318.325,0.25933
6316.396,0.25915
6314.468,0.25893
6312.539,0.25875
6310.610,0.25867
6308.682,0.25863
6306.753,0.25861
6304.824,0.25864
6302.896,0.25866
6300.967,0.25858
6299.038,0.25842
6297.110,0.25825
6295.181,0.25806
6293.252,0.25789
6291.324,0.25774
6289.395,0.25760
6287.466,0.25749
6285.538,0.25740
6283.609,0.25737
6281.680,0.25740
6279.752,0.25739
6277.823,0.25728
6275.894,0.25712
6273.966,0.25700
6272.037,0.25694
6270.108,0.25687
6268.180,0.25670
6266.251,0.25647
6264.322,0.25628
6262.394,0.25616
6260.465,0.25610
6258.536,0.25604
6256.608,0.25594
6254.679,0.25588
6252.750,0.25580
6250.822,0.25567
6248.893,0.25556
6246.964,0.25547
6245.036,0.25538
6243.107,0.25533
6241.178,0.25522
6239.250,0.25500
6237.321,0.25487
6235.392,0.25484
6233.464,0.25472
6231.535,0.25455
6229.606,0.25442
6227.678,0.25434
6225.749,0.25425
6223.820,0.25413
6221.892,0.25397
6219.963,0.25382
6218.034,0.25372
6216.106,0.25364
6214.177,0.25358
6212.248,0.25351
6210.320,0.25346
6208.391,0.25340
6206.462,0.25330
6204.533,0.25316
6202.605,0.25300
6200.676,0.25289
6198.747,0.25289
6196.819,0.25286
6194.890,0.25275
6192.961,0.25262
6191.033,0.25252
6189.104,0.25248
6187.175,0.25248
6185.247,0.25245
6183.318,0.25239
6181.389,0.25232
6179.461,0.25224
6177.532,0.25219
6175.603,0.25214
6173.675,0.25212
6171.746,0.25218
6169.817,0.25228
6167.889,0.25235
6165.960,0.25242
6164.031,0.25255
6162.103,0.25280
6160.174,0.25323
6158.245,0.25386
6156.317,0.25462
6154.388,0.25542
6152.459,0.25605
6150.531,0.25618
6148.602,0.25574
6146.673,0.25500
6144.745,0.25423
6142.816,0.25360
6140.887,0.25320
6138.959,0.25305
6137.030,0.25321
6135.101,0.25365
6133.173,0.25417
6131.244,0.25431
6129.315,0.25387
6127.387,0.25307
6125.458,0.25223
6123.529,0.25153
6121.601,0.25099
6119.672,0.25053
6117.743,0.25010
6115.815,0.24973
6113.886,0.24941
6111.957,0.24915
6110.029,0.24896
6108.100,0.24882
6106.171,0.24868
6104.243,0.24853
6102.314,0.24842
6100.385,0.24834
6098.457,0.24821
6096.528,0.24807
6094.599,0.24792
6092.671,0.24774
6090.742,0.24754
6088.813,0.24739
6086.885,0.24728
6084.956,0.24721
6083.027,0.24712
6081.099,0.24696
6079.170,0.24678
6077.241,0.24665
6075.313,0.24654
6073.384,0.24641
6071.455,0.24629
6069.527,0.24627
6067.598,0.24632
6065.669,0.24634
6063.741,0.24633
6061.812,0.24632
6059.883,0.24624
6057.955,0.24609
6056.026,0.24594
6054.097,0.24579
6052.169,0.24563
6050.240,0.24551
6048.311,0.24543
6046.383,0.24535
6044.454,0.24523
6042.525,0.24508
6040.596,0.24500
6038.668,0.24501
6036.739,0.24500
6034.810,0.24491
6032.882,0.24476
6030.953,0.24467
6029.024,0.24463
6027.096,0.24456
6025.167,0.24449
6023.238,0.24448
6021.310,0.24448
6019.381,0.24444
6017.452,0.24441
6015.524,0.24447
6013.595,0.24458
6011.666,0.24471
6009.738,0.24484
6007.809,0.24491
6005.880,0.24497
6003.952,0.24501
6002.023,0.24496
6000.094,0.24476
5998.166,0.24442
5996.237,0.24402
5994.308,0.24366
5992.380,0.24337
5990.451,0.24316
5988.522,0.24299
5986.594,0.24285
5984.665,0.24278
5982.736,0.24269
5980.808,0.24254
5978.879,0.24234
5976.950,0.24216
5975.022,0.24205
5973.093,0.24198
5971.164,0.24185
5969.236,0.24170
5967.307,0.24159
5965.378,0.24148
5963.450,0.24135
5961.521,0.24125
5959.592,0.24118
5957.664,0.24110
5955.735,0.24099
5953.806,0.24094
5951.878,0.24095
5949.949,0.24095
5948.020,0.24091
5946.092,0.24088
5944.163,0.24083
5942.234,0.24075
5940.306,0.24068
5938.377,0.24069
5936.448,0.24074
5934.520,0.24076
5932.591,0.24075
5930.662,0.24072
5928.734,0.24064
5926.805,0.24052
5924.876,0.24038
5922.948,0.24023
5921.019,0.24013
5919.090,0.24008
5917.162,0.24002
5915.233,0.23995
5913.304,0.23993
5911.376,0.23989
5909.447,0.23977
5907.518,0.23962
5905.590,0.23953
5903.661,0.23948
5901.732,0.23946
5899.804,0.23940
5897.875,0.23930
5895.946,0.23915
5894.018,0.23897
5892.089,0.23883
5890.160,0.23876
5888.232,0.23869
5886.303,0.23858
5884.374,0.23843
5882.445,0.23828
5880.517,0.23821
5878.588,0.23823
5876.659,0.23826
5874.731,0.23825
5872.802,0.23814
5870.873,0.23795
5868.945,0.23782
5867.016,0.23781
5865.087,0.23776
5863.159,0.23764
5861.230,0.23753
5859.301,0.23742
5857.373,0.23729
5855.444,0.23720
5853.515,0.23709
5851.587,0.23694
5849.658,0.23680
5847.729,0.23673
5845.801,0.23666
5843.872,0.23653
5841.943,0.23636
5840.015,0.23623
5838.086,0.23615
5836.157,0.23610
5834.229,0.23604
5832.300,0.23592
5830.371,0.23575
5828.443,0.23558
5826.514,0.23540
5824.585,0.23518
5822.657,0.23500
5820.728,0.23490
5818.799,0.23481
5816.871,0.23471
5814.942,0.23460
5813.013,0.23450
5811.085,0.23441
5809.156,0.23432
5807.227,0.23424
5805.299,0.23411
5803.370,0.23394
5801.441,0.23383
5799.513,0.23378
5797.584,0.23372
5795.655,0.23363
5793.727,0.23346
5791.798,0.23329
5789.869,0.23316
5787.941,0.23302
5786.012,0.23288
5784.083,0.23275
5782.155,0.23261
5780.226,0.23246
5778.297,0.23236
5776.369,0.23228
5774.440,0.23219
5772.511,0.23209
5770.583,0.23197
5768.654,0.23183
5766.725,0.23174
5764.797,0.23167
5762.868,0.23159
5760.939,0.23150
5759.011,0.23140
5757.082,0.23133
5755.153,0.23133
5753.225,0.23135
5751.296,0.23131
5749.367,0.23122
5747.439,0.23112
5745.510,0.23102
5743.581,0.23092
5741.653,0.23076
5739.724,0.23057
5737.795,0.23041
5735.867,0.23029
5733.938,0.23023
5732.009,0.23021
5730.081,0.23020
5728.152,0.23013
5726.223,0.23002
5724.295,0.22989
5722.366,0.22979
5720.437,0.22972
5718.508,0.22962
5716.580,0.22952
5714.651,0.22943
5712.722,0.22934
5710.794,0.22921
5708.865,0.22907
5706.936,0.22892
5705.008,0.22871
5703.079,0.22852
5701.150,0.22844
5699.222,0.22840
5697.293,0.22829
5695.364,0.22817
5693.436,0.22805
5691.507,0.22790
5689.578,0.22773
5687.650,0.22758
5685.721,0.22747
5683.792,0.22735
5681.864,0.22725
5679.935,0.22720
5678.006,0.22715
5676.078,0.22705
5674.149,0.22693
5672.220,0.22678
5670.292,0.22661
5668.363,0.22648
5666.434,0.22640
5664.506,0.22627
5662.577,0.22615
5660.648,0.22607
5658.720,0.22598
5656.791,0.22584
5654.862,0.22569
5652.934,0.22556
5651.005,0.22547
5649.076,0.22542
5647.148,0.22535
5645.219,0.22522
5643.290,0.22502
5641.362,0.22485
5639.433,0.22474
5637.504,0.22464
5635.576,0.22456
5633.647,0.22451
5631.718,0.22444
5629.790,0.22435
5627.861,0.22426
5625.932,0.22413
5624.004,0.22394
5622.075,0.22377
5620.146,0.22372
5618.218,0.22374
5616.289,0.22367
5614.360,0.22353
5612.432,0.22343
5610.503,0.22339
5608.574,0.22334
5606.646,0.22324
5604.717,0.22309
5602.788,0.22297
5600.860,0.22289
5598.931,0.22280
5597.002,0.22263
5595.074,0.22245
5593.145,0.22231
5591.216,0.22222
5589.288,0.22215
5587.359,0.22206
5585.430,0.22193
5583.502,0.22182
5581.573,0.22176
5579.644,0.22167
5577.716,0.22155
5575.787,0.22145
5573.858,0.22137
5571.930,0.22127
5570.001,0.22114
5568.072,0.22107
5566.144,0.22103
5564.215,0.22097
5562.286,0.22088
5560.357,0.22076
5558.429,0.22065
5556.500,0.22052
5554.571,0.22036
5552.643,0.22022
5550.714,0.22013
5548.785,0.22005
5546.857,0.21996
5544.928,0.21991
5542.999,0.21991
5541.071,0.21985
5539.142,0.21969
5537.213,0.21951
5535.285,0.21938
5533.356,0.21932
5531.427,0.21925
5529.499,0.21912
5527.570,0.21899
5525.641,0.21892
5523.713,0.21885
5521.784,0.21874
5519.855,0.21862
5517.927,0.21855
5515.998,0.21850
5514.069,0.21839
5512.141,0.21824
5510.212,0.21816
5508.283,0.21817
5506.355,0.21815
5504.426,0.21803
5502.497,0.21787
5500.569,0.21776
5498.640,0.21771
5496.711,0.21770
5494.783,0.21766
5492.854,0.21759
5490.925,0.21749
5488.997,0.21735
5487.068,0.21717
5485.139,0.21702
5483.211,0.21693
5481.282,0.21684
5479.353,0.21675
5477.425,0.21667
5475.496,0.21656
5473.567,0.21644
5471.639,0.21633
5469.710,0.21620
5467.781,0.21607
5465.853,0.21596
5463.924,0.21587
5461.995,0.21580
5460.067,0.21573
5458.138,0.21563
5456.209,0.21553
5454.281,0.21545
5452.352,0.21536
5450.423,0.21529
5448.495,0.21522
5446.566,0.21509
5444.637,0.21494
5442.709,0.21483
5440.780,0.21477
5438.851,0.21468
5436.923,0.21456
5434.994,0.21446
5433.065,0.21434
5431.137,0.21423
5429.208,0.21412
5427.279,0.21401
5425.351,0.21393
5423.422,0.21389
5421.493,0.21383
5419.565,0.21374
5417.636,0.21363
5415.707,0.21353
5413.779,0.21342
5411.850,0.21330
5409.921,0.21323
5407.993,0.21319
5406.064,0.21312
5404.135,0.21297
5402.207,0.21281
5400.278,0.21270
5398.349,0.21264
5396.420,0.21260
5394.492,0.21254
5392.563,0.21246
5390.634,0.21238
5388.706,0.21232
5386.777,0.21222
5384.848,0.21209
5382.920,0.21196
5380.991,0.21189
5379.062,0.21187
5377.134,0.21178
5375.205,0.21163
5373.276,0.21152
5371.348,0.21144
5369.419,0.21135
5367.490,0.21124
5365.562,0.21114
5363.633,0.21107
5361.704,0.21097
5359.776,0.21084
5357.847,0.21073
5355.918,0.21065
5353.990,0.21058
5352.061,0.21048
5350.132,0.21037
5348.204,0.21027
5346.275,0.21019
5344.346,0.21011
5342.418,0.21001
5340.489,0.20991
5338.560,0.20984
5336.632,0.20980
5334.703,0.20975
5332.774,0.20964
5330.846,0.20953
5328.917,0.20941
5326.988,0.20928
5325.060,0.20920
5323.131,0.20917
5321.202,0.20908
5319.274,0.20889
5317.345,0.20874
5315.416,0.20869
5313.488,0.20865
5311.559,0.20855
5309.630,0.20845
5307.702,0.20836
5305.773,0.20828
5303.844,0.20817
5301.916,0.20804
5299.987,0.20792
5298.058,0.20786
5296.130,0.20783
5294.201,0.20777
5292.272,0.20768
5290.344,0.20757
5288.415,0.20743
5286.486,0.20730
5284.558,0.20717
5282.629,0.20704
5280.700,0.20700
5278.772,0.20698
5276.843,0.20690
5274.914,0.20678
5272.986,0.20668
5271.057,0.20659
5269.128,0.20649
5267.200,0.20635
5265.271,0.20621
5263.342,0.20610
5261.414,0.20603
5259.485,0.20597
5257.556,0.20589
5255.628,0.20582
5253.699,0.20576
5251.770,0.20567
5249.842,0.20555
5247.913,0.20544
5245.984,0.20536
5244.056,0.20531
5242.127,0.20526
5240.198,0.20519
5238.269,0.20512
5236.341,0.20502
5234.412,0.20489
5232.483,0.20476
5230.555,0.20469
5228.626,0.20465
5226.697,0.20458
5224.769,0.20449
5222.840,0.20439
5220.911,0.20428
5218.983,0.20416
5217.054,0.20401
5215.125,0.20387
5213.197,0.20381
5211.268,0.20377
5209.339,0.20371
5207.411,0.20365
5205.482,0.20361
5203.553,0.20352
5201.625,0.20335
5199.696,0.20317
5197.767,0.20310
5195.839,0.20308
5193.910,0.20301
5191.981,0.20292
5190.053,0.20284
5188.124,0.20277
5186.195,0.20270
5184.267,0.20259
5182.338,0.20245
5180.409,0.20236
5178.481,0.20231
5176.552,0.20224
5174.623,0.20212
5172.695,0.20202
5170.766,0.20199
5168.837,0.20195
5166.909,0.20185
5164.980,0.20170
5163.051,0.20155
5161.123,0.20143
5159.194,0.20134
5157.265,0.20127
5155.337,0.20123
5153.408,0.20118
5151.479,0.20108
5149.551,0.20093
5147.622,0.20080
5145.693,0.20072
5143.765,0.20065
5141.836,0.20059
5139.907,0.20053
5137.979,0.20044
5136.050,0.20036
5134.121,0.20028
5132.193,0.20014
5130.264,0.19999
5128.335,0.19985
5126.407,0.19974
5124.478,0.19968
5122.549,0.19967
5120.621,0.19963
5118.692,0.19953
5116.763,0.19939
5114.835,0.19927
5112.906,0.19920
5110.977,0.19915
5109.049,0.19905
5107.120,0.19893
5105.191,0.19887
5103.263,0.19881
5101.334,0.19868
5099.405,0.19854
5097.477,0.19845
5095.548,0.19842
5093.619,0.19837
5091.691,0.19827
5089.762,0.19815
5087.833,0.19807
5085.905,0.19802
5083.976,0.19792
5082.047,0.19778
5080.119,0.19769
5078.190,0.19762
5076.261,0.19754
5074.332,0.19744
5072.404,0.19732
5070.475,0.19724
5068.546,0.19723
5066.618,0.19716
5064.689,0.19701
5062.760,0.19685
5060.832,0.19676
5058.903,0.19669
5056.974,0.19659
5055.046,0.19650
5053.117,0.19643
5051.188,0.19634
5049.260,0.19620
5047.331,0.19607
5045.402,0.19596
5043.474,0.19585
5041.545,0.19576
5039.616,0.19570
5037.688,0.19567
5035.759,0.19564
5033.830,0.19553
5031.902,0.19539
5029.973,0.19530
5028.044,0.19524
5026.116,0.19516
5024.187,0.19505
5022.258,0.19492
5020.330,0.19481
5018.401,0.19474
5016.472,0.19465
5014.544,0.19453
5012.615,0.19444
5010.686,0.19439
5008.758,0.19435
5006.829,0.19426
5004.900,0.19416
5002.972,0.19409
5001.043,0.19401
4999.114,0.19389
4997.186,0.19377
4995.257,0.19369
4993.328,0.19362
4991.400,0.19350
4989.471,0.19337
4987.542,0.19329
4985.614,0.19324
4983.685,0.19320
4981.756,0.19310
4979.828,0.19296
4977.899,0.19284
4975.970,0.19274
4974.042,0.19266
4972.113,0.19257
4970.184,0.19248
4968.256,0.19242
4966.327,0.19235
4964.398,0.19223
4962.470,0.19214
4960.541,0.19207
4958.612,0.19199
4956.684,0.19188
4954.755,0.19177
4952.826,0.19167
4950.898,0.19158
4948.969,0.19149
4947.040,0.19143
4945.112,0.19138
4943.183,0.19130
4941.254,0.19117
4939.326,0.19106
4937.397,0.19097
4935.468,0.19088
4933.540,0.19080
4931.611,0.19069
4929.682,0.19058
4927.754,0.19046
4925.825,0.19037
4923.896,0.19032
4921.968,0.19029
4920.039,0.19022
4918.110,0.19010
4916.181,0.18997
4914.253,0.18984
4912.324,0.18975
4910.395,0.18968
4908.467,0.18961
4906.538,0.18953
4904.609,0.18945
4902.681,0.18936
4900.752,0.18924
4898.823,0.18910
4896.895,0.18896
4894.966,0.18885
4893.037,0.18881
4891.109,0.18878
4889.180,0.18868
4887.251,0.18857
4885.323,0.18850
4883.394,0.18844
4881.465,0.18835
4879.537,0.18823
4877.608,0.18808
4875.679,0.18795
4873.751,0.18787
4871.822,0.18778
4869.893,0.18769
4867.965,0.18763
4866.036,0.18761
4864.107,0.18756
4862.179,0.18746
4860.250,0.18736
4858.321,0.18724
4856.393,0.18711
4854.464,0.18701
4852.535,0.18694
4850.607,0.18687
4848.678,0.18679
4846.749,0.18667
4844.821,0.18656
4842.892,0.18650
4840.963,0.18644
4839.035,0.18633
4837.106,0.18622
4835.177,0.18614
4833.249,0.18602
4831.320,0.18589
4829.391,0.18582
4827.463,0.18581
4825.534,0.18576
4823.605,0.18567
4821.677,0.18555
4819.748,0.18544
4817.819,0.18535
4815.891,0.18525
4813.962,0.18514
4812.033,0.18504
4810.105,0.18497
4808.176,0.18487
4806.247,0.18475
4804.319,0.18464
4802.390,0.18457
4800.461,0.18450
4798.533,0.18440
4796.604,0.18427
4794.675,0.18416
4792.747,0.18407
4790.818,0.18400
4788.889,0.18392
4786.961,0.18384
4785.032,0.18374
4783.103,0.18367
4781.175,0.18360
4779.246,0.18353
4777.317,0.18344
4775.389,0.18336
4773.460,0.18326
4771.531,0.18315
4769.603,0.18309
4767.674,0.18304
4765.745,0.18296
4763.817,0.18285
4761.888,0.18276
4759.959,0.18270
4758.031,0.18262
4756.102,0.18251
4754.173,0.18244
4752.244,0.18241
4750.316,0.18234
4748.387,0.18223
4746.458,0.18212
4744.530,0.18203
4742.601,0.18197
4740.672,0.18189
4738.744,0.18174
4736.815,0.18161
4734.886,0.18152
4732.958,0.18143
4731.029,0.18132
4729.100,0.18120
4727.172,0.18110
4725.243,0.18103
4723.314,0.18095
4721.386,0.18084
4719.457,0.18077
4717.528,0.18073
4715.600,0.18065
4713.671,0.18053
4711.742,0.18043
4709.814,0.18040
4707.885,0.18037
4705.956,0.18029
4704.028,0.18022
4702.099,0.18016
4700.170,0.18005
4698.242,0.17993
4696.313,0.17985
4694.384,0.17981
4692.456,0.17976
4690.527,0.17966
4688.598,0.17955
4686.670,0.17949
4684.741,0.17948
4682.812,0.17942
4680.884,0.17930
4678.955,0.17918
4677.026,0.17910
4675.098,0.17906
4673.169,0.17898
4671.240,0.17887
4669.312,0.17879
4667.383,0.17873
4665.454,0.17864
4663.526,0.17847
4661.597,0.17831
4659.668,0.17822
4657.740,0.17816
4655.811,0.17809
4653.882,0.17803
4651.954,0.17798
4650.025,0.17793
4648.096,0.17784
4646.168,0.17770
4644.239,0.17759
4642.310,0.17751
4640.382,0.17741
4638.453,0.17729
4636.524,0.17719
4634.596,0.17711
4632.667,0.17703
4630.738,0.17693
4628.810,0.17684
4626.881,0.17675
4624.952,0.17666
4623.024,0.17657
4621.095,0.17649
4619.166,0.17641
4617.238,0.17634
4615.309,0.17626
4613.380,0.17616
4611.452,0.17606
4609.523,0.17600
4607.594,0.17596
4605.666,0.17591
4603.737,0.17581
4601.808,0.17568
4599.880,0.17559
4597.951,0.17553
4596.022,0.17545
4594.093,0.17535
4592.165,0.17527
4590.236,0.17517
4588.307,0.17503
4586.379,0.17492
4584.450,0.17489
4582.521,0.17488
4580.593,0.17482
4578.664,0.17472
4576.735,0.17464
4574.807,0.17458
4572.878,0.17451
4570.949,0.17440
4569.021,0.17429
4567.092,0.17420
4565.163,0.17413
4563.235,0.17406
4561.306,0.17398
4559.377,0.17389
4557.449,0.17381
4555.520,0.17372
4553.591,0.17363
4551.663,0.17357
4549.734,0.17354
4547.805,0.17347
4545.877,0.17337
4543.948,0.17326
4542.019,0.17318
4540.091,0.17314
4538.162,0.17311
4536.233,0.17307
4534.305,0.17303
4532.376,0.17301
4530.447,0.17296
4528.519,0.17286
4526.590,0.17277
4524.661,0.17272
4522.733,0.17267
4520.804,0.17259
4518.875,0.17251
4516.947,0.17247
4515.018,0.17245
4513.089,0.17238
4511.161,0.17227
4509.232,0.17221
4507.303,0.17221
4505.375,0.17223
4503.446,0.17229
4501.517,0.17241
4499.589,0.17258
4497.660,0.17282
4495.731,0.17315
4493.803,0.17350
4491.874,0.17372
4489.945,0.17370
4488.017,0.17350
4486.088,0.17328
4484.159,0.17314
4482.231,0.17304
4480.302,0.17283
4478.373,0.17246
4476.445,0.17204
4474.516,0.17174
4472.587,0.17157
4470.659,0.17146
4468.730,0.17136
4466.801,0.17133
4464.873,0.17141
4462.944,0.17152
4461.015,0.17158
4459.087,0.17158
4457.158,0.17156
4455.229,0.17153
4453.301,0.17145
4451.372,0.17131
4449.443,0.17115
4447.515,0.17096
4445.586,0.17074
4443.657,0.17049
4441.729,0.17030
4439.800,0.17017
4437.871,0.17004
4435.943,0.16991
4434.014,0.16984
4432.085,0.16985
4430.156,0.16992
4428.228,0.17004
4426.299,0.17018
4424.370,0.17032
4422.442,0.17048
4420.513,0.17068
4418.584,0.17090
4416.656,0.17112
4414.727,0.17128
4412.798,0.17132
4410.870,0.17123
4408.941,0.17116
4407.012,0.17119
4405.084,0.17124
4403.155,0.17124
4401.226,0.17120
4399.298,0.17109
4397.369,0.17088
4395.440,0.17058
4393.512,0.17029
4391.583,0.17010
4389.654,0.17000
4387.726,0.16993
4385.797,0.16988
4383.868,0.16986
4381.940,0.16990
4380.011,0.16994
4378.082,0.16983
4376.154,0.16955
4374.225,0.16920
4372.296,0.16883
4370.368,0.16845
4368.439,0.16807
4366.510,0.16776
4364.582,0.16754
4362.653,0.16739
4360.724,0.16724
4358.796,0.16713
4356.867,0.16706
4354.938,0.16703
4353.010,0.16706
4351.081,0.16715
4349.152,0.16732
4347.224,0.16757
4345.295,0.16784
4343.366,0.16804
4341.438,0.16815
4339.509,0.16825
4337.580,0.16829
4335.652,0.16822
4333.723,0.16804
4331.794,0.16785
4329.866,0.16768
4327.937,0.16754
4326.008,0.16748
4324.080,0.16763
4322.151,0.16797
4320.222,0.16832
4318.294,0.16845
4316.365,0.16831
4314.436,0.16809
4312.508,0.16798
4310.579,0.16790
4308.650,0.16771
4306.722,0.16738
4304.793,0.16700
4302.864,0.16665
4300.936,0.16638
4299.007,0.16621
4297.078,0.16613
4295.150,0.16613
4293.221,0.16620
4291.292,0.16626
4289.364,0.16624
4287.435,0.16616
4285.506,0.16604
4283.578,0.16586
4281.649,0.16565
4279.720,0.16543
4277.792,0.16517
4275.863,0.16485
4273.934,0.16451
4272.005,0.16417
4270.077,0.16387
4268.148,0.16359
4266.219,0.16333
4264.291,0.16312
4262.362,0.16296
4260.433,0.16278
4258.505,0.16258
4256.576,0.16241
4254.647,0.16228
4252.719,0.16217
4250.790,0.16200
4248.861,0.16180
4246.933,0.16162
4245.004,0.16149
4243.075,0.16140
4241.147,0.16128
4239.218,0.16115
4237.289,0.16104
4235.361,0.16095
4233.432,0.16087
4231.503,0.16080
4229.575,0.16075
4227.646,0.16071
4225.717,0.16067
4223.789,0.16060
4221.860,0.16055
4219.931,0.16058
4218.003,0.16060
4216.074,0.16057
4214.145,0.16049
4212.217,0.16043
4210.288,0.16039
4208.359,0.16033
4206.431,0.16023
4204.502,0.16017
4202.573,0.16014
4200.645,0.16007
4198.716,0.15994
4196.787,0.15981
4194.859,0.15971
4192.930,0.15959
4191.001,0.15946
4189.073,0.15931
4187.144,0.15916
4185.215,0.15904
4183.287,0.15888
4181.358,0.15869
4179.429,0.15852
4177.501,0.15843
4175.572,0.15837
4173.643,0.15825
4171.715,0.15810
4169.786,0.15797
4167.857,0.15786
4165.929,0.15774
4164.000,0.15761
4162.071,0.15752
4160.143,0.15746
4158.214,0.15736
4156.285,0.15721
4154.357,0.15706
4152.428,0.15697
4150.499,0.15693
4148.571,0.15686
4146.642,0.15673
4144.713,0.15662
4142.785,0.15656
4140.856,0.15651
4138.927,0.15640
4136.999,0.15629
4135.070,0.15622
4133.141,0.15617
4131.213,0.15609
4129.284,0.15600
4127.355,0.15596
4125.427,0.15594
4123.498,0.15587
4121.569,0.15578
4119.641,0.15573
4117.712,0.15572
4115.783,0.15571
4113.855,0.15567
4111.926,0.15568
4109.997,0.15577
4108.068,0.15585
4106.140,0.15586
4104.211,0.15581
4102.282,0.15575
4100.354,0.15571
4098.425,0.15565
4096.496,0.15557
4094.568,0.15549
4092.639,0.15544
4090.710,0.15537
4088.782,0.15523
4086.853,0.15506
4084.924,0.15491
4082.996,0.15477
4081.067,0.15460
4079.138,0.15443
4077.210,0.15429
4075.281,0.15416
4073.352,0.15401
4071.424,0.15384
4069.495,0.15368
4067.566,0.15355
4065.638,0.15341
4063.709,0.15325
4061.780,0.15310
4059.852,0.15299
4057.923,0.15291
4055.994,0.15280
4054.066,0.15266
4052.137,0.15253
4050.208,0.15246
4048.280,0.15241
4046.351,0.15235
4044.422,0.15228
4042.494,0.15224
4040.565,0.15222
4038.636,0.15217
4036.708,0.15209
4034.779,0.15202
4032.850,0.15200
4030.922,0.15198
4028.993,0.15197
4027.064,0.15199
4025.136,0.15204
4023.207,0.15208
4021.278,0.15204
4019.350,0.15193
4017.421,0.15181
4015.492,0.15173
4013.564,0.15167
4011.635,0.15159
4009.706,0.15151
4007.778,0.15145
4005.849,0.15136
4003.920,0.15125
4001.992,0.15115
4000.063,0.15112
3998.134,0.15111
3996.206,0.15106
3994.277,0.15101
3992.348,0.15099
3990.420,0.15097
3988.491,0.15086
3986.562,0.15067
3984.634,0.15050
3982.705,0.15039
3980.776,0.15025
3978.848,0.15003
3976.919,0.14982
3974.990,0.14966
3973.062,0.14952
3971.133,0.14934
3969.204,0.14915
3967.276,0.14903
3965.347,0.14897
3963.418,0.14889
3961.490,0.14878
3959.561,0.14869
3957.632,0.14864
3955.704,0.14859
3953.775,0.14847
3951.846,0.14834
3949.917,0.14825
3947.989,0.14817
3946.060,0.14804
3944.131,0.14786
3942.203,0.14775
3940.274,0.14772
3938.345,0.14766
3936.417,0.14754
3934.488,0.14747
3932.559,0.14748
3930.631,0.14746
3928.702,0.14735
3926.773,0.14723
3924.845,0.14717
3922.916,0.14716
3920.987,0.14713
3919.059,0.14701
3917.130,0.14685
3915.201,0.14673
3913.273,0.14663
3911.344,0.14650
3909.415,0.14634
3907.487,0.14623
3905.558,0.14616
3903.629,0.14606
3901.701,0.14592
3899.772,0.14581
3897.843,0.14573
3895.915,0.14566
3893.986,0.14554
3892.057,0.14543
3890.129,0.14537
3888.200,0.14532
3886.271,0.14524
3884.343,0.14512
3882.414,0.14506
3880.485,0.14501
3878.557,0.14488
3876.628,0.14473
3874.699,0.14464
3872.771,0.14460
3870.842,0.14453
3868.913,0.14440
3866.985,0.14428
3865.056,0.14425
3863.127,0.14424
3861.199,0.14414
3859.270,0.14400
3857.341,0.14393
3855.413,0.14392
3853.484,0.14382
3851.555,0.14364
3849.627,0.14347
3847.698,0.14337
3845.769,0.14327
3843.841,0.14315
3841.912,0.14306
3839.983,0.14304
3838.055,0.14302
3836.126,0.14296
3834.197,0.14287
3832.269,0.14282
3830.340,0.14279
3828.411,0.14269
3826.483,0.14252
3824.554,0.14240
3822.625,0.14234
3820.697,0.14228
3818.768,0.14217
3816.839,0.14204
3814.911,0.14197
3812.982,0.14194
3811.053,0.14188
3809.125,0.14176
3807.196,0.14164
3805.267,0.14159
3803.339,0.14156
3801.410,0.14145
3799.481,0.14131
3797.553,0.14125
3795.624,0.14123
3793.695,0.14114
3791.767,0.14102
3789.838,0.14095
3787.909,0.14091
3785.980,0.14080
3784.052,0.14062
3782.123,0.14049
3780.194,0.14044
3778.266,0.14037
3776.337,0.14022
3774.408,0.14008
3772.480,0.14003
3770.551,0.14004
3768.622,0.14000
3766.694,0.13991
3764.765,0.13984
3762.836,0.13980
3760.908,0.13973
3758.979,0.13960
3757.050,0.13950
3755.122,0.13950
3753.193,0.13953
3751.264,0.13946
3749.336,0.13934
3747.407,0.13926
3745.478,0.13924
3743.550,0.13917
3741.621,0.13902
3739.692,0.13892
3737.764,0.13891
3735.835,0.13888
3733.906,0.13878
3731.978,0.13866
3730.049,0.13858
3728.120,0.13852
3726.192,0.13842
3724.263,0.13831
3722.334,0.13825
3720.406,0.13823
3718.477,0.13819
3716.548,0.13811
3714.620,0.13806
3712.691,0.13805
3710.762,0.13802
3708.834,0.13791
3706.905,0.13783
3704.976,0.13783
3703.048,0.13787
3701.119,0.13783
3699.190,0.13773
3697.262,0.13765
3695.333,0.13765
3693.404,0.13765
3691.476,0.13761
3689.547,0.13757
3687.618,0.13758
3685.690,0.13762
3683.761,0.13763
3681.832,0.13763
3679.904,0.13767
3677.975,0.13775
3676.046,0.13777
3674.118,0.13771
3672.189,0.13769
3670.260,0.13772
3668.332,0.13773
3666.403,0.13766
3664.474,0.13759
3662.546,0.13759
3660.617,0.13763
3658.688,0.13762
3656.760,0.13757
3654.831,0.13758
3652.902,0.13766
3650.974,0.13773
3649.045,0.13770
3647.116,0.13764
3645.188,0.13765
3643.259,0.13771
3641.330,0.13774
3639.402,0.13775
3637.473,0.13782
3635.544,0.13792
3633.616,0.13800
3631.687,0.13805
3629.758,0.13810
3627.830,0.13821
3625.901,0.13833
3623.972,0.13839
3622.043,0.13844
3620.115,0.13857
3618.186,0.13872
3616.257,0.13882
3614.329,0.13889
3612.400,0.13901
3610.471,0.13917
3608.543,0.13930
3606.614,0.13937
3604.685,0.13945
3602.757,0.13960
3600.828,0.13978
3598.899,0.13992
3596.971,0.14002
3595.042,0.14013
3593.113,0.14026
3591.185,0.14038
3589.256,0.14047
3587.327,0.14057
3585.399,0.14072
3583.470,0.14089
3581.541,0.14099
3579.613,0.14106
3577.684,0.14114
3575.755,0.14125
3573.827,0.14135
3571.898,0.14144
3569.969,0.14157
3568.041,0.14175
3566.112,0.14191
3564.183,0.14201
3562.255,0.14207
3560.326,0.14215
3558.397,0.14227
3556.469,0.14237
3554.540,0.14247
3552.611,0.14262
3550.683,0.14278
3548.754,0.14290
3546.825,0.14296
3544.897,0.14305
3542.968,0.14320
3541.039,0.14334
3539.111,0.14344
3537.182,0.14353
3535.253,0.14366
3533.325,0.14377
3531.396,0.14383
3529.467,0.14383
3527.539,0.14384
3525.610,0.14390
3523.681,0.14395
3521.753,0.14397
3519.824,0.14402
3517.895,0.14413
3515.967,0.14425
3514.038,0.14431
3512.109,0.14433
3510.181,0.14440
3508.252,0.14449
3506.323,0.14456
3504.395,0.14460
3502.466,0.14464
3500.537,0.14470
3498.609,0.14476
3496.680,0.14481
3494.751,0.14488
3492.823,0.14499
3490.894,0.14510
3488.965,0.14519
3487.037,0.14526
3485.108,0.14532
3483.179,0.14539
3481.251,0.14545
3479.322,0.14549
3477.393,0.14557
3475.465,0.14571
3473.536,0.14582
3471.607,0.14591
3469.679,0.14601
3467.750,0.14617
3465.821,0.14636
3463.892,0.14650
3461.964,0.14657
3460.035,0.14661
3458.106,0.14663
3456.178,0.14666
3454.249,0.14668
3452.320,0.14671
3450.392,0.14675
3448.463,0.14678
3446.534,0.14678
3444.606,0.14674
3442.677,0.14670
3440.748,0.14668
3438.820,0.14663
3436.891,0.14659
3434.962,0.14654
3433.034,0.14649
3431.105,0.14641
3429.176,0.14632
3427.248,0.14626
3425.319,0.14624
3423.390,0.14623
3421.462,0.14620
3419.533,0.14615
3417.604,0.14609
3415.676,0.14603
3413.747,0.14593
3411.818,0.14574
3409.890,0.14550
3407.961,0.14525
3406.032,0.14502
3404.104,0.14477
3402.175,0.14451
3400.246,0.14427
3398.318,0.14405
3396.389,0.14384
3394.460,0.14367
3392.532,0.14350
3390.603,0.14331
3388.674,0.14311
3386.746,0.14290
3384.817,0.14269
3382.888,0.14250
3380.960,0.14234
3379.031,0.14217
3377.102,0.14197
3375.174,0.14171
3373.245,0.14143
3371.316,0.14117
3369.388,0.14093
3367.459,0.14069
3365.530,0.14044
3363.602,0.14020
3361.673,0.13997
3359.744,0.13974
3357.816,0.13949
3355.887,0.13925
3353.958,0.13903
3352.030,0.13884
3350.101,0.13864
3348.172,0.13840
3346.244,0.13814
3344.315,0.13788
3342.386,0.13762
3340.458,0.13734
3338.529,0.13710
3336.600,0.13689
3334.672,0.13670
3332.743,0.13652
3330.814,0.13634
3328.886,0.13616
3326.957,0.13600
3325.028,0.13586
3323.100,0.13574
3321.171,0.13561
3319.242,0.13549
3317.314,0.13536
3315.385,0.13521
3313.456,0.13505
3311.528,0.13489
3309.599,0.13475
3307.670,0.13459
3305.742,0.13443
3303.813,0.13432
3301.884,0.13426
3299.955,0.13419
3298.027,0.13407
3296.098,0.13392
3294.169,0.13382
3292.241,0.13377
3290.312,0.13369
3288.383,0.13355
3286.455,0.13343
3284.526,0.13336
3282.597,0.13328
3280.669,0.13318
3278.740,0.13309
3276.811,0.13301
3274.883,0.13293
3272.954,0.13283
3271.025,0.13274
3269.097,0.13267
3267.168,0.13261
3265.239,0.13252
3263.311,0.13237
3261.382,0.13221
3259.453,0.13209
3257.525,0.13199
3255.596,0.13186
3253.667,0.13170
3251.739,0.13156
3249.810,0.13143
3247.881,0.13125
3245.953,0.13105
3244.024,0.13086
3242.095,0.13069
3240.167,0.13052
3238.238,0.13030
3236.309,0.13004
3234.381,0.12982
3232.452,0.12964
3230.523,0.12945
3228.595,0.12923
3226.666,0.12903
3224.737,0.12885
3222.809,0.12861
3220.880,0.12834
3218.951,0.12813
3217.023,0.12797
3215.094,0.12776
3213.165,0.12747
3211.237,0.12718
3209.308,0.12696
3207.379,0.12676
3205.451,0.12651
3203.522,0.12621
3201.593,0.12595
3199.665,0.12575
3197.736,0.12557
3195.807,0.12542
3193.879,0.12531
3191.950,0.12525
3190.021,0.12521
3188.093,0.12514
3186.164,0.12509
3184.235,0.12512
3182.307,0.12516
3180.378,0.12511
3178.449,0.12498
3176.521,0.12488
3174.592,0.12484
3172.663,0.12481
3170.735,0.12473
3168.806,0.12464
3166.877,0.12461
3164.949,0.12458
3163.020,0.12449
3161.091,0.12436
3159.163,0.12428
3157.234,0.12423
3155.305,0.12412
3153.377,0.12393
3151.448,0.12377
3149.519,0.12368
3147.591,0.12366
3145.662,0.12364
3143.733,0.12367
3141.804,0.12381
3139.876,0.12400
3137.947,0.12414
3136.018,0.12418
3134.090,0.12419
3132.161,0.12418
3130.232,0.12408
3128.304,0.12387
3126.375,0.12368
3124.446,0.12359
3122.518,0.12358
3120.589,0.12360
3118.660,0.12364
3116.732,0.12383
3114.803,0.12416
3112.874,0.12452
3110.946,0.12484
3109.017,0.12517
3107.088,0.12553
3105.160,0.12582
3103.231,0.12600
3101.302,0.12623
3099.374,0.12666
3097.445,0.12723
3095.516,0.12785
3093.588,0.12865
3091.659,0.12981
3089.730,0.13159
3087.802,0.13432
3085.873,0.13875
3083.944,0.14646
3082.016,0.16048
3080.087,0.18559
3078.158,0.22248
3076.230,0.25525
3074.301,0.25854
3072.372,0.23537
3070.444,0.21721
3068.515,0.22199
3066.586,0.23518
3064.658,0.22867
3062.729,0.20052
3060.800,0.17152
3058.872,0.15264
3056.943,0.14201
3055.014,0.13546
3053.086,0.13073
3051.157,0.12729
3049.228,0.12502
3047.300,0.12357
3045.371,0.12250
3043.442,0.12158
3041.514,0.12080
3039.585,0.12019
3037.656,0.11968
3035.728,0.11918
3033.799,0.11877
3031.870,0.11855
3029.942,0.11852
3028.013,0.11854
3026.084,0.11861
3024.156,0.11888
3022.227,0.11932
3020.298,0.11984
3018.370,0.12045
3016.441,0.12135
3014.512,0.12273
3012.584,0.12466
3010.655,0.12728
3008.726,0.13110
3006.798,0.13674
3004.869,0.14378
3002.940,0.14977
3001.012,0.15159
2999.083,0.14866
2997.154,0.14341
2995.226,0.13844
2993.297,0.13477
2991.368,0.13236
2989.440,0.13094
2987.511,0.13019
2985.582,0.12983
2983.654,0.12981
2981.725,0.13017
2979.796,0.13092
2977.867,0.13193
2975.939,0.13315
2974.010,0.13467
2972.081,0.13656
2970.153,0.13873
2968.224,0.14098
2966.295,0.14319
2964.367,0.14526
2962.438,0.14698
2960.509,0.14813
2958.581,0.14869
2956.652,0.14891
2954.723,0.14906
2952.795,0.14937
2950.866,0.14988
2948.937,0.15026
2947.009,0.15007
2945.080,0.14936
2943.151,0.14871
2941.223,0.14869
2939.294,0.14944
2937.365,0.15072
2935.437,0.15210
2933.508,0.15326
2931.579,0.15406
2929.651,0.15444
2927.722,0.15421
2925.793,0.15334
2923.865,0.15199
2921.936,0.15038
2920.007,0.14859
2918.079,0.14657
2916.150,0.14441
2914.221,0.14233
2912.293,0.14050
2910.364,0.13891
2908.435,0.13746
2906.507,0.13619
2904.578,0.13510
2902.649,0.13409
2900.721,0.13305
2898.792,0.13198
2896.863,0.13096
2894.935,0.12997
2893.006,0.12895
2891.077,0.12793
2889.149,0.12708
2887.220,0.12651
2885.291,0.12620
2883.363,0.12608
2881.434,0.12622
2879.505,0.12663
2877.577,0.12712
2875.648,0.12739
2873.719,0.12735
2871.791,0.12713
2869.862,0.12698
2867.933,0.12710
2866.005,0.12759
2864.076,0.12841
2862.147,0.12934
2860.219,0.12995
2858.290,0.12990
2856.361,0.12917
2854.433,0.12797
2852.504,0.12643
2850.575,0.12457
2848.647,0.12248
2846.718,0.12053
2844.789,0.11908
2842.861,0.11820
2840.932,0.11773
2839.003,0.11749
2837.075,0.11729
2835.146,0.11689
2833.217,0.11619
2831.289,0.11523
2829.360,0.11413
2827.431,0.11298
2825.503,0.11179
2823.574,0.11068
2821.645,0.10983
2819.716,0.10932
2817.788,0.10908
2815.859,0.10898
2813.930,0.10898
2812.002,0.10910
2810.073,0.10925
2808.144,0.10931
2806.216,0.10926
2804.287,0.10913
2802.358,0.10883
2800.430,0.10823
2798.501,0.10736
2796.572,0.10638
2794.644,0.10543
2792.715,0.10455
2790.786,0.10377
2788.858,0.10315
2786.929,0.10272
2785.000,0.10240
2783.072,0.10210
2781.143,0.10182
2779.214,0.10164
2777.286,0.10156
2775.357,0.10153
2773.428,0.10149
2771.500,0.10149
2769.571,0.10154
2767.642,0.10160
2765.714,0.10160
2763.785,0.10163
2761.856,0.10181
2759.928,0.10213
2757.999,0.10250
2756.070,0.10286
2754.142,0.10328
2752.213,0.10380
2750.284,0.10432
2748.356,0.10462
2746.427,0.10460
2744.498,0.10425
2742.570,0.10364
2740.641,0.10288
2738.712,0.10213
2736.784,0.10151
2734.855,0.10103
2732.926,0.10058
2730.998,0.10015
2729.069,0.09979
2727.140,0.09952
2725.212,0.09926
2723.283,0.09895
2721.354,0.09868
2719.426,0.09850
2717.497,0.09839
2715.568,0.09824
2713.640,0.09809
2711.711,0.09803
2709.782,0.09806
2707.854,0.09808
2705.925,0.09806
2703.996,0.09807
2702.068,0.09808
2700.139,0.09802
2698.210,0.09790
2696.282,0.09781
2694.353,0.09782
2692.424,0.09788
2690.496,0.09793
2688.567,0.09796
2686.638,0.09802
2684.710,0.09807
2682.781,0.09805
2680.852,0.09794
2678.924,0.09787
2676.995,0.09789
2675.066,0.09796
2673.138,0.09794
2671.209,0.09784
2669.280,0.09770
2667.352,0.09754
2665.423,0.09729
2663.494,0.09698
2661.566,0.09672
2659.637,0.09651
2657.708,0.09627
2655.779,0.09599
2653.851,0.09576
2651.922,0.09561
2649.993,0.09546
2648.065,0.09530
2646.136,0.09518
2644.207,0.09514
2642.279,0.09514
2640.350,0.09512
2638.421,0.09505
2636.493,0.09500
2634.564,0.09502
2632.635,0.09507
2630.707,0.09510
2628.778,0.09518
2626.849,0.09536
2624.921,0.09559
2622.992,0.09575
2621.063,0.09585
2619.135,0.09596
2617.206,0.09605
2615.277,0.09604
2613.349,0.09596
2611.420,0.09593
2609.491,0.09599
2607.563,0.09605
2605.634,0.09604
2603.705,0.09602
2601.777,0.09603
2599.848,0.09599
2597.919,0.09583
2595.991,0.09566
2594.062,0.09558
2592.133,0.09561
2590.205,0.09564
2588.276,0.09565
2586.347,0.09568
2584.419,0.09574
2582.490,0.09573
2580.561,0.09559
2578.633,0.09533
2576.704,0.09506
2574.775,0.09476
2572.847,0.09441
2570.918,0.09404
2568.989,0.09376
2567.061,0.09356
2565.132,0.09333
2563.203,0.09302
2561.275,0.09271
2559.346,0.09249
2557.417,0.09232
2555.489,0.09216
2553.560,0.09206
2551.631,0.09212
2549.703,0.09228
2547.774,0.09245
2545.845,0.09256
2543.917,0.09265
2541.988,0.09272
2540.059,0.09268
2538.131,0.09251
2536.202,0.09229
2534.273,0.09209
2532.345,0.09190
2530.416,0.09164
2528.487,0.09138
2526.559,0.09119
2524.630,0.09109
2522.701,0.09099
2520.773,0.09086
2518.844,0.09079
2516.915,0.09084
2514.987,0.09096
2513.058,0.09107
2511.129,0.09120
2509.201,0.09142
2507.272,0.09167
2505.343,0.09185
2503.415,0.09198
2501.486,0.09211
2499.557,0.09223
2497.628,0.09226
2495.700,0.09220
2493.771,0.09217
2491.842,0.09225
2489.914,0.09240
2487.985,0.09252
2486.056,0.09265
2484.128,0.09286
2482.199,0.09307
2480.270,0.09314
2478.342,0.09307
2476.413,0.09301
2474.484,0.09306
2472.556,0.09311
2470.627,0.09309
2468.698,0.09303
2466.770,0.09297
2464.841,0.09286
2462.912,0.09263
2460.984,0.09237
2459.055,0.09221
2457.126,0.09215
2455.198,0.09211
2453.269,0.09200
2451.340,0.09186
2449.412,0.09170
2447.483,0.09149
2445.554,0.09121
2443.626,0.09091
2441.697,0.09068
2439.768,0.09049
2437.840,0.09031
2435.911,0.09019
2433.982,0.09022
2432.054,0.09038
2430.125,0.09056
2428.196,0.09069
2426.268,0.09080
2424.339,0.09095
2422.410,0.09105
2420.482,0.09097
2418.553,0.09072
2416.624,0.09044
2414.696,0.09023
2412.767,0.09006
2410.838,0.08991
2408.910,0.08983
2406.981,0.08982
2405.052,0.08979
2403.124,0.08969
2401.195,0.08956
2399.266,0.08948
2397.338,0.08945
2395.409,0.08944
2393.480,0.08947
2391.552,0.08960
2389.623,0.08987
2387.694,0.09019
2385.766,0.09051
2383.837,0.09087
2381.908,0.09124
2379.980,0.09152
2378.051,0.09162
2376.122,0.09152
2374.194,0.09130
2372.265,0.09102
2370.336,0.09074
2368.408,0.09048
2366.479,0.09031
2364.550,0.09023
2362.622,0.09022
2360.693,0.09020
2358.764,0.09019
2356.836,0.09021
2354.907,0.09027
2352.978,0.09029
2351.050,0.09027
2349.121,0.09023
2347.192,0.09016
2345.264,0.09000
2343.335,0.08968
2341.406,0.08923
2339.478,0.08870
2337.549,0.08814
2335.620,0.08762
2333.691,0.08717
2331.763,0.08685
2329.834,0.08665
2327.905,0.08650
2325.977,0.08638
2324.048,0.08629
2322.119,0.08628
2320.191,0.08632
2318.262,0.08638
2316.333,0.08645
2314.405,0.08659
2312.476,0.08681
2310.547,0.08708
2308.619,0.08736
2306.690,0.08766
2304.761,0.08798
2302.833,0.08828
2300.904,0.08848
2298.975,0.08855
2297.047,0.08848
2295.118,0.08830
2293.189,0.08801
2291.261,0.08766
2289.332,0.08731
2287.403,0.08701
2285.475,0.08681
2283.546,0.08665
2281.617,0.08653
2279.689,0.08643
2277.760,0.08636
2275.831,0.08628
2273.903,0.08618
2271.974,0.08610
2270.045,0.08608
2268.117,0.08610
2266.188,0.08606
2264.259,0.08595
2262.331,0.08581
2260.402,0.08569
2258.473,0.08558
2256.545,0.08543
2254.616,0.08527
2252.687,0.08516
2250.759,0.08508
2248.830,0.08493
2246.901,0.08473
2244.973,0.08455
2243.044,0.08440
2241.115,0.08424
2239.187,0.08404
2237.258,0.08386
2235.329,0.08378
2233.401,0.08375
2231.472,0.08364
2229.543,0.08347
2227.615,0.08332
2225.686,0.08323
2223.757,0.08314
2221.829,0.08301
2219.900,0.08292
2217.971,0.08292
2216.043,0.08295
2214.114,0.08290
2212.185,0.08282
2210.257,0.08282
2208.328,0.08288
2206.399,0.08292
2204.471,0.08296
2202.542,0.08312
2200.613,0.08342
2198.685,0.08370
2196.756,0.08384
2194.827,0.08390
2192.899,0.08397
2190.970,0.08401
2189.041,0.08390
2187.113,0.08370
2185.184,0.08356
2183.255,0.08354
2181.327,0.08351
2179.398,0.08339
2177.469,0.08329
2175.540,0.08329
2173.612,0.08333
2171.683,0.08331
2169.754,0.08328
2167.826,0.08337
2165.897,0.08353
2163.968,0.08359
2162.040,0.08351
2160.111,0.08342
2158.182,0.08336
2156.254,0.08323
2154.325,0.08297
2152.396,0.08275
2150.468,0.08266
2148.539,0.08265
2146.610,0.08255
2144.682,0.08238
2142.753,0.08230
2140.824,0.08233
2138.896,0.08233
2136.967,0.08223
2135.038,0.08221
2133.110,0.08234
2131.181,0.08249
2129.252,0.08249
2127.324,0.08238
2125.395,0.08230
2123.466,0.08224
2121.538,0.08208
2119.609,0.08186
2117.680,0.08176
2115.752,0.08184
2113.823,0.08191
2111.894,0.08182
2109.966,0.08169
2108.037,0.08169
2106.108,0.08176
2104.180,0.08173
2102.251,0.08163
2100.322,0.08160
2098.394,0.08165
2096.465,0.08159
2094.536,0.08136
2092.608,0.08112
2090.679,0.08097
2088.750,0.08081
2086.822,0.08052
2084.893,0.08026
2082.964,0.08019
2081.036,0.08029
2079.107,0.08037
2077.178,0.08044
2075.250,0.08067
2073.321,0.08111
2071.392,0.08152
2069.464,0.08174
2067.535,0.08189
2065.606,0.08207
2063.678,0.08218
2061.749,0.08206
2059.820,0.08181
2057.892,0.08163
2055.963,0.08156
2054.034,0.08142
2052.106,0.08116
2050.177,0.08094
2048.248,0.08087
2046.320,0.08082
2044.391,0.08068
2042.462,0.08053
2040.534,0.08056
2038.605,0.08073
2036.676,0.08086
2034.748,0.08091
2032.819,0.08106
2030.890,0.08138
2028.962,0.08166
2027.033,0.08173
2025.104,0.08168
2023.176,0.08169
2021.247,0.08169
2019.318,0.08155
2017.390,0.08134
2015.461,0.08129
2013.532,0.08144
2011.603,0.08156
2009.675,0.08157
2007.746,0.08160
2005.817,0.08175
2003.889,0.08187
2001.960,0.08179
2000.031,0.08163
1998.103,0.08160
1996.174,0.08168
1994.245,0.08168
1992.317,0.08161
1990.388,0.08166
1988.459,0.08189
1986.531,0.08213
1984.602,0.08225
1982.673,0.08235
1980.745,0.08260
1978.816,0.08286
1976.887,0.08291
1974.959,0.08284
1973.030,0.08288
1971.101,0.08303
1969.173,0.08310
1967.244,0.08304
1965.315,0.08303
1963.387,0.08320
1961.458,0.08339
1959.529,0.08340
1957.601,0.08330
1955.672,0.08330
1953.743,0.08339
1951.815,0.08340
1949.886,0.08333
1947.957,0.08337
1946.029,0.08357
1944.100,0.08372
1942.171,0.08365
1940.243,0.08354
1938.314,0.08356
1936.385,0.08359
1934.457,0.08347
1932.528,0.08331
1930.599,0.08332
1928.671,0.08350
1926.742,0.08361
1924.813,0.08360
1922.885,0.08365
1920.956,0.08386
1919.027,0.08407
1917.099,0.08410
1915.170,0.08403
1913.241,0.08408
1911.313,0.08417
1909.384,0.08411
1907.455,0.08390
1905.527,0.08379
1903.598,0.08382
1901.669,0.08382
1899.741,0.08368
1897.812,0.08358
1895.883,0.08368
1893.955,0.08387
1892.026,0.08395
1890.097,0.08401
1888.169,0.08423
1886.240,0.08458
1884.311,0.08484
1882.383,0.08496
1880.454,0.08515
1878.525,0.08548
1876.597,0.08574
1874.668,0.08578
1872.739,0.08574
1870.811,0.08584
1868.882,0.08601
1866.953,0.08605
1865.025,0.08597
1863.096,0.08599
1861.167,0.08613
1859.239,0.08619
1857.310,0.08606
1855.381,0.08592
1853.452,0.08597
1851.524,0.08609
1849.595,0.08613
1847.666,0.08620
1845.738,0.08647
1843.809,0.08687
1841.880,0.08716
1839.952,0.08730
1838.023,0.08750
1836.094,0.08783
1834.166,0.08812
1832.237,0.08827
1830.308,0.08842
1828.380,0.08875
1826.451,0.08914
1824.522,0.08940
1822.594,0.08960
1820.665,0.08996
1818.736,0.09046
1816.808,0.09091
1814.879,0.09124
1812.950,0.09167
1811.022,0.09229
1809.093,0.09285
1807.164,0.09319
1805.236,0.09342
1803.307,0.09373
1801.378,0.09408
1799.450,0.09429
1797.521,0.09440
1795.592,0.09466
1793.664,0.09508
1791.735,0.09546
1789.806,0.09574
1787.878,0.09613
1785.949,0.09675
1784.020,0.09745
1782.092,0.09808
1780.163,0.09875
1778.234,0.09963
1776.306,0.10060
1774.377,0.10140
1772.448,0.10198
1770.520,0.10248
1768.591,0.10294
1766.662,0.10324
1764.734,0.10345
1762.805,0.10386
1760.876,0.10462
1758.948,0.10561
1757.019,0.10673
1755.090,0.10816
1753.162,0.11029
1751.233,0.11331
1749.304,0.11729
1747.376,0.12238
1745.447,0.12855
1743.518,0.13497
1741.590,0.14017
1739.661,0.14287
1737.732,0.14276
1735.804,0.14040
1733.875,0.13666
1731.946,0.13249
1730.018,0.12879
1728.089,0.12609
1726.160,0.12438
1724.232,0.12332
1722.303,0.12273
1720.374,0.12267
1718.446,0.12309
1716.517,0.12366
1714.588,0.12418
1712.660,0.12474
1710.731,0.12548
1708.802,0.12625
1706.874,0.12684
1704.945,0.12731
1703.016,0.12790
1701.088,0.12858
1699.159,0.12914
1697.230,0.12960
1695.302,0.13021
1693.373,0.13107
1691.444,0.13196
1689.515,0.13273
1687.587,0.13349
1685.658,0.13444
1683.729,0.13548
1681.801,0.13645
1679.872,0.13746
1677.943,0.13872
1676.015,0.14019
1674.086,0.14159
1672.157,0.14293
1670.229,0.14442
1668.300,0.14616
1666.371,0.14799
1664.443,0.14982
1662.514,0.15181
1660.585,0.15406
1658.657,0.15647
1656.728,0.15891
1654.799,0.16150
1652.871,0.16437
1650.942,0.16743
1649.013,0.17042
1647.085,0.17329
1645.156,0.17612
1643.227,0.17894
1641.299,0.18165
1639.370,0.18431
1637.441,0.18726
1635.513,0.19076
1633.584,0.19470
1631.655,0.19892
1629.727,0.20355
1627.798,0.20874
1625.869,0.21446
1623.941,0.22054
1622.012,0.22707
1620.083,0.23435
1618.155,0.24256
1616.226,0.25166
1614.297,0.26175
1612.369,0.27344
1610.440,0.28772
1608.511,0.30585
1606.583,0.32939
1604.654,0.35978
1602.725,0.39628
1600.797,0.43354
1598.868,0.46283
1596.939,0.48001
1595.011,0.48939
1593.082,0.49262
1591.153,0.48013
1589.225,0.44622
1587.296,0.40349
1585.367,0.36987
1583.439,0.35428
1581.510,0.35743
1579.581,0.37567
1577.653,0.40117
1575.724,0.42261
1573.795,0.42977
1571.867,0.41833
1569.938,0.39029
1568.009,0.35188
1566.081,0.31072
1564.152,0.27232
1562.223,0.23907
1560.295,0.21143
1558.366,0.18949
1556.437,0.17349
1554.509,0.16360
1552.580,0.15989
1550.651,0.16236
1548.723,0.17150
1546.794,0.18871
1544.865,0.21561
1542.937,0.25058
1541.008,0.28509
1539.079,0.30930
1537.151,0.32448
1535.222,0.33828
1533.293,0.34783
1531.364,0.34165
1529.436,0.31737
1527.507,0.28490
1525.578,0.25420
1523.650,0.22914
1521.721,0.20953
1519.792,0.19413
1517.864,0.18185
1515.935,0.17194
1514.006,0.16379
1512.078,0.15697
1510.149,0.15127
1508.220,0.14647
1506.292,0.14213
1504.363,0.13784
1502.434,0.13366
1500.506,0.13014
1498.577,0.12765
1496.648,0.12594
1494.720,0.12451
1492.791,0.12320
1490.862,0.12209
1488.934,0.12117
1487.005,0.12043
1485.076,0.12026
1483.148,0.12126
1481.219,0.12356
1479.290,0.12677
1477.362,0.13063
1475.433,0.13548
1473.504,0.14189
1471.576,0.15036
1469.647,0.16177
1467.718,0.17796
1465.790,0.20213
1463.861,0.23664
1461.932,0.27548
1460.004,0.29908
1458.075,0.28914
1456.146,0.25175
1454.218,0.20903
1452.289,0.17600
1450.360,0.15610
1448.432,0.14749
1446.503,0.14754
1444.574,0.15443
1442.646,0.16777
1440.717,0.18792
1438.788,0.21372
1436.860,0.23942
1434.931,0.25512
1433.002,0.25546
1431.074,0.24638
1429.145,0.23901
1427.216,0.24038
1425.288,0.24871
1423.359,0.25162
1421.430,0.23625
1419.502,0.20647
1417.573,0.17781
1415.644,0.15956
1413.716,0.15169
1411.787,0.15077
1409.858,0.15401
1407.930,0.16029
1406.001,0.16946
1404.072,0.18168
1402.144,0.19762
1400.215,0.21882
1398.286,0.24649
1396.358,0.27891
1394.429,0.31071
1392.500,0.33601
1390.572,0.35021
1388.643,0.34839
1386.714,0.32839
1384.786,0.29550
1382.857,0.25951
1380.928,0.22916
1379.000,0.20885
1377.071,0.19543
1375.142,0.18015
1373.214,0.16041
1371.285,0.14319
1369.356,0.13398
1367.427,0.13185
1365.499,0.13429
1363.570,0.14068
1361.641,0.15159
1359.713,0.16769
1357.784,0.18948
1355.855,0.21585
1353.927,0.24091
1351.998,0.25436
1350.069,0.24974
1348.141,0.23201
1346.212,0.21201
1344.283,0.19649
1342.355,0.18663
1340.426,0.18220
1338.497,0.18282
1336.569,0.18638
1334.640,0.19027
1332.711,0.19465
1330.783,0.20221
1328.854,0.21468
1326.925,0.23125
1324.997,0.24926
1323.068,0.26519
1321.139,0.27619
1319.211,0.28234
1317.282,0.28693
1315.353,0.29329
1313.425,0.30048
1311.496,0.30237
1309.567,0.29277
1307.639,0.27225
1305.710,0.24785
1303.781,0.22643
1301.853,0.21075
1299.924,0.20065
1297.995,0.19540
1296.067,0.19449
1294.138,0.19718
1292.209,0.20272
1290.281,0.21123
1288.352,0.22378
1286.423,0.24173
1284.495,0.26685
1282.566,0.30214
1280.637,0.35064
1278.709,0.41044
1276.780,0.46960
1274.851,0.51314
1272.923,0.54115
1270.994,0.56466
1269.065,0.58057
1267.137,0.57047
1265.208,0.52765
1263.279,0.46830
1261.351,0.41152
1259.422,0.36493
1257.493,0.32786
1255.565,0.29834
1253.636,0.27607
1251.707,0.26144
1249.779,0.25312
1247.850,0.24735
1245.921,0.24196
1243.993,0.23943
1242.064,0.24384
1240.135,0.25696
1238.207,0.27685
1236.278,0.29727
1234.349,0.31014
1232.421,0.31117
1230.492,0.30273
1228.563,0.29074
1226.635,0.28058
1224.706,0.27597
1222.777,0.27903
1220.849,0.28853
1218.920,0.29793
1216.991,0.29872
1215.063,0.28810
1213.134,0.27066
1211.205,0.25242
1209.277,0.23619
1207.348,0.22194
1205.419,0.20928
1203.490,0.19861
1201.562,0.19010
1199.633,0.18287
1197.704,0.17606
1195.776,0.16996
1193.847,0.16521
1191.918,0.16137
1189.990,0.15742
1188.061,0.15343
1186.132,0.15034
1184.204,0.14823
1182.275,0.14598
1180.346,0.14304
1178.418,0.14024
1176.489,0.13825
1174.560,0.13632
1172.632,0.13355
1170.703,0.13041
1168.774,0.12792
1166.846,0.12582
1164.917,0.12310
1162.988,0.11984
1161.060,0.11724
1159.131,0.11555
1157.202,0.11363
1155.274,0.11089
1153.345,0.10830
1151.416,0.10659
1149.488,0.10496
1147.559,0.10241
1145.630,0.09961
1143.702,0.09781
1141.773,0.09677
1139.844,0.09528
1137.916,0.09340
1135.987,0.09240
1134.058,0.09262
1132.130,0.09277
1130.201,0.09180
1128.272,0.09028
1126.344,0.08902
1124.415,0.08752
1122.486,0.08508
1120.558,0.08244
1118.629,0.08087
1116.700,0.08006
1114.772,0.07870
1112.843,0.07674
1110.914,0.07551
1108.986,0.07542
1107.057,0.07522
1105.128,0.07414
1103.200,0.07317
1101.271,0.07327
1099.342,0.07359
1097.414,0.07300
1095.485,0.07211
1093.556,0.07228
1091.628,0.07331
1089.699,0.07383
1087.770,0.07364
1085.842,0.07388
1083.913,0.07479
1081.984,0.07507
1080.056,0.07414
1078.127,0.07328
1076.198,0.07367
1074.270,0.07457
1072.341,0.07491
1070.412,0.07534
1068.484,0.07720
1066.555,0.08031
1064.626,0.08335
1062.698,0.08629
1060.769,0.09041
1058.840,0.09616
1056.912,0.10264
1054.983,0.10980
1053.054,0.11946
1051.126,0.13347
1049.197,0.15250
1047.268,0.17784
1045.339,0.21301
1043.411,0.25929
1041.482,0.30494
1039.553,0.32433
1037.625,0.30579
1035.696,0.26757
1033.767,0.23027
1031.839,0.20062
1029.910,0.17941
1027.981,0.16716
1026.053,0.16343
1024.124,0.16576
1022.195,0.17046
1020.267,0.17429
1018.338,0.17509
1016.409,0.17138
1014.481,0.16270
1012.552,0.15056
1010.623,0.13785
1008.695,0.12648
1006.766,0.11616
1004.837,0.10617
1002.909,0.09730
1000.980,0.09082
999.051,0.08633
997.123,0.08233
995.194,0.07865
993.265,0.07644
991.337,0.07581
989.408,0.07542
987.479,0.07464
985.551,0.07458
983.622,0.07604
981.693,0.07807
979.765,0.07972
977.836,0.08179
975.907,0.08547
973.979,0.09035
972.050,0.09519
970.121,0.10016
968.193,0.10661
966.264,0.11477
964.335,0.12345
962.407,0.13231
960.478,0.14269
958.549,0.15556
956.621,0.17029
954.692,0.18606
952.763,0.20352
950.835,0.22295
948.906,0.24073
946.977,0.25053
945.049,0.25009
943.120,0.24410
941.191,0.23897
939.263,0.23846
937.334,0.24484
935.405,0.26071
933.477,0.28826
931.548,0.32733
929.619,0.37394
927.691,0.41851
925.762,0.44715
923.833,0.45183
921.905,0.43975
919.976,0.42556
918.047,0.41779
916.119,0.41548
914.190,0.41261
912.261,0.40373
910.333,0.38729
908.404,0.36536
906.475,0.34085
904.547,0.31582
902.618,0.29192
900.689,0.27068
898.761,0.25240
896.832,0.23604
894.903,0.22098
892.975,0.20830
891.046,0.19994
889.117,0.19835
887.189,0.20733
885.260,0.22799
883.331,0.25056
881.402,0.25872
879.474,0.24796
877.545,0.22846
875.616,0.21000
873.688,0.19527
871.759,0.18294
869.830,0.17170
867.902,0.16195
865.973,0.15424
864.044,0.14768
862.116,0.14125
860.187,0.13588
858.258,0.13453
856.330,0.14056
854.401,0.15238
852.472,0.16106
850.544,0.16286
848.615,0.16669
846.686,0.17890
844.758,0.19230
842.829,0.19471
840.900,0.18341
838.972,0.16609
837.043,0.14989
835.114,0.13737
833.186,0.12894
831.257,0.12338
829.328,0.11862
827.400,0.11408
825.471,0.11074
823.542,0.10878
821.614,0.10686
819.685,0.10423
817.756,0.10189
815.828,0.10064
813.899,0.09956
811.970,0.09753
810.042,0.09522
808.113,0.09402
806.184,0.09378
804.256,0.09359
802.327,0.09420
800.398,0.09774
798.470,0.10550
796.541,0.11800
794.612,0.13734
792.684,0.16748
790.755,0.21010
788.826,0.25944
786.898,0.30303
784.969,0.33149
783.040,0.34289
781.112,0.33497
779.183,0.30694
777.254,0.26809
775.326,0.23125
773.397,0.20222
771.468,0.17992
769.540,0.16199
767.611,0.14774
765.682,0.13704
763.754,0.12909
761.825,0.12475
759.896,0.12985
757.968,0.15272
756.039,0.19094
754.110,0.22037
752.182,0.21763
750.253,0.19263
748.324,0.16785
746.396,0.15149
744.467,0.14273
742.538,0.14121
740.610,0.14591
738.681,0.15119
736.752,0.15056
734.824,0.14407
732.895,0.13649
730.966,0.13038
729.038,0.12511
727.109,0.12027
725.180,0.11655
723.251,0.11392
721.323,0.11125
719.394,0.10813
717.465,0.10554
715.537,0.10404
713.608,0.10270
711.679,0.10070
709.751,0.09867
707.822,0.09744
705.893,0.09657
703.965,0.09506
702.036,0.09316
700.107,0.09190
698.179,0.09132
696.250,0.09040
694.321,0.08889
692.393,0.08774
690.464,0.08733
688.535,0.08685
686.607,0.08575
684.678,0.08482
682.749,0.08487
680.821,0.08559
678.892,0.08654
676.963,0.08843
675.035,0.09209
673.106,0.09631
671.177,0.09833
669.249,0.09694
667.320,0.09359
665.391,0.09010
663.463,0.08683
661.534,0.08369
659.605,0.08116
657.677,0.07961
655.748,0.07841
653.819,0.07690
651.891,0.07552
649.962,0.07492
648.033,0.07474
646.105,0.07422
644.176,0.07342
642.247,0.07304
640.319,0.07308
638.390,0.07280
636.461,0.07207
634.533,0.07163
632.604,0.07193
630.675,0.07261
628.747,0.07348
626.818,0.07506
624.889,0.07783
622.961,0.08158
621.032,0.08611
619.103,0.09202
617.175,0.10028
615.246,0.11153
613.317,0.12615
611.389,0.14443
609.460,0.16518
607.531,0.18430
605.603,0.19647
603.674,0.19924
601.745,0.19445
599.817,0.18612
597.888,0.17933
595.959,0.17962
594.031,0.18854
592.102,0.19954
590.173,0.20492
588.245,0.20408
586.316,0.19830
584.387,0.18702
582.459,0.17202
580.530,0.15686
578.601,0.14372
576.673,0.13337
574.744,0.12552
572.815,0.11924
570.887,0.11394
568.958,0.10965
567.029,0.10625
565.101,0.10319
563.172,0.10024
561.243,0.09778
559.314,0.09594
557.386,0.09425
555.457,0.09242
553.528,0.09074
551.600,0.08958
549.671,0.08863
547.742,0.08738
545.814,0.08600
543.885,0.08500
541.956,0.08430
540.028,0.08333
538.099,0.08219
536.170,0.08145
534.242,0.08099
532.313,0.08020
530.384,0.07911
528.456,0.07841
526.527,0.07823
524.598,0.07791
522.670,0.07719
520.741,0.07665
518.812,0.07665
516.884,0.07680
514.955,0.07669
513.026,0.07679
511.098,0.07764
509.169,0.07876
507.240,0.07963
505.312,0.08084
503.383,0.08318
501.454,0.08657
499.526,0.09035
497.597,0.09443
495.668,0.09952
493.740,0.10537
491.811,0.11045
489.882,0.11396
487.954,0.11662
486.025,0.11867
484.096,0.11915
482.168,0.11758
480.239,0.11528
478.310,0.11342
476.382,0.11166
474.453,0.10992
472.524,0.10955
470.596,0.11202
468.667,0.11785
466.738,0.12658
464.810,0.13697
462.881,0.14624
460.952,0.15073
459.024,0.14871
457.095,0.14224
455.166,0.13517
453.238,0.12923
451.309,0.12363
449.380,0.11827
447.452,0.11437
445.523,0.11181
443.594,0.10886
441.666,0.10497
439.737,0.10167
437.808,0.09997
435.880,0.09863
433.951,0.09638
432.022,0.09437
430.094,0.09391
428.165,0.09378
426.236,0.09257
424.308,0.09161
422.379,0.09327
420.450,0.09731
418.522,0.10188
416.593,0.10907
414.664,0.12234
412.736,0.13794
410.807,0.14798
408.878,0.15147
406.950,0.15362
405.021,0.15483
403.092,0.15403
401.163,0.15846
399.235,0.17205
