6999.146,0.28480
6997.217,0.28468
6995.288,0.28463
6993.360,0.28455
6991.431,0.28446
6989.502,0.28437
6987.574,0.28412
6985.645,0.28386
6983.716,0.28387
6981.788,0.28402
6979.859,0.28398
6977.930,0.28370
6976.002,0.28345
6974.073,0.28339
6972.144,0.28348
6970.216,0.28366
6968.287,0.28367
6966.358,0.28343
6964.430,0.28322
6962.501,0.28318
6960.572,0.28323
6958.644,0.28325
6956.715,0.28312
6954.786,0.28288
6952.858,0.28258
6950.929,0.28232
6949.000,0.28224
6947.072,0.28225
6945.143,0.28218
6943.214,0.28204
6941.286,0.28196
6939.357,0.28198
6937.428,0.28206
6935.500,0.28212
6933.571,0.28205
6931.642,0.28184
6929.714,0.28174
6927.785,0.28174
6925.856,0.28169
6923.928,0.28159
6921.999,0.28146
6920.070,0.28128
6918.142,0.28105
6916.213,0.28085
6914.284,0.28076
6912.356,0.28069
6910.427,0.28048
6908.498,0.28020
6906.570,0.28007
6904.641,0.28015
6902.712,0.28023
6900.784,0.28016
6898.855,0.28015
6896.926,0.28023
6894.998,0.28023
6893.069,0.28015
6891.140,0.28001
6889.212,0.27981
6887.283,0.27971
6885.354,0.27971
6883.426,0.27961
6881.497,0.27938
6879.568,0.27915
6877.640,0.27899
6875.711,0.27889
6873.782,0.27888
6871.854,0.27889
6869.925,0.27880
6867.996,0.27868
6866.068,0.27858
6864.139,0.27838
6862.210,0.27820
6860.282,0.27821
6858.353,0.27825
6856.424,0.27810
6854.496,0.27776
6852.567,0.27740
6850.638,0.27722
6848.709,0.27719
6846.781,0.27710
6844.852,0.27702
6842.923,0.27709
6840.995,0.27719
6839.066,0.27715
6837.137,0.27695
6835.209,0.27659
6833.280,0.27621
6831.351,0.27608
6829.423,0.27612
6827.494,0.27610
6825.565,0.27606
6823.637,0.27594
6821.708,0.27572
6819.779,0.27551
6817.851,0.27537
6815.922,0.27530
6813.993,0.27520
6812.065,0.27502
6810.136,0.27491
6808.207,0.27493
6806.279,0.27498
6804.350,0.27499
6802.421,0.27486
6800.493,0.27463
6798.564,0.27447
6796.635,0.27434
6794.707,0.27408
6792.778,0.27379
6790.849,0.27368
6788.921,0.27376
6786.992,0.27380
6785.063,0.27367
6783.135,0.27347
6781.206,0.27335
6779.277,0.27331
6777.349,0.27318
6775.420,0.27289
6773.491,0.27272
6771.563,0.27280
6769.634,0.27288
6767.705,0.27277
6765.777,0.27257
6763.848,0.27243
6761.919,0.27233
6759.991,0.27223
6758.062,0.27219
6756.133,0.27223
6754.205,0.27220
6752.276,0.27197
6750.347,0.27170
6748.419,0.27155
6746.490,0.27149
6744.561,0.27142
6742.633,0.27136
6740.704,0.27127
6738.775,0.27113
6736.847,0.27098
6734.918,0.27084
6732.989,0.27065
6731.061,0.27052
6729.132,0.27054
6727.203,0.27051
6725.275,0.27037
6723.346,0.27028
6721.417,0.27020
6719.489,0.27001
6717.560,0.26983
6715.631,0.26979
6713.703,0.26974
6711.774,0.26961
6709.845,0.26957
6707.917,0.26963
6705.988,0.26951
6704.059,0.26923
6702.131,0.26911
6700.202,0.26920
6698.273,0.26930
6696.345,0.26923
6694.416,0.26898
6692.487,0.26873
6690.558,0.26855
6688.630,0.26844
6686.701,0.26842
6684.772,0.26841
6682.844,0.26829
6680.915,0.26803
6678.986,0.26777
6677.058,0.26760
6675.129,0.26753
6673.200,0.26751
6671.272,0.26741
6669.343,0.26724
6667.414,0.26712
6665.486,0.26707
6663.557,0.26706
6661.628,0.26699
6659.700,0.26681
6657.771,0.26666
6655.842,0.26658
6653.914,0.26645
6651.985,0.26634
6650.056,0.26637
6648.128,0.26649
6646.199,0.26654
6644.270,0.26645
6642.342,0.26620
6640.413,0.26588
6638.484,0.26565
6636.556,0.26559
6634.627,0.26558
6632.698,0.26549
6630.770,0.26539
6628.841,0.26531
6626.912,0.26519
6624.984,0.26498
6623.055,0.26482
6621.126,0.26475
6619.198,0.26469
6617.269,0.26465
6615.340,0.26461
6613.412,0.26448
6611.483,0.26428
6609.554,0.26417
6607.626,0.26421
6605.697,0.26422
6603.768,0.26409
6601.840,0.26396
6599.911,0.26382
6597.982,0.26361
6596.054,0.26345
6594.125,0.26341
6592.196,0.26333
6590.268,0.26318
6588.339,0.26314
6586.410,0.26318
6584.482,0.26313
6582.553,0.26307
6580.624,0.26308
6578.696,0.26300
6576.767,0.26275
6574.838,0.26247
6572.910,0.26230
6570.981,0.26235
6569.052,0.26249
6567.124,0.26252
6565.195,0.26237
6563.266,0.26211
6561.338,0.26188
6559.409,0.26176
6557.480,0.26171
6555.552,0.26162
6553.623,0.26153
6551.694,0.26150
6549.766,0.26146
6547.837,0.26138
6545.908,0.26127
6543.980,0.26118
6542.051,0.26104
6540.122,0.26078
6538.194,0.26056
6536.265,0.26050
6534.336,0.26048
6532.408,0.26038
6530.479,0.26026
6528.550,0.26011
6526.621,0.26000
6524.693,0.26006
6522.764,0.26013
6520.835,0.25998
6518.907,0.25973
6516.978,0.25960
6515.049,0.25949
6513.121,0.25934
6511.192,0.25922
6509.263,0.25918
6507.335,0.25919
6505.406,0.25917
6503.477,0.25910
6501.549,0.25901
6499.620,0.25891
6497.691,0.25883
6495.763,0.25880
6493.834,0.25875
6491.905,0.25858
6489.977,0.25841
6488.048,0.25826
6486.119,0.25805
6484.191,0.25784
6482.262,0.25768
6480.333,0.25759
6478.405,0.25747
6476.476,0.25732
6474.547,0.25723
6472.619,0.25722
6470.690,0.25720
6468.761,0.25713
6466.833,0.25708
6464.904,0.25705
6462.975,0.25697
6461.047,0.25681
6459.118,0.25657
6457.189,0.25634
6455.261,0.25619
6453.332,0.25613
6451.403,0.25606
6449.475,0.25597
6447.546,0.25583
6445.617,0.25563
6443.689,0.25543
6441.760,0.25524
6439.831,0.25513
6437.903,0.25515
6435.974,0.25515
6434.045,0.25504
6432.117,0.25487
6430.188,0.25472
6428.259,0.25459
6426.331,0.25452
6424.402,0.25448
6422.473,0.25445
6420.545,0.25440
6418.616,0.25433
6416.687,0.25422
6414.759,0.25408
6412.830,0.25386
6410.901,0.25365
6408.973,0.25354
6407.044,0.25348
6405.115,0.25341
6403.187,0.25334
6401.258,0.25317
6399.329,0.25289
6397.401,0.25267
6395.472,0.25259
6393.543,0.25258
6391.615,0.25254
6389.686,0.25247
6387.757,0.25243
6385.829,0.25234
6383.900,0.25220
6381.971,0.25214
6380.043,0.25214
6378.114,0.25208
6376.185,0.25194
6374.257,0.25184
6372.328,0.25173
6370.399,0.25162
6368.471,0.25151
6366.542,0.25134
6364.613,0.25112
6362.684,0.25093
6360.756,0.25078
6358.827,0.25065
6356.898,0.25061
6354.970,0.25059
6353.041,0.25047
6351.112,0.25031
6349.184,0.25023
6347.255,0.25022
6345.326,0.25020
6343.398,0.25011
6341.469,0.24996
6339.540,0.24983
6337.612,0.24976
6335.683,0.24966
6333.754,0.24956
6331.826,0.24948
6329.897,0.24943
6327.968,0.24938
6326.040,0.24928
6324.111,0.24913
6322.182,0.24897
6320.254,0.24886
6318.325,0.24876
6316.396,0.24867
6314.468,0.24859
6312.539,0.24846
6310.610,0.24835
6308.682,0.24833
6306.753,0.24832
6304.824,0.24829
6302.896,0.24825
6300.967,0.24815
6299.038,0.24798
6297.110,0.24782
6295.181,0.24771
6293.252,0.24767
6291.324,0.24756
6289.395,0.24737
6287.466,0.24728
6285.538,0.24729
6283.609,0.24723
6281.680,0.24712
6279.752,0.24698
6277.823,0.24679
6275.894,0.24663
6273.966,0.24654
6272.037,0.24643
6270.108,0.24629
6268.180,0.24623
6266.251,0.24622
6264.322,0.24611
6262.394,0.24592
6260.465,0.24578
6258.536,0.24568
6256.608,0.24553
6254.679,0.24545
6252.750,0.24546
6250.822,0.24542
6248.893,0.24529
6246.964,0.24514
6245.036,0.24498
6243.107,0.24488
6241.178,0.24489
6239.250,0.24490
6237.321,0.24481
6235.392,0.24465
6233.464,0.24451
6231.535,0.24445
6229.606,0.24442
6227.678,0.24432
6225.749,0.24422
6223.820,0.24417
6221.892,0.24415
6219.963,0.24407
6218.034,0.24391
6216.106,0.24372
6214.177,0.24355
6212.248,0.24346
6210.320,0.24339
6208.391,0.24333
6206.462,0.24328
6204.533,0.24321
6202.605,0.24304
6200.676,0.24295
6198.747,0.24296
6196.819,0.24289
6194.890,0.24272
6192.961,0.24258
6191.033,0.24251
6189.104,0.24251
6187.175,0.24248
6185.247,0.24243
6183.318,0.24244
6181.389,0.24247
6179.461,0.24246
6177.532,0.24245
6175.603,0.24245
6173.675,0.24240
6171.746,0.24232
6169.817,0.24236
6167.889,0.24247
6165.960,0.24254
6164.031,0.24261
6162.103,0.24285
6160.174,0.24337
6158.245,0.24407
6156.317,0.24478
6154.388,0.24550
6152.459,0.24613
6150.531,0.24635
6148.602,0.24602
6146.673,0.24532
6144.745,0.24450
6142.816,0.24384
6140.887,0.24341
6138.959,0.24327
6137.030,0.24351
6135.101,0.24404
6133.173,0.24451
6131.244,0.24450
6129.315,0.24393
6127.387,0.24313
6125.458,0.24239
6123.529,0.24175
6121.601,0.24121
6119.672,0.24075
6117.743,0.24031
6115.815,0.23989
6113.886,0.23956
6111.957,0.23933
6110.029,0.23914
6108.100,0.23897
6106.171,0.23888
6104.243,0.23881
6102.314,0.23866
6100.385,0.23846
6098.457,0.23831
6096.528,0.23823
6094.599,0.23815
6092.671,0.23807
6090.742,0.23800
6088.813,0.23789
6086.885,0.23771
6084.956,0.23750
6083.027,0.23732
6081.099,0.23721
6079.170,0.23719
6077.241,0.23720
6075.313,0.23713
6073.384,0.23694
6071.455,0.23675
6069.527,0.23663
6067.598,0.23660
6065.669,0.23667
6063.741,0.23678
6061.812,0.23680
6059.883,0.23672
6057.955,0.23659
6056.026,0.23645
6054.097,0.23627
6052.169,0.23612
6050.240,0.23602
6048.311,0.23594
6046.383,0.23589
6044.454,0.23583
6042.525,0.23573
6040.596,0.23565
6038.668,0.23560
6036.739,0.23549
6034.810,0.23533
6032.882,0.23525
6030.953,0.23522
6029.024,0.23515
6027.096,0.23508
6025.167,0.23504
6023.238,0.23502
6021.310,0.23504
6019.381,0.23506
6017.452,0.23506
6015.524,0.23508
6013.595,0.23513
6011.666,0.23528
6009.738,0.23551
6007.809,0.23574
6005.880,0.23585
6003.952,0.23579
6002.023,0.23558
6000.094,0.23531
5998.166,0.23500
5996.237,0.23469
5994.308,0.23444
5992.380,0.23421
5990.451,0.23397
5988.522,0.23375
5986.594,0.23364
5984.665,0.23355
5982.736,0.23338
5980.808,0.23319
5978.879,0.23311
5976.950,0.23307
5975.022,0.23296
5973.093,0.23279
5971.164,0.23263
5969.236,0.23252
5967.307,0.23241
5965.378,0.23229
5963.450,0.23220
5961.521,0.23208
5959.592,0.23196
5957.664,0.23191
5955.735,0.23186
5953.806,0.23179
5951.878,0.23178
5949.949,0.23177
5948.020,0.23170
5946.092,0.23161
5944.163,0.23157
5942.234,0.23160
5940.306,0.23164
5938.377,0.23164
5936.448,0.23161
5934.520,0.23158
5932.591,0.23157
5930.662,0.23156
5928.734,0.23153
5926.805,0.23146
5924.876,0.23132
5922.948,0.23117
5921.019,0.23107
5919.090,0.23099
5917.162,0.23092
5915.233,0.23088
5913.304,0.23086
5911.376,0.23079
5909.447,0.23065
5907.518,0.23053
5905.590,0.23050
5903.661,0.23048
5901.732,0.23044
5899.804,0.23038
5897.875,0.23027
5895.946,0.23012
5894.018,0.22995
5892.089,0.22978
5890.160,0.22967
5888.232,0.22963
5886.303,0.22956
5884.374,0.22945
5882.445,0.22935
5880.517,0.22928
5878.588,0.22926
5876.659,0.22925
5874.731,0.22920
5872.802,0.22907
5870.873,0.22896
5868.945,0.22889
5867.016,0.22884
5865.087,0.22879
5863.159,0.22869
5861.230,0.22856
5859.301,0.22844
5857.373,0.22835
5855.444,0.22829
5853.515,0.22823
5851.587,0.22815
5849.658,0.22805
5847.729,0.22792
5845.801,0.22778
5843.872,0.22763
5841.943,0.22753
5840.015,0.22748
5838.086,0.22740
5836.157,0.22730
5834.229,0.22722
5832.300,0.22710
5830.371,0.22689
5828.443,0.22668
5826.514,0.22652
5824.585,0.22638
5822.657,0.22625
5820.728,0.22613
5818.799,0.22603
5816.871,0.22595
5814.942,0.22587
5813.013,0.22581
5811.085,0.22570
5809.156,0.22553
5807.227,0.22537
5805.299,0.22523
5803.370,0.22515
5801.441,0.22508
5799.513,0.22496
5797.584,0.22484
5795.655,0.22477
5793.727,0.22472
5791.798,0.22461
5789.869,0.22441
5787.941,0.22422
5786.012,0.22412
5784.083,0.22409
5782.155,0.22404
5780.226,0.22395
5778.297,0.22384
5776.369,0.22372
5774.440,0.22359
5772.511,0.22346
5770.583,0.22339
5768.654,0.22336
5766.725,0.22327
5764.797,0.22312
5762.868,0.22299
5760.939,0.22292
5759.011,0.22286
5757.082,0.22279
5755.153,0.22277
5753.225,0.22278
5751.296,0.22269
5749.367,0.22253
5747.439,0.22240
5745.510,0.22229
5743.581,0.22219
5741.653,0.22209
5739.724,0.22196
5737.795,0.22179
5735.867,0.22169
5733.938,0.22168
5732.009,0.22167
5730.081,0.22161
5728.152,0.22156
5726.223,0.22154
5724.295,0.22150
5722.366,0.22140
5720.437,0.22129
5718.508,0.22120
5716.580,0.22108
5714.651,0.22096
5712.722,0.22086
5710.794,0.22077
5708.865,0.22068
5706.936,0.22057
5705.008,0.22042
5703.079,0.22025
5701.150,0.22013
5699.222,0.22004
5697.293,0.21996
5695.364,0.21984
5693.436,0.21969
5691.507,0.21954
5689.578,0.21941
5687.650,0.21928
5685.721,0.21915
5683.792,0.21902
5681.864,0.21892
5679.935,0.21889
5678.006,0.21884
5676.078,0.21873
5674.149,0.21856
5672.220,0.21837
5670.292,0.21825
5668.363,0.21822
5666.434,0.21819
5664.506,0.21808
5662.577,0.21794
5660.648,0.21785
5658.720,0.21782
5656.791,0.21773
5654.862,0.21756
5652.934,0.21741
5651.005,0.21731
5649.076,0.21721
5647.148,0.21710
5645.219,0.21699
5643.290,0.21688
5641.362,0.21674
5639.433,0.21657
5637.504,0.21643
5635.576,0.21636
5633.647,0.21635
5631.718,0.21633
5629.790,0.21627
5627.861,0.21617
5625.932,0.21605
5624.004,0.21592
5622.075,0.21581
5620.146,0.21573
5618.218,0.21565
5616.289,0.21553
5614.360,0.21539
5612.432,0.21529
5610.503,0.21526
5608.574,0.21528
5606.646,0.21525
5604.717,0.21511
5602.788,0.21495
5600.860,0.21484
5598.931,0.21474
5597.002,0.21461
5595.074,0.21449
5593.145,0.21442
5591.216,0.21432
5589.288,0.21418
5587.359,0.21403
5585.430,0.21392
5583.502,0.21384
5581.573,0.21377
5579.644,0.21372
5577.716,0.21366
5575.787,0.21359
5573.858,0.21350
5571.930,0.21336
5570.001,0.21315
5568.072,0.21298
5566.144,0.21289
5564.215,0.21283
5562.286,0.21277
5560.357,0.21272
5558.429,0.21267
5556.500,0.21256
5554.571,0.21244
5552.643,0.21236
5550.714,0.21230
5548.785,0.21219
5546.857,0.21207
5544.928,0.21199
5542.999,0.21197
5541.071,0.21193
5539.142,0.21185
5537.213,0.21172
5535.285,0.21157
5533.356,0.21145
5531.427,0.21136
5529.499,0.21131
5527.570,0.21129
5525.641,0.21124
5523.713,0.21113
5521.784,0.21094
5519.855,0.21076
5517.927,0.21068
5515.998,0.21063
5514.069,0.21054
5512.141,0.21046
5510.212,0.21044
5508.283,0.21043
5506.355,0.21038
5504.426,0.21027
5502.497,0.21017
5500.569,0.21010
5498.640,0.21005
5496.711,0.20996
5494.783,0.20986
5492.854,0.20979
5490.925,0.20970
5488.997,0.20958
5487.068,0.20943
5485.139,0.20931
5483.211,0.20924
5481.282,0.20915
5479.353,0.20901
5477.425,0.20891
5475.496,0.20887
5473.567,0.20880
5471.639,0.20869
5469.710,0.20857
5467.781,0.20843
5465.853,0.20833
5463.924,0.20827
5461.995,0.20820
5460.067,0.20811
5458.138,0.20803
5456.209,0.20797
5454.281,0.20786
5452.352,0.20773
5450.423,0.20767
5448.495,0.20763
5446.566,0.20753
5444.637,0.20740
5442.709,0.20729
5440.780,0.20719
5438.851,0.20708
5436.923,0.20694
5434.994,0.20684
5433.065,0.20679
5431.137,0.20672
5429.208,0.20662
5427.279,0.20651
5425.351,0.20644
5423.422,0.20641
5421.493,0.20633
5419.565,0.20621
5417.636,0.20611
5415.707,0.20606
5413.779,0.20599
5411.850,0.20587
5409.921,0.20579
5407.993,0.20573
5406.064,0.20562
5404.135,0.20545
5402.207,0.20530
5400.278,0.20519
5398.349,0.20511
5396.420,0.20507
5394.492,0.20504
5392.563,0.20500
5390.634,0.20495
5388.706,0.20489
5386.777,0.20478
5384.848,0.20461
5382.920,0.20446
5380.991,0.20441
5379.062,0.20443
5377.134,0.20437
5375.205,0.20425
5373.276,0.20418
5371.348,0.20412
5369.419,0.20399
5367.490,0.20384
5365.562,0.20371
5363.633,0.20363
5361.704,0.20358
5359.776,0.20350
5357.847,0.20338
5355.918,0.20325
5353.990,0.20319
5352.061,0.20315
5350.132,0.20308
5348.204,0.20300
5346.275,0.20294
5344.346,0.20288
5342.418,0.20277
5340.489,0.20266
5338.560,0.20258
5336.632,0.20254
5334.703,0.20250
5332.774,0.20243
5330.846,0.20231
5328.917,0.20216
5326.988,0.20203
5325.060,0.20196
5323.131,0.20189
5321.202,0.20178
5319.274,0.20161
5317.345,0.20150
5315.416,0.20149
5313.488,0.20148
5311.559,0.20140
5309.630,0.20126
5307.702,0.20113
5305.773,0.20103
5303.844,0.20095
5301.916,0.20087
5299.987,0.20077
5298.058,0.20067
5296.130,0.20062
5294.201,0.20055
5292.272,0.20047
5290.344,0.20038
5288.415,0.20029
5286.486,0.20016
5284.558,0.20000
5282.629,0.19988
5280.700,0.19987
5278.772,0.19989
5276.843,0.19984
5274.914,0.19972
5272.986,0.19961
5271.057,0.19951
5269.128,0.19941
5267.200,0.19934
5265.271,0.19927
5263.342,0.19915
5261.414,0.19901
5259.485,0.19889
5257.556,0.19884
5255.628,0.19882
5253.699,0.19875
5251.770,0.19865
5249.842,0.19856
5247.913,0.19845
5245.984,0.19836
5244.056,0.19832
5242.127,0.19828
5240.198,0.19822
5238.269,0.19816
5236.341,0.19809
5234.412,0.19796
5232.483,0.19782
5230.555,0.19771
5228.626,0.19765
5226.697,0.19758
5224.769,0.19749
5222.840,0.19741
5220.911,0.19736
5218.983,0.19731
5217.054,0.19721
5215.125,0.19709
5213.197,0.19699
5211.268,0.19695
5209.339,0.19693
5207.411,0.19690
5205.482,0.19680
5203.553,0.19663
5201.625,0.19647
5199.696,0.19635
5197.767,0.19628
5195.839,0.19624
5193.910,0.19621
5191.981,0.19615
5190.053,0.19605
5188.124,0.19595
5186.195,0.19585
5184.267,0.19570
5182.338,0.19558
5180.409,0.19551
5178.481,0.19549
5176.552,0.19542
5174.623,0.19530
5172.695,0.19524
5170.766,0.19522
5168.837,0.19517
5166.909,0.19505
5164.980,0.19493
5163.051,0.19487
5161.123,0.19482
5159.194,0.19471
5157.265,0.19456
5155.337,0.19446
5153.408,0.19441
5151.479,0.19434
5149.551,0.19423
5147.622,0.19410
5145.693,0.19402
5143.765,0.19401
5141.836,0.19399
5139.907,0.19392
5137.979,0.19381
5136.050,0.19366
5134.121,0.19352
5132.193,0.19340
5130.264,0.19332
5128.335,0.19326
5126.407,0.19319
5124.478,0.19310
5122.549,0.19301
5120.621,0.19295
5118.692,0.19288
5116.763,0.19279
5114.835,0.19270
5112.906,0.19261
5110.977,0.19251
5109.049,0.19241
5107.120,0.19233
5105.191,0.19229
5103.263,0.19224
5101.334,0.19213
5099.405,0.19198
5097.477,0.19185
5095.548,0.19179
5093.619,0.19173
5091.691,0.19164
5089.762,0.19158
5087.833,0.19156
5085.905,0.19152
5083.976,0.19140
5082.047,0.19125
5080.119,0.19117
5078.190,0.19113
5076.261,0.19107
5074.332,0.19098
5072.404,0.19086
5070.475,0.19078
5068.546,0.19072
5066.618,0.19063
5064.689,0.19051
5062.760,0.19042
5060.832,0.19037
5058.903,0.19030
5056.974,0.19017
5055.046,0.19004
5053.117,0.18996
5051.188,0.18986
5049.260,0.18973
5047.331,0.18961
5045.402,0.18952
5043.474,0.18946
5041.545,0.18940
5039.616,0.18931
5037.688,0.18923
5035.759,0.18916
5033.830,0.18910
5031.902,0.18901
5029.973,0.18893
5028.044,0.18886
5026.116,0.18876
5024.187,0.18864
5022.258,0.18854
5020.330,0.18848
5018.401,0.18842
5016.472,0.18831
5014.544,0.18817
5012.615,0.18805
5010.686,0.18800
5008.758,0.18797
5006.829,0.18790
5004.900,0.18782
5002.972,0.18775
5001.043,0.18765
4999.114,0.18754
4997.186,0.18748
4995.257,0.18745
4993.328,0.18735
4991.400,0.18719
4989.471,0.18704
4987.542,0.18699
4985.614,0.18696
4983.685,0.18691
4981.756,0.18682
4979.828,0.18670
4977.899,0.18660
4975.970,0.18653
4974.042,0.18645
4972.113,0.18635
4970.184,0.18628
4968.256,0.18620
4966.327,0.18609
4964.398,0.18594
4962.470,0.18582
4960.541,0.18577
4958.612,0.18573
4956.684,0.18564
4954.755,0.18554
4952.826,0.18547
4950.898,0.18542
4948.969,0.18536
4947.040,0.18526
4945.112,0.18517
4943.183,0.18510
4941.254,0.18500
4939.326,0.18490
4937.397,0.18480
4935.468,0.18474
4933.540,0.18467
4931.611,0.18458
4929.682,0.18446
4927.754,0.18436
4925.825,0.18427
4923.896,0.18419
4921.968,0.18411
4920.039,0.18405
4918.110,0.18399
4916.181,0.18389
4914.253,0.18376
4912.324,0.18365
4910.395,0.18356
4908.467,0.18347
4906.538,0.18340
4904.609,0.18335
4902.681,0.18329
4900.752,0.18321
4898.823,0.18311
4896.895,0.18300
4894.966,0.18288
4893.037,0.18278
4891.109,0.18270
4889.180,0.18263
4887.251,0.18257
4885.323,0.18250
4883.394,0.18239
4881.465,0.18228
4879.537,0.18219
4877.608,0.18209
4875.679,0.18199
4873.751,0.18190
4871.822,0.18183
4869.893,0.18177
4867.965,0.18171
4866.036,0.18165
4864.107,0.18157
4862.179,0.18147
4860.250,0.18136
4858.321,0.18124
4856.393,0.18114
4854.464,0.18107
4852.535,0.18102
4850.607,0.18095
4848.678,0.18084
4846.749,0.18073
4844.821,0.18066
4842.892,0.18063
4840.963,0.18058
4839.035,0.18046
4837.106,0.18033
4835.177,0.18024
4833.249,0.18015
4831.320,0.18001
4829.391,0.17990
4827.463,0.17985
4825.534,0.17982
4823.605,0.17975
4821.677,0.17965
4819.748,0.17955
4817.819,0.17947
4815.891,0.17937
4813.962,0.17922
4812.033,0.17910
4810.105,0.17907
4808.176,0.17902
4806.247,0.17891
4804.319,0.17881
4802.390,0.17876
4800.461,0.17870
4798.533,0.17857
4796.604,0.17844
4794.675,0.17835
4792.747,0.17830
4790.818,0.17824
4788.889,0.17815
4786.961,0.17805
4785.032,0.17795
4783.103,0.17782
4781.175,0.17772
4779.246,0.17766
4777.317,0.17763
4775.389,0.17758
4773.460,0.17751
4771.531,0.17743
4769.603,0.17737
4767.674,0.17730
4765.745,0.17721
4763.817,0.17711
4761.888,0.17702
4759.959,0.17698
4758.031,0.17693
4756.102,0.17686
4754.173,0.17677
4752.244,0.17669
4750.316,0.17660
4748.387,0.17651
4746.458,0.17643
4744.530,0.17637
4742.601,0.17632
4740.672,0.17624
4738.744,0.17610
4736.815,0.17598
4734.886,0.17589
4732.958,0.17579
4731.029,0.17567
4729.100,0.17555
4727.172,0.17546
4725.243,0.17538
4723.314,0.17531
4721.386,0.17522
4719.457,0.17514
4717.528,0.17508
4715.600,0.17502
4713.671,0.17494
4711.742,0.17487
4709.814,0.17483
4707.885,0.17477
4705.956,0.17466
4704.028,0.17456
4702.099,0.17452
4700.170,0.17447
4698.242,0.17439
4696.313,0.17429
4694.384,0.17423
4692.456,0.17420
4690.527,0.17415
4688.598,0.17408
4686.670,0.17403
4684.741,0.17399
4682.812,0.17389
4680.884,0.17376
4678.955,0.17366
4677.026,0.17357
4675.098,0.17348
4673.169,0.17338
4671.240,0.17331
4669.312,0.17330
4667.383,0.17328
4665.454,0.17320
4663.526,0.17304
4661.597,0.17290
4659.668,0.17283
4657.740,0.17278
4655.811,0.17268
4653.882,0.17259
4651.954,0.17253
4650.025,0.17248
4648.096,0.17238
4646.168,0.17222
4644.239,0.17211
4642.310,0.17206
4640.382,0.17197
4638.453,0.17183
4636.524,0.17173
4634.596,0.17165
4632.667,0.17157
4630.738,0.17148
4628.810,0.17141
4626.881,0.17135
4624.952,0.17131
4623.024,0.17126
4621.095,0.17118
4619.166,0.17109
4617.238,0.17103
4615.309,0.17095
4613.380,0.17084
4611.452,0.17071
4609.523,0.17063
4607.594,0.17059
4605.666,0.17054
4603.737,0.17046
4601.808,0.17039
4599.880,0.17032
4597.951,0.17023
4596.022,0.17012
4594.093,0.17002
4592.165,0.16994
4590.236,0.16986
4588.307,0.16975
4586.379,0.16965
4584.450,0.16961
4582.521,0.16958
4580.593,0.16950
4578.664,0.16939
4576.735,0.16932
4574.807,0.16930
4572.878,0.16926
4570.949,0.16916
4569.021,0.16903
4567.092,0.16894
4565.163,0.16889
4563.235,0.16884
4561.306,0.16877
4559.377,0.16868
4557.449,0.16860
4555.520,0.16853
4553.591,0.16845
4551.663,0.16836
4549.734,0.16831
4547.805,0.16826
4545.877,0.16817
4543.948,0.16809
4542.019,0.16804
4540.091,0.16801
4538.162,0.16797
4536.233,0.16791
4534.305,0.16785
4532.376,0.16782
4530.447,0.16777
4528.519,0.16767
4526.590,0.16758
4524.661,0.16756
4522.733,0.16754
4520.804,0.16747
4518.875,0.16738
4516.947,0.16734
4515.018,0.16735
4513.089,0.16730
4511.161,0.16719
4509.232,0.16713
4507.303,0.16715
4505.375,0.16717
4503.446,0.16723
4501.517,0.16738
4499.589,0.16758
4497.660,0.16782
4495.731,0.16812
4493.803,0.16844
4491.874,0.16865
4489.945,0.16864
4488.017,0.16847
4486.088,0.16827
4484.159,0.16816
4482.231,0.16804
4480.302,0.16780
4478.373,0.16740
4476.445,0.16699
4474.516,0.16669
4472.587,0.16650
4470.659,0.16637
4468.730,0.16629
4466.801,0.16631
4464.873,0.16644
4462.944,0.16657
4461.015,0.16665
4459.087,0.16668
4457.158,0.16668
4455.229,0.16659
4453.301,0.16643
4451.372,0.16626
4449.443,0.16613
4447.515,0.16598
4445.586,0.16576
4443.657,0.16555
4441.729,0.16540
4439.800,0.16527
4437.871,0.16512
4435.943,0.16498
4434.014,0.16492
4432.085,0.16495
4430.156,0.16504
4428.228,0.16513
4426.299,0.16524
4424.370,0.16538
4422.442,0.16557
4420.513,0.16580
4418.584,0.16606
4416.656,0.16630
4414.727,0.16646
4412.798,0.16646
4410.870,0.16637
4408.941,0.16631
4407.012,0.16634
4405.084,0.16639
4403.155,0.16641
4401.226,0.16638
4399.298,0.16627
4397.369,0.16606
4395.440,0.16577
4393.512,0.16549
4391.583,0.16529
4389.654,0.16520
4387.726,0.16516
4385.797,0.16513
4383.868,0.16512
4381.940,0.16515
4380.011,0.16516
4378.082,0.16505
4376.154,0.16479
4374.225,0.16444
4372.296,0.16408
4370.368,0.16372
4368.439,0.16336
4366.510,0.16306
4364.582,0.16284
4362.653,0.16264
4360.724,0.16246
4358.796,0.16236
4356.867,0.16232
4354.938,0.16232
4353.010,0.16235
4351.081,0.16244
4349.152,0.16260
4347.224,0.16285
4345.295,0.16312
4343.366,0.16334
4341.438,0.16347
4339.509,0.16356
4337.580,0.16357
4335.652,0.16352
4333.723,0.16339
4331.794,0.16322
4329.866,0.16304
4327.937,0.16291
4326.008,0.16288
4324.080,0.16303
4322.151,0.16337
4320.222,0.16374
4318.294,0.16385
4316.365,0.16365
4314.436,0.16339
4312.508,0.16329
4310.579,0.16326
4308.650,0.16308
4306.722,0.16277
4304.793,0.16241
4302.864,0.16207
4300.936,0.16180
4299.007,0.16165
4297.078,0.16159
4295.150,0.16161
4293.221,0.16167
4291.292,0.16172
4289.364,0.16171
4287.435,0.16165
4285.506,0.16154
4283.578,0.16138
4281.649,0.16118
4279.720,0.16094
4277.792,0.16066
4275.863,0.16032
4273.934,0.15995
4272.005,0.15962
4270.077,0.15933
4268.148,0.15906
4266.219,0.15879
4264.291,0.15857
4262.362,0.15840
4260.433,0.15826
4258.505,0.15811
4256.576,0.15797
4254.647,0.15786
4252.719,0.15774
4250.790,0.15757
4248.861,0.15736
4246.933,0.15718
4245.004,0.15707
4243.075,0.15696
4241.147,0.15683
4239.218,0.15670
4237.289,0.15659
4235.361,0.15650
4233.432,0.15641
4231.503,0.15633
4229.575,0.15628
4227.646,0.15628
4225.717,0.15625
4223.789,0.15620
4221.860,0.15618
4219.931,0.15621
4218.003,0.15622
4216.074,0.15620
4214.145,0.15614
4212.217,0.15607
4210.288,0.15601
4208.359,0.15595
4206.431,0.15588
4204.502,0.15584
4202.573,0.15583
4200.645,0.15578
4198.716,0.15565
4196.787,0.15551
4194.859,0.15541
4192.930,0.15533
4191.001,0.15518
4189.073,0.15499
4187.144,0.15481
4185.215,0.15467
4183.287,0.15453
4181.358,0.15440
4179.429,0.15428
4177.501,0.15419
4175.572,0.15410
4173.643,0.15396
4171.715,0.15380
4169.786,0.15368
4167.857,0.15358
4165.929,0.15348
4164.000,0.15336
4162.071,0.15325
4160.143,0.15320
4158.214,0.15313
4156.285,0.15298
4154.357,0.15284
4152.428,0.15277
4150.499,0.15271
4148.571,0.15262
4146.642,0.15251
4144.713,0.15244
4142.785,0.15242
4140.856,0.15236
4138.927,0.15224
4136.999,0.15213
4135.070,0.15209
4133.141,0.15207
4131.213,0.15198
4129.284,0.15186
4127.355,0.15178
4125.427,0.15176
4123.498,0.15171
4121.569,0.15163
4119.641,0.15158
4117.712,0.15159
4115.783,0.15161
4113.855,0.15160
4111.926,0.15162
4109.997,0.15170
4108.068,0.15178
4106.140,0.15176
4104.211,0.15169
4102.282,0.15165
4100.354,0.15163
4098.425,0.15158
4096.496,0.15151
4094.568,0.15144
4092.639,0.15140
4090.710,0.15133
4088.782,0.15119
4086.853,0.15101
4084.924,0.15087
4082.996,0.15075
4081.067,0.15057
4079.138,0.15038
4077.210,0.15024
4075.281,0.15014
4073.352,0.15002
4071.424,0.14984
4069.495,0.14967
4067.566,0.14953
4065.638,0.14939
4063.709,0.14923
4061.780,0.14907
4059.852,0.14897
4057.923,0.14891
4055.994,0.14882
4054.066,0.14869
4052.137,0.14857
4050.208,0.14851
4048.280,0.14846
4046.351,0.14840
4044.422,0.14832
4042.494,0.14829
4040.565,0.14827
4038.636,0.14819
4036.708,0.14809
4034.779,0.14805
4032.850,0.14807
4030.922,0.14807
4028.993,0.14804
4027.064,0.14802
4025.136,0.14807
4023.207,0.14813
4021.278,0.14812
4019.350,0.14804
4017.421,0.14797
4015.492,0.14792
4013.564,0.14784
4011.635,0.14773
4009.706,0.14763
4007.778,0.14756
4005.849,0.14748
4003.920,0.14738
4001.992,0.14729
4000.063,0.14725
3998.134,0.14726
3996.206,0.14724
3994.277,0.14721
3992.348,0.14719
3990.420,0.14718
3988.491,0.14707
3986.562,0.14689
3984.634,0.14673
3982.705,0.14662
3980.776,0.14646
3978.848,0.14624
3976.919,0.14605
3974.990,0.14590
3973.062,0.14576
3971.133,0.14560
3969.204,0.14542
3967.276,0.14529
3965.347,0.14523
3963.418,0.14516
3961.490,0.14505
3959.561,0.14496
3957.632,0.14491
3955.704,0.14486
3953.775,0.14475
3951.846,0.14462
3949.917,0.14453
3947.989,0.14446
3946.060,0.14432
3944.131,0.14417
3942.203,0.14408
3940.274,0.14403
3938.345,0.14395
3936.417,0.14383
3934.488,0.14378
3932.559,0.14379
3930.631,0.14377
3928.702,0.14366
3926.773,0.14355
3924.845,0.14349
3922.916,0.14348
3920.987,0.14344
3919.059,0.14334
3917.130,0.14322
3915.201,0.14311
3913.273,0.14299
3911.344,0.14284
3909.415,0.14271
3907.487,0.14265
3905.558,0.14260
3903.629,0.14249
3901.701,0.14234
3899.772,0.14222
3897.843,0.14212
3895.915,0.14202
3893.986,0.14193
3892.057,0.14186
3890.129,0.14183
3888.200,0.14180
3886.271,0.14171
3884.343,0.14157
3882.414,0.14147
3880.485,0.14141
3878.557,0.14129
3876.628,0.14115
3874.699,0.14110
3872.771,0.14110
3870.842,0.14105
3868.913,0.14092
3866.985,0.14081
3865.056,0.14078
3863.127,0.14074
3861.199,0.14062
3859.270,0.14048
3857.341,0.14046
3855.413,0.14050
3853.484,0.14042
3851.555,0.14019
3849.627,0.13999
3847.698,0.13989
3845.769,0.13982
3843.841,0.13970
3841.912,0.13960
3839.983,0.13958
3838.055,0.13959
3836.126,0.13953
3834.197,0.13943
3832.269,0.13934
3830.340,0.13928
3828.411,0.13919
3826.483,0.13905
3824.554,0.13896
3822.625,0.13894
3820.697,0.13889
3818.768,0.13878
3816.839,0.13868
3814.911,0.13861
3812.982,0.13854
3811.053,0.13844
3809.125,0.13833
3807.196,0.13824
3805.267,0.13822
3803.339,0.13820
3801.410,0.13808
3799.481,0.13792
3797.553,0.13785
3795.624,0.13782
3793.695,0.13773
3791.767,0.13762
3789.838,0.13755
3787.909,0.13750
3785.980,0.13738
3784.052,0.13722
3782.123,0.13712
3780.194,0.13708
3778.266,0.13703
3776.337,0.13690
3774.408,0.13677
3772.480,0.13674
3770.551,0.13674
3768.622,0.13667
3766.694,0.13658
3764.765,0.13652
3762.836,0.13650
3760.908,0.13646
3758.979,0.13637
3757.050,0.13628
3755.122,0.13628
3753.193,0.13633
3751.264,0.13628
3749.336,0.13614
3747.407,0.13607
3745.478,0.13609
3743.550,0.13601
3741.621,0.13583
3739.692,0.13573
3737.764,0.13573
3735.835,0.13569
3733.906,0.13556
3731.978,0.13542
3730.049,0.13533
3728.120,0.13529
3726.192,0.13522
3724.263,0.13512
3722.334,0.13506
3720.406,0.13504
3718.477,0.13500
3716.548,0.13491
3714.620,0.13486
3712.691,0.13487
3710.762,0.13488
3708.834,0.13480
3706.905,0.13472
3704.976,0.13473
3703.048,0.13479
3701.119,0.13476
3699.190,0.13467
3697.262,0.13460
3695.333,0.13460
3693.404,0.13461
3691.476,0.13459
3689.547,0.13457
3687.618,0.13461
3685.690,0.13465
3683.761,0.13465
3681.832,0.13465
3679.904,0.13472
3677.975,0.13485
3676.046,0.13490
3674.118,0.13485
3672.189,0.13482
3670.260,0.13486
3668.332,0.13487
3666.403,0.13480
3664.474,0.13473
3662.546,0.13474
3660.617,0.13481
3658.688,0.13483
3656.760,0.13481
3654.831,0.13481
3652.902,0.13491
3650.974,0.13502
3649.045,0.13502
3647.116,0.13497
3645.188,0.13498
3643.259,0.13504
3641.330,0.13509
3639.402,0.13516
3637.473,0.13527
3635.544,0.13540
3633.616,0.13551
3631.687,0.13562
3629.758,0.13576
3627.830,0.13588
3625.901,0.13596
3623.972,0.13602
3622.043,0.13614
3620.115,0.13635
3618.186,0.13656
3616.257,0.13669
3614.329,0.13680
3612.400,0.13696
3610.471,0.13717
3608.543,0.13735
3606.614,0.13746
3604.685,0.13757
3602.757,0.13775
3600.828,0.13795
3598.899,0.13811
3596.971,0.13826
3595.042,0.13843
3593.113,0.13861
3591.185,0.13879
3589.256,0.13895
3587.327,0.13910
3585.399,0.13927
3583.470,0.13944
3581.541,0.13957
3579.613,0.13967
3577.684,0.13981
3575.755,0.13998
3573.827,0.14013
3571.898,0.14028
3569.969,0.14046
3568.041,0.14065
3566.112,0.14080
3564.183,0.14091
3562.255,0.14102
3560.326,0.14116
3558.397,0.14129
3556.469,0.14142
3554.540,0.14154
3552.611,0.14171
3550.683,0.14192
3548.754,0.14211
3546.825,0.14223
3544.897,0.14234
3542.968,0.14250
3541.039,0.14267
3539.111,0.14281
3537.182,0.14294
3535.253,0.14309
3533.325,0.14322
3531.396,0.14332
3529.467,0.14338
3527.539,0.14343
3525.610,0.14352
3523.681,0.14360
3521.753,0.14366
3519.824,0.14374
3517.895,0.14388
3515.967,0.14403
3514.038,0.14412
3512.109,0.14418
3510.181,0.14425
3508.252,0.14434
3506.323,0.14445
3504.395,0.14455
3502.466,0.14462
3500.537,0.14472
3498.609,0.14484
3496.680,0.14494
3494.751,0.14503
3492.823,0.14513
3490.894,0.14524
3488.965,0.14534
3487.037,0.14543
3485.108,0.14553
3483.179,0.14564
3481.251,0.14575
3479.322,0.14584
3477.393,0.14593
3475.465,0.14604
3473.536,0.14617
3471.607,0.14629
3469.679,0.14644
3467.750,0.14663
3465.821,0.14685
3463.892,0.14700
3461.964,0.14708
3460.035,0.14712
3458.106,0.14716
3456.178,0.14721
3454.249,0.14724
3452.320,0.14729
3450.392,0.14735
3448.463,0.14741
3446.534,0.14741
3444.606,0.14738
3442.677,0.14735
3440.748,0.14733
3438.820,0.14728
3436.891,0.14723
3434.962,0.14719
3433.034,0.14716
3431.105,0.14712
3429.176,0.14703
3427.248,0.14694
3425.319,0.14687
3423.390,0.14681
3421.462,0.14674
3419.533,0.14666
3417.604,0.14659
3415.676,0.14652
3413.747,0.14641
3411.818,0.14621
3409.890,0.14597
3407.961,0.14570
3406.032,0.14544
3404.104,0.14518
3402.175,0.14493
3400.246,0.14467
3398.318,0.14441
3396.389,0.14419
3394.460,0.14399
3392.532,0.14376
3390.603,0.14350
3388.674,0.14326
3386.746,0.14303
3384.817,0.14281
3382.888,0.14260
3380.960,0.14240
3379.031,0.14220
3377.102,0.14197
3375.174,0.14168
3373.245,0.14135
3371.316,0.14101
3369.388,0.14071
3367.459,0.14043
3365.530,0.14016
3363.602,0.13987
3361.673,0.13958
3359.744,0.13929
3357.816,0.13898
3355.887,0.13865
3353.958,0.13836
3352.030,0.13813
3350.101,0.13792
3348.172,0.13767
3346.244,0.13738
3344.315,0.13706
3342.386,0.13674
3340.458,0.13644
3338.529,0.13617
3336.600,0.13593
3334.672,0.13569
3332.743,0.13546
3330.814,0.13526
3328.886,0.13507
3326.957,0.13487
3325.028,0.13469
3323.100,0.13454
3321.171,0.13440
3319.242,0.13426
3317.314,0.13410
3315.385,0.13392
3313.456,0.13373
3311.528,0.13354
3309.599,0.13337
3307.670,0.13319
3305.742,0.13301
3303.813,0.13285
3301.884,0.13276
3299.955,0.13268
3298.027,0.13254
3296.098,0.13238
3294.169,0.13227
3292.241,0.13219
3290.312,0.13210
3288.383,0.13197
3286.455,0.13184
3284.526,0.13175
3282.597,0.13168
3280.669,0.13159
3278.740,0.13147
3276.811,0.13136
3274.883,0.13127
3272.954,0.13115
3271.025,0.13104
3269.097,0.13096
3267.168,0.13089
3265.239,0.13080
3263.311,0.13066
3261.382,0.13049
3259.453,0.13034
3257.525,0.13020
3255.596,0.13005
3253.667,0.12989
3251.739,0.12976
3249.810,0.12962
3247.881,0.12943
3245.953,0.12921
3244.024,0.12900
3242.095,0.12882
3240.167,0.12864
3238.238,0.12840
3236.309,0.12816
3234.381,0.12796
3232.452,0.12777
3230.523,0.12754
3228.595,0.12731
3226.666,0.12711
3224.737,0.12694
3222.809,0.12671
3220.880,0.12645
3218.951,0.12622
3217.023,0.12603
3215.094,0.12581
3213.165,0.12554
3211.237,0.12525
3209.308,0.12499
3207.379,0.12476
3205.451,0.12448
3203.522,0.12418
3201.593,0.12394
3199.665,0.12377
3197.736,0.12360
3195.807,0.12343
3193.879,0.12331
3191.950,0.12326
3190.021,0.12320
3188.093,0.12312
3186.164,0.12306
3184.235,0.12307
3182.307,0.12310
3180.378,0.12306
3178.449,0.12293
3176.521,0.12283
3174.592,0.12279
3172.663,0.12274
3170.735,0.12266
3168.806,0.12259
3166.877,0.12258
3164.949,0.12255
3163.020,0.12244
3161.091,0.12230
3159.163,0.12221
3157.234,0.12216
3155.305,0.12206
3153.377,0.12189
3151.448,0.12173
3149.519,0.12165
3147.591,0.12161
3145.662,0.12157
3143.733,0.12161
3141.804,0.12177
3139.876,0.12198
3137.947,0.12213
3136.018,0.12218
3134.090,0.12219
3132.161,0.12216
3130.232,0.12205
3128.304,0.12186
3126.375,0.12169
3124.446,0.12161
3122.518,0.12162
3120.589,0.12164
3118.660,0.12169
3116.732,0.12189
3114.803,0.12221
3112.874,0.12255
3110.946,0.12287
3109.017,0.12321
3107.088,0.12357
3105.160,0.12386
3103.231,0.12406
3101.302,0.12432
3099.374,0.12476
3097.445,0.12531
3095.516,0.12594
3093.588,0.12673
3091.659,0.12791
3089.730,0.12972
3087.802,0.13246
3085.873,0.13687
3083.944,0.14457
3082.016,0.15862
3080.087,0.18377
3078.158,0.22067
3076.230,0.25342
3074.301,0.25676
3072.372,0.23369
3070.444,0.21558
3068.515,0.22032
3066.586,0.23342
3064.658,0.22690
3062.729,0.19878
3060.800,0.16981
3058.872,0.15092
3056.943,0.14026
3055.014,0.13370
3053.086,0.12898
3051.157,0.12554
3049.228,0.12326
3047.300,0.12180
3045.371,0.12073
3043.442,0.11980
3041.514,0.11902
3039.585,0.11840
3037.656,0.11788
3035.728,0.11738
3033.799,0.11697
3031.870,0.11676
3029.942,0.11672
3028.013,0.11674
3026.084,0.11683
3024.156,0.11710
3022.227,0.11756
3020.298,0.11808
3018.370,0.11868
3016.441,0.11956
3014.512,0.12094
3012.584,0.12289
3010.655,0.12553
3008.726,0.12936
3006.798,0.13499
3004.869,0.14202
3002.940,0.14801
3001.012,0.14983
2999.083,0.14690
2997.154,0.14166
2995.226,0.13670
2993.297,0.13303
2991.368,0.13063
2989.440,0.12923
2987.511,0.12849
2985.582,0.12813
2983.654,0.12810
2981.725,0.12846
2979.796,0.12919
2977.867,0.13019
2975.939,0.13142
2974.010,0.13296
2972.081,0.13487
2970.153,0.13705
2968.224,0.13931
2966.295,0.14152
2964.367,0.14359
2962.438,0.14531
2960.509,0.14645
2958.581,0.14701
2956.652,0.14722
2954.723,0.14737
2952.795,0.14769
2950.866,0.14821
2948.937,0.14859
2947.009,0.14838
2945.080,0.14767
2943.151,0.14705
2941.223,0.14704
2939.294,0.14779
2937.365,0.14907
2935.437,0.15046
2933.508,0.15162
2931.579,0.15241
2929.651,0.15276
2927.722,0.15253
2925.793,0.15167
2923.865,0.15034
2921.936,0.14874
2920.007,0.14695
2918.079,0.14493
2916.150,0.14276
2914.221,0.14067
2912.293,0.13884
2910.364,0.13725
2908.435,0.13582
2906.507,0.13457
2904.578,0.13350
2902.649,0.13248
2900.721,0.13143
2898.792,0.13035
2896.863,0.12934
2894.935,0.12836
2893.006,0.12735
2891.077,0.12633
2889.149,0.12549
2887.220,0.12492
2885.291,0.12460
2883.363,0.12449
2881.434,0.12463
2879.505,0.12500
2877.577,0.12547
2875.648,0.12577
2873.719,0.12575
2871.791,0.12553
2869.862,0.12537
2867.933,0.12549
2866.005,0.12598
2864.076,0.12681
2862.147,0.12774
2860.219,0.12835
2858.290,0.12829
2856.361,0.12756
2854.433,0.12637
2852.504,0.12485
2850.575,0.12300
2848.647,0.12094
2846.718,0.11899
2844.789,0.11755
2842.861,0.11668
2840.932,0.11621
2839.003,0.11595
2837.075,0.11572
2835.146,0.11532
2833.217,0.11461
2831.289,0.11364
2829.360,0.11254
2827.431,0.11139
2825.503,0.11023
2823.574,0.10913
2821.645,0.10830
2819.716,0.10779
2817.788,0.10753
2815.859,0.10742
2813.930,0.10742
2812.002,0.10755
2810.073,0.10771
2808.144,0.10778
2806.216,0.10773
2804.287,0.10759
2802.358,0.10729
2800.430,0.10671
2798.501,0.10584
2796.572,0.10484
2794.644,0.10388
2792.715,0.10301
2790.786,0.10225
2788.858,0.10163
2786.929,0.10119
2785.000,0.10086
2783.072,0.10056
2781.143,0.10029
2779.214,0.10011
2777.286,0.10005
2775.357,0.10003
2773.428,0.10000
2771.500,0.09999
2769.571,0.10003
2767.642,0.10008
2765.714,0.10009
2763.785,0.10014
2761.856,0.10033
2759.928,0.10065
2757.999,0.10101
2756.070,0.10137
2754.142,0.10179
2752.213,0.10232
2750.284,0.10284
2748.356,0.10315
2746.427,0.10313
2744.498,0.10277
2742.570,0.10216
2740.641,0.10141
2738.712,0.10068
2736.784,0.10006
2734.855,0.09957
2732.926,0.09913
2730.998,0.09870
2729.069,0.09833
2727.140,0.09805
2725.212,0.09780
2723.283,0.09750
2721.354,0.09721
2719.426,0.09704
2717.497,0.09695
2715.568,0.09682
2713.640,0.09668
2711.711,0.09662
2709.782,0.09665
2707.854,0.09667
2705.925,0.09664
2703.996,0.09662
2702.068,0.09664
2700.139,0.09659
2698.210,0.09648
2696.282,0.09640
2694.353,0.09641
2692.424,0.09647
2690.496,0.09652
2688.567,0.09654
2686.638,0.09659
2684.710,0.09666
2682.781,0.09664
2680.852,0.09655
2678.924,0.09648
2676.995,0.09652
2675.066,0.09659
2673.138,0.09657
2671.209,0.09647
2669.280,0.09633
2667.352,0.09616
2665.423,0.09589
2663.494,0.09558
2661.566,0.09532
2659.637,0.09511
2657.708,0.09489
2655.779,0.09462
2653.851,0.09439
2651.922,0.09425
2649.993,0.09412
2648.065,0.09395
2646.136,0.09381
2644.207,0.09377
2642.279,0.09377
2640.350,0.09373
2638.421,0.09366
2636.493,0.09364
2634.564,0.09369
2632.635,0.09375
2630.707,0.09378
2628.778,0.09385
2626.849,0.09404
2624.921,0.09426
2622.992,0.09443
2621.063,0.09454
2619.135,0.09466
2617.206,0.09474
2615.277,0.09472
2613.349,0.09462
2611.420,0.09459
2609.491,0.09466
2607.563,0.09474
2605.634,0.09476
2603.705,0.09475
2601.777,0.09474
2599.848,0.09467
2597.919,0.09452
2595.991,0.09435
2594.062,0.09429
2592.133,0.09433
2590.205,0.09437
2588.276,0.09439
2586.347,0.09442
2584.419,0.09447
2582.490,0.09445
2580.561,0.09428
2578.633,0.09403
2576.704,0.09376
2574.775,0.09349
2572.847,0.09315
2570.918,0.09280
2568.989,0.09253
2567.061,0.09232
2565.132,0.09208
2563.203,0.09178
2561.275,0.09148
2559.346,0.09126
2557.417,0.09110
2555.489,0.09095
2553.560,0.09086
2551.631,0.09091
2549.703,0.09107
2547.774,0.09124
2545.845,0.09135
2543.917,0.09144
2541.988,0.09152
2540.059,0.09148
2538.131,0.09130
2536.202,0.09108
2534.273,0.09089
2532.345,0.09069
2530.416,0.09042
2528.487,0.09015
2526.559,0.08998
2524.630,0.08989
2522.701,0.08978
2520.773,0.08963
2518.844,0.08955
2516.915,0.08962
2514.987,0.08976
2513.058,0.08988
2511.129,0.09001
2509.201,0.09022
2507.272,0.09048
2505.343,0.09067
2503.415,0.09080
2501.486,0.09093
2499.557,0.09105
2497.628,0.09108
2495.700,0.09102
2493.771,0.09098
2491.842,0.09107
2489.914,0.09123
2487.985,0.09135
2486.056,0.09149
2484.128,0.09171
2482.199,0.09194
2480.270,0.09203
2478.342,0.09197
2476.413,0.09192
2474.484,0.09196
2472.556,0.09199
2470.627,0.09196
2468.698,0.09191
2466.770,0.09185
2464.841,0.09174
2462.912,0.09152
2460.984,0.09126
2459.055,0.09109
2457.126,0.09104
2455.198,0.09100
2453.269,0.09091
2451.340,0.09077
2449.412,0.09061
2447.483,0.09040
2445.554,0.09011
2443.626,0.08981
2441.697,0.08957
2439.768,0.08937
2437.840,0.08920
2435.911,0.08910
2433.982,0.08914
2432.054,0.08930
2430.125,0.08947
2428.196,0.08960
2426.268,0.08973
2424.339,0.08990
2422.410,0.09000
2420.482,0.08990
2418.553,0.08963
2416.624,0.08934
2414.696,0.08913
2412.767,0.08897
2410.838,0.08886
2408.910,0.08881
2406.981,0.08882
2405.052,0.08879
2403.124,0.08867
2401.195,0.08851
2399.266,0.08841
2397.338,0.08838
2395.409,0.08838
2393.480,0.08842
2391.552,0.08857
2389.623,0.08884
2387.694,0.08916
2385.766,0.08948
2383.837,0.08984
2381.908,0.09021
2379.980,0.09049
2378.051,0.09059
2376.122,0.09051
2374.194,0.09029
2372.265,0.09002
2370.336,0.08974
2368.408,0.08947
2366.479,0.08929
2364.550,0.08923
2362.622,0.08921
2360.693,0.08920
2358.764,0.08919
2356.836,0.08921
2354.907,0.08927
2352.978,0.08930
2351.050,0.08929
2349.121,0.08925
2347.192,0.08919
2345.264,0.08904
2343.335,0.08873
2341.406,0.08828
2339.478,0.08775
2337.549,0.08719
2335.620,0.08666
2333.691,0.08621
2331.763,0.08589
2329.834,0.08570
2327.905,0.08555
2325.977,0.08541
2324.048,0.08532
2322.119,0.08531
2320.191,0.08536
2318.262,0.08541
2316.333,0.08548
2314.405,0.08561
2312.476,0.08584
2310.547,0.08613
2308.619,0.08642
2306.690,0.08673
2304.761,0.08705
2302.833,0.08734
2300.904,0.08754
2298.975,0.08762
2297.047,0.08758
2295.118,0.08739
2293.189,0.08709
2291.261,0.08673
2289.332,0.08639
2287.403,0.08612
2285.475,0.08593
2283.546,0.08579
2281.617,0.08567
2279.689,0.08556
2277.760,0.08548
2275.831,0.08541
2273.903,0.08532
2271.974,0.08524
2270.045,0.08521
2268.117,0.08521
2266.188,0.08517
2264.259,0.08506
2262.331,0.08492
2260.402,0.08481
2258.473,0.08470
2256.545,0.08456
2254.616,0.08439
2252.687,0.08428
2250.759,0.08420
2248.830,0.08408
2246.901,0.08389
2244.973,0.08370
2243.044,0.08356
2241.115,0.08341
2239.187,0.08321
2237.258,0.08304
2235.329,0.08295
2233.401,0.08290
2231.472,0.08279
2229.543,0.08261
2227.615,0.08248
2225.686,0.08241
2223.757,0.08232
2221.829,0.08219
2219.900,0.08209
2217.971,0.08209
2216.043,0.08211
2214.114,0.08206
2212.185,0.08198
2210.257,0.08198
2208.328,0.08206
2206.399,0.08211
2204.471,0.08215
2202.542,0.08231
2200.613,0.08261
2198.685,0.08288
2196.756,0.08302
2194.827,0.08309
2192.899,0.08318
2190.970,0.08322
2189.041,0.08310
2187.113,0.08289
2185.184,0.08276
2183.255,0.08275
2181.327,0.08273
2179.398,0.08261
2177.469,0.08251
2175.540,0.08252
2173.612,0.08257
2171.683,0.08254
2169.754,0.08250
2167.826,0.08260
2165.897,0.08277
2163.968,0.08283
2162.040,0.08275
2160.111,0.08266
2158.182,0.08261
2156.254,0.08249
2154.325,0.08224
2152.396,0.08203
2150.468,0.08197
2148.539,0.08196
2146.610,0.08185
2144.682,0.08169
2142.753,0.08162
2140.824,0.08164
2138.896,0.08162
2136.967,0.08152
2135.038,0.08150
2133.110,0.08163
2131.181,0.08178
2129.252,0.08178
2127.324,0.08167
2125.395,0.08158
2123.466,0.08153
2121.538,0.08138
2119.609,0.08117
2117.680,0.08107
2115.752,0.08115
2113.823,0.08121
2111.894,0.08113
2109.966,0.08101
2108.037,0.08101
2106.108,0.08107
2104.180,0.08104
2102.251,0.08095
2100.322,0.08095
2098.394,0.08099
2096.465,0.08092
2094.536,0.08070
2092.608,0.08047
2090.679,0.08034
2088.750,0.08019
2086.822,0.07992
2084.893,0.07966
2082.964,0.07960
2081.036,0.07969
2079.107,0.07975
2077.178,0.07981
2075.250,0.08005
2073.321,0.08049
2071.392,0.08089
2069.464,0.08112
2067.535,0.08128
2065.606,0.08148
2063.678,0.08160
2061.749,0.08148
2059.820,0.08122
2057.892,0.08104
2055.963,0.08096
2054.034,0.08083
2052.106,0.08057
2050.177,0.08036
2048.248,0.08029
2046.320,0.08023
2044.391,0.08007
2042.462,0.07992
2040.534,0.07997
2038.605,0.08014
2036.676,0.08026
2034.748,0.08031
2032.819,0.08049
2030.890,0.08082
2028.962,0.08109
2027.033,0.08114
2025.104,0.08109
2023.176,0.08111
2021.247,0.08112
2019.318,0.08097
2017.390,0.08077
2015.461,0.08074
2013.532,0.08089
2011.603,0.08099
2009.675,0.08098
2007.746,0.08103
2005.817,0.08120
2003.889,0.08132
2001.960,0.08124
2000.031,0.08108
1998.103,0.08105
1996.174,0.08112
1994.245,0.08113
1992.317,0.08106
1990.388,0.08112
1988.459,0.08135
1986.531,0.08158
1984.602,0.08168
1982.673,0.08178
1980.745,0.08204
1978.816,0.08229
1976.887,0.08235
1974.959,0.08229
1973.030,0.08233
1971.101,0.08249
1969.173,0.08256
1967.244,0.08249
1965.315,0.08250
1963.387,0.08268
1961.458,0.08286
1959.529,0.08285
1957.601,0.08275
1955.672,0.08276
1953.743,0.08286
1951.815,0.08286
1949.886,0.08279
1947.957,0.08284
1946.029,0.08304
1944.100,0.08318
1942.171,0.08311
1940.243,0.08300
1938.314,0.08302
1936.385,0.08306
1934.457,0.08295
1932.528,0.08279
1930.599,0.08281
1928.671,0.08299
1926.742,0.08309
1924.813,0.08307
1922.885,0.08313
1920.956,0.08335
1919.027,0.08356
1917.099,0.08357
1915.170,0.08350
1913.241,0.08356
1911.313,0.08366
1909.384,0.08359
1907.455,0.08339
1905.527,0.08328
1903.598,0.08332
1901.669,0.08332
1899.741,0.08319
1897.812,0.08310
1895.883,0.08321
1893.955,0.08341
1892.026,0.08350
1890.097,0.08357
1888.169,0.08378
1886.240,0.08411
1884.311,0.08435
1882.383,0.08446
1880.454,0.08464
1878.525,0.08497
1876.597,0.08522
1874.668,0.08526
1872.739,0.08524
1870.811,0.08537
1868.882,0.08556
1866.953,0.08557
1865.025,0.08549
1863.096,0.08552
1861.167,0.08566
1859.239,0.08570
1857.310,0.08555
1855.381,0.08541
1853.452,0.08547
1851.524,0.08559
1849.595,0.08563
1847.666,0.08571
1845.738,0.08601
1843.809,0.08643
1841.880,0.08671
1839.952,0.08685
1838.023,0.08704
1836.094,0.08736
1834.166,0.08763
1832.237,0.08778
1830.308,0.08795
1828.380,0.08830
1826.451,0.08870
1824.522,0.08895
1822.594,0.08914
1820.665,0.08948
1818.736,0.08997
1816.808,0.09041
1814.879,0.09077
1812.950,0.09123
1811.022,0.09185
1809.093,0.09242
1807.164,0.09274
1805.236,0.09295
1803.307,0.09327
1801.378,0.09362
1799.450,0.09382
1797.521,0.09393
1795.592,0.09419
1793.664,0.09464
1791.735,0.09505
1789.806,0.09532
1787.878,0.09569
1785.949,0.09632
1784.020,0.09703
1782.092,0.09765
1780.163,0.09832
1778.234,0.09921
1776.306,0.10018
1774.377,0.10099
1772.448,0.10157
1770.520,0.10207
1768.591,0.10253
1766.662,0.10282
1764.734,0.10302
1762.805,0.10342
1760.876,0.10417
1758.948,0.10516
1757.019,0.10628
1755.090,0.10772
1753.162,0.10986
1751.233,0.11289
1749.304,0.11685
1747.376,0.12193
1745.447,0.12810
1743.518,0.13452
1741.590,0.13970
1739.661,0.14237
1737.732,0.14227
1735.804,0.13997
1733.875,0.13630
1731.946,0.13217
1730.018,0.12850
1728.089,0.12583
1726.160,0.12413
1724.232,0.12309
1722.303,0.12250
1720.374,0.12245
1718.446,0.12288
1716.517,0.12345
1714.588,0.12394
1712.660,0.12449
1710.731,0.12525
1708.802,0.12604
1706.874,0.12663
1704.945,0.12711
1703.016,0.12772
1701.088,0.12843
1699.159,0.12898
1697.230,0.12942
1695.302,0.13002
1693.373,0.13087
1691.444,0.13177
1689.515,0.13255
1687.587,0.13335
1685.658,0.13434
1683.729,0.13540
1681.801,0.13635
1679.872,0.13736
1677.943,0.13864
1676.015,0.14013
1674.086,0.14155
1672.157,0.14290
1670.229,0.14442
1668.300,0.14618
1666.371,0.14801
1664.443,0.14988
1662.514,0.15192
1660.585,0.15423
1658.657,0.15669
1656.728,0.15917
1654.799,0.16180
1652.871,0.16471
1650.942,0.16780
1649.013,0.17085
1647.085,0.17375
1645.156,0.17658
1643.227,0.17941
1641.299,0.18216
1639.370,0.18485
1637.441,0.18782
1635.513,0.19132
1633.584,0.19524
1631.655,0.19947
1629.727,0.20412
1627.798,0.20934
1625.869,0.21505
1623.941,0.22110
1622.012,0.22759
1620.083,0.23484
1618.155,0.24305
1616.226,0.25214
1614.297,0.26219
1612.369,0.27384
1610.440,0.28811
1608.511,0.30625
1606.583,0.32979
1604.654,0.36016
1602.725,0.39659
1600.797,0.43369
1598.868,0.46285
1596.939,0.48001
1595.011,0.48936
1593.082,0.49253
1591.153,0.48004
1589.225,0.44619
1587.296,0.40355
1585.367,0.37002
1583.439,0.35453
1581.510,0.35778
1579.581,0.37601
1577.653,0.40135
1575.724,0.42255
1573.795,0.42956
1571.867,0.41818
1569.938,0.39029
1568.009,0.35198
1566.081,0.31084
1564.152,0.27243
1562.223,0.23916
1560.295,0.21151
1558.366,0.18955
1556.437,0.17351
1554.509,0.16360
1552.580,0.15988
1550.651,0.16233
1548.723,0.17144
1546.794,0.18862
1544.865,0.21552
1542.937,0.25051
1541.008,0.28504
1539.079,0.30929
1537.151,0.32448
1535.222,0.33825
1533.293,0.34774
1531.364,0.34154
1529.436,0.31732
1527.507,0.28493
1525.578,0.25426
1523.650,0.22920
1521.721,0.20959
1519.792,0.19415
1517.864,0.18183
1515.935,0.17190
1514.006,0.16374
1512.078,0.15692
1510.149,0.15123
1508.220,0.14646
1506.292,0.14209
1504.363,0.13773
1502.434,0.13352
1500.506,0.13000
1498.577,0.12753
1496.648,0.12583
1494.720,0.12439
1492.791,0.12307
1490.862,0.12197
1488.934,0.12106
1487.005,0.12032
1485.076,0.12012
1483.148,0.12110
1481.219,0.12340
1479.290,0.12660
1477.362,0.13047
1475.433,0.13537
1473.504,0.14181
1471.576,0.15028
1469.647,0.16166
1467.718,0.17785
1465.790,0.20201
1463.861,0.23649
1461.932,0.27529
1460.004,0.29891
1458.075,0.28905
1456.146,0.25170
1454.218,0.20897
1452.289,0.17593
1450.360,0.15607
1448.432,0.14748
1446.503,0.14748
1444.574,0.15434
1442.646,0.16769
1440.717,0.18788
1438.788,0.21371
1436.860,0.23942
1434.931,0.25510
1433.002,0.25539
1431.074,0.24629
1429.145,0.23890
1427.216,0.24027
1425.288,0.24861
1423.359,0.25156
1421.430,0.23623
1419.502,0.20646
1417.573,0.17776
1415.644,0.15947
1413.716,0.15157
1411.787,0.15065
1409.858,0.15389
1407.930,0.16017
1406.001,0.16935
1404.072,0.18157
1402.144,0.19751
1400.215,0.21875
1398.286,0.24646
1396.358,0.27889
1394.429,0.31067
1392.500,0.33589
1390.572,0.35004
1388.643,0.34827
1386.714,0.32836
1384.786,0.29554
1382.857,0.25954
1380.928,0.22914
1379.000,0.20880
1377.071,0.19536
1375.142,0.18009
1373.214,0.16037
1371.285,0.14316
1369.356,0.13397
1367.427,0.13184
1365.499,0.13426
1363.570,0.14066
1361.641,0.15159
1359.713,0.16767
1357.784,0.18947
1355.855,0.21584
1353.927,0.24088
1351.998,0.25430
1350.069,0.24969
1348.141,0.23199
1346.212,0.21201
1344.283,0.19650
1342.355,0.18664
1340.426,0.18219
1338.497,0.18281
1336.569,0.18640
1334.640,0.19028
1332.711,0.19465
1330.783,0.20219
1328.854,0.21465
1326.925,0.23123
1324.997,0.24924
1323.068,0.26514
1321.139,0.27616
1319.211,0.28236
1317.282,0.28699
1315.353,0.29334
1313.425,0.30050
1311.496,0.30238
1309.567,0.29279
1307.639,0.27231
1305.710,0.24792
1303.781,0.22649
1301.853,0.21078
1299.924,0.20064
1297.995,0.19536
1296.067,0.19446
1294.138,0.19719
1292.209,0.20277
1290.281,0.21128
1288.352,0.22383
1286.423,0.24181
1284.495,0.26700
1282.566,0.30239
1280.637,0.35098
1278.709,0.41068
1276.780,0.46948
1274.851,0.51263
1272.923,0.54049
1270.994,0.56411
1269.065,0.58038
1267.137,0.57073
1265.208,0.52813
1263.279,0.46870
1261.351,0.41180
1259.422,0.36517
1257.493,0.32808
1255.565,0.29852
1253.636,0.27622
1251.707,0.26159
1249.779,0.25327
1247.850,0.24752
1245.921,0.24213
1243.993,0.23958
1242.064,0.24399
1240.135,0.25713
1238.207,0.27702
1236.278,0.29744
1234.349,0.31029
1232.421,0.31131
1230.492,0.30287
1228.563,0.29086
1226.635,0.28067
1224.706,0.27604
1222.777,0.27910
1220.849,0.28863
1218.920,0.29807
1216.991,0.29888
1215.063,0.28824
1213.134,0.27081
1211.205,0.25259
1209.277,0.23636
1207.348,0.22211
1205.419,0.20947
1203.490,0.19883
1201.562,0.19033
1199.633,0.18307
1197.704,0.17623
1195.776,0.17011
1193.847,0.16536
1191.918,0.16152
1189.990,0.15760
1188.061,0.15364
1186.132,0.15055
1184.204,0.14842
1182.275,0.14613
1180.346,0.14316
1178.418,0.14036
1176.489,0.13837
1174.560,0.13640
1172.632,0.13360
1170.703,0.13047
1168.774,0.12801
1166.846,0.12592
1164.917,0.12318
1162.988,0.11994
1161.060,0.11737
1159.131,0.11570
1157.202,0.11378
1155.274,0.11104
1153.345,0.10844
1151.416,0.10673
1149.488,0.10508
1147.559,0.10253
1145.630,0.09974
1143.702,0.09796
1141.773,0.09689
1139.844,0.09536
1137.916,0.09345
1135.987,0.09246
1134.058,0.09272
1132.130,0.09289
1130.201,0.09193
1128.272,0.09040
1126.344,0.08912
1124.415,0.08762
1122.486,0.08517
1120.558,0.08250
1118.629,0.08091
1116.700,0.08012
1114.772,0.07879
1112.843,0.07685
1110.914,0.07563
1108.986,0.07553
1107.057,0.07532
1105.128,0.07421
1103.200,0.07323
1101.271,0.07333
1099.342,0.07366
1097.414,0.07308
1095.485,0.07221
1093.556,0.07240
1091.628,0.07344
1089.699,0.07396
1087.770,0.07377
1085.842,0.07399
1083.913,0.07489
1081.984,0.07517
1080.056,0.07426
1078.127,0.07342
1076.198,0.07380
1074.270,0.07467
1072.341,0.07499
1070.412,0.07541
1068.484,0.07727
1066.555,0.08038
1064.626,0.08342
1062.698,0.08636
1060.769,0.09048
1058.840,0.09622
1056.912,0.10271
1054.983,0.10989
1053.054,0.11956
1051.126,0.13360
1049.197,0.15263
1047.268,0.17798
1045.339,0.21313
1043.411,0.25934
1041.482,0.30489
1039.553,0.32426
1037.625,0.30578
1035.696,0.26760
1033.767,0.23033
1031.839,0.20073
1029.910,0.17955
1027.981,0.16733
1026.053,0.16362
1024.124,0.16596
1022.195,0.17063
1020.267,0.17443
1018.338,0.17524
1016.409,0.17156
1014.481,0.16289
1012.552,0.15073
1010.623,0.13800
1008.695,0.12663
1006.766,0.11632
1004.837,0.10634
1002.909,0.09747
1000.980,0.09098
999.051,0.08648
997.123,0.08248
995.194,0.07881
993.265,0.07660
991.337,0.07597
989.408,0.07555
987.479,0.07476
985.551,0.07470
983.622,0.07616
981.693,0.07819
979.765,0.07983
977.836,0.08190
975.907,0.08558
973.979,0.09046
972.050,0.09531
970.121,0.10029
968.193,0.10674
966.264,0.11488
964.335,0.12356
962.407,0.13244
960.478,0.14282
958.549,0.15570
956.621,0.17044
954.692,0.18623
952.763,0.20370
950.835,0.22312
948.906,0.24088
946.977,0.25065
945.049,0.25020
943.120,0.24421
941.191,0.23907
939.263,0.23858
937.334,0.24502
935.405,0.26098
933.477,0.28857
931.548,0.32755
929.619,0.37394
927.691,0.41830
925.762,0.44690
923.833,0.45171
921.905,0.43979
919.976,0.42570
918.047,0.41796
916.119,0.41564
914.190,0.41279
912.261,0.40397
910.333,0.38765
908.404,0.36577
906.475,0.34123
904.547,0.31615
902.618,0.29224
900.689,0.27098
898.761,0.25266
896.832,0.23626
894.903,0.22119
892.975,0.20852
891.046,0.20014
889.117,0.19852
887.189,0.20750
885.260,0.22819
883.331,0.25082
881.402,0.25899
879.474,0.24821
877.545,0.22871
875.616,0.21026
873.688,0.19557
871.759,0.18327
869.830,0.17205
867.902,0.16230
865.973,0.15458
864.044,0.14802
862.116,0.14160
860.187,0.13621
858.258,0.13482
856.330,0.14080
854.401,0.15262
852.472,0.16134
850.544,0.16319
848.615,0.16707
846.686,0.17929
844.758,0.19266
842.829,0.19503
840.900,0.18374
838.972,0.16646
837.043,0.15025
835.114,0.13771
833.186,0.12929
831.257,0.12376
829.328,0.11899
827.400,0.11443
825.471,0.11108
823.542,0.10912
821.614,0.10716
819.685,0.10452
817.756,0.10221
815.828,0.10100
813.899,0.09993
811.970,0.09791
810.042,0.09563
808.113,0.09445
806.184,0.09421
804.256,0.09402
802.327,0.09463
800.398,0.09819
798.470,0.10594
796.541,0.11838
794.612,0.13766
792.684,0.16778
790.755,0.21042
788.826,0.25980
786.898,0.30346
784.969,0.33204
783.040,0.34352
781.112,0.33558
779.183,0.30749
777.254,0.26860
775.326,0.23175
773.397,0.20276
771.468,0.18046
769.540,0.16249
767.611,0.14823
765.682,0.13759
763.754,0.12969
761.825,0.12536
759.896,0.13044
757.968,0.15325
756.039,0.19142
754.110,0.22083
752.182,0.21813
750.253,0.19318
748.324,0.16844
746.396,0.15209
744.467,0.14336
742.538,0.14182
740.610,0.14643
738.681,0.15162
736.752,0.15099
734.824,0.14459
732.895,0.13711
730.966,0.13099
729.038,0.12567
727.109,0.12086
725.180,0.11717
723.251,0.11454
721.323,0.11183
719.394,0.10872
717.465,0.10619
715.537,0.10475
713.608,0.10341
711.679,0.10134
709.751,0.09924
707.822,0.09802
705.893,0.09720
703.965,0.09577
702.036,0.09392
700.107,0.09267
698.179,0.09206
696.250,0.09110
694.321,0.08956
692.393,0.08837
690.464,0.08793
688.535,0.08742
686.607,0.08635
684.678,0.08548
682.749,0.08558
680.821,0.08633
678.892,0.08730
676.963,0.08919
675.035,0.09282
673.106,0.09704
671.177,0.09908
669.249,0.09767
667.320,0.09427
665.391,0.09080
663.463,0.08762
661.534,0.08452
659.605,0.08201
657.677,0.08045
655.748,0.07924
653.819,0.07779
651.891,0.07643
649.962,0.07581
648.033,0.07563
646.105,0.07513
644.176,0.07434
642.247,0.07394
640.319,0.07400
638.390,0.07378
636.461,0.07306
634.533,0.07259
632.604,0.07292
630.675,0.07363
628.747,0.07444
626.818,0.07597
624.889,0.07878
622.961,0.08260
621.032,0.08712
619.103,0.09300
617.175,0.10131
615.246,0.11257
613.317,0.12713
611.389,0.14536
609.460,0.16608
607.531,0.18515
605.603,0.19738
603.674,0.20028
601.745,0.19547
599.817,0.18703
597.888,0.18021
595.959,0.18055
594.031,0.18960
592.102,0.20072
590.173,0.20614
588.245,0.20527
586.316,0.19940
584.387,0.18804
582.459,0.17303
580.530,0.15791
578.601,0.14488
576.673,0.13467
574.744,0.12689
572.815,0.12056
570.887,0.11518
568.958,0.11082
567.029,0.10736
565.101,0.10432
563.172,0.10145
561.243,0.09901
559.314,0.09712
557.386,0.09542
555.457,0.09365
553.528,0.09206
551.600,0.09096
549.671,0.08999
547.742,0.08871
545.814,0.08736
543.885,0.08640
541.956,0.08562
540.028,0.08450
538.099,0.08321
536.170,0.08243
534.242,0.08207
532.313,0.08142
530.384,0.08042
528.456,0.07975
526.527,0.07959
524.598,0.07935
522.670,0.07866
520.741,0.07812
518.812,0.07811
516.884,0.07813
514.955,0.07782
513.026,0.07782
511.098,0.07870
509.169,0.07996
507.240,0.08096
505.312,0.08223
503.383,0.08463
501.454,0.08792
499.526,0.09145
497.597,0.09541
495.668,0.10052
493.740,0.10635
491.811,0.11132
489.882,0.11486
487.954,0.11768
486.025,0.11987
484.096,0.12044
482.168,0.11895
480.239,0.11658
478.310,0.11465
476.382,0.11291
474.453,0.11123
472.524,0.11097
470.596,0.11361
468.667,0.11942
466.738,0.12775
464.810,0.13756
462.881,0.14672
460.952,0.15149
459.024,0.14967
457.095,0.14353
455.166,0.13698
453.238,0.13126
451.309,0.12554
449.380,0.12002
447.452,0.11604
445.523,0.11337
443.594,0.11031
441.666,0.10645
439.737,0.10325
437.808,0.10153
435.880,0.10023
433.951,0.09810
432.022,0.09578
430.094,0.09477
428.165,0.09440
426.236,0.09314
424.308,0.09233
422.379,0.09447
420.450,0.09910
418.522,0.10438
416.593,0.11161
414.664,0.12348
412.736,0.13808
410.807,0.14862
408.878,0.15218
406.950,0.15477
405.021,0.16030
403.092,0.16502
401.163,0.16763
399.235,0.17176
