6999.146,0.29216
6997.217,0.29204
6995.288,0.29203
6993.360,0.29203
6991.431,0.29202
6989.502,0.29194
6987.574,0.29169
6985.645,0.29143
6983.716,0.29131
6981.788,0.29126
6979.859,0.29117
6977.930,0.29103
6976.002,0.29095
6974.073,0.29096
6972.144,0.29094
6970.216,0.29088
6968.287,0.29083
6966.358,0.29076
6964.430,0.29071
6962.501,0.29068
6960.572,0.29058
6958.644,0.29055
6956.715,0.29062
6954.786,0.29051
6952.858,0.29019
6950.929,0.28993
6949.000,0.28985
6947.072,0.28981
6945.143,0.28974
6943.214,0.28965
6941.286,0.28953
6939.357,0.28941
6937.428,0.28930
6935.500,0.28924
6933.571,0.28920
6931.642,0.28908
6929.714,0.28890
6927.785,0.28881
6925.856,0.28877
6923.928,0.28879
6921.999,0.28892
6920.070,0.28898
6918.142,0.28881
6916.213,0.28856
6914.284,0.28834
6912.356,0.28816
6910.427,0.28796
6908.498,0.28778
6906.570,0.28775
6904.641,0.28778
6902.712,0.28763
6900.784,0.28738
6898.855,0.28733
6896.926,0.28749
6894.998,0.28749
6893.069,0.28715
6891.140,0.28675
6889.212,0.28654
6887.283,0.28645
6885.354,0.28640
6883.426,0.28641
6881.497,0.28639
6879.568,0.28626
6877.640,0.28607
6875.711,0.28590
6873.782,0.28573
6871.854,0.28558
6869.925,0.28559
6867.996,0.28566
6866.068,0.28553
6864.139,0.28529
6862.210,0.28519
6860.282,0.28520
6858.353,0.28512
6856.424,0.28497
6854.496,0.28489
6852.567,0.28473
6850.638,0.28441
6848.709,0.28419
6846.781,0.28408
6844.852,0.28393
6842.923,0.28386
6840.995,0.28389
6839.066,0.28384
6837.137,0.28366
6835.209,0.28343
6833.280,0.28326
6831.351,0.28324
6829.423,0.28327
6827.494,0.28326
6825.565,0.28315
6823.637,0.28289
6821.708,0.28270
6819.779,0.28263
6817.851,0.28254
6815.922,0.28242
6813.993,0.28224
6812.065,0.28210
6810.136,0.28209
6808.207,0.28204
6806.279,0.28191
6804.350,0.28176
6802.421,0.28157
6800.493,0.28144
6798.564,0.28143
6796.635,0.28142
6794.707,0.28131
6792.778,0.28113
6790.849,0.28094
6788.921,0.28079
6786.992,0.28065
6785.063,0.28050
6783.135,0.28043
6781.206,0.28044
6779.277,0.28035
6777.349,0.28005
6775.420,0.27969
6773.491,0.27950
6771.563,0.27952
6769.634,0.27967
6767.705,0.27981
6765.777,0.27975
6763.848,0.27946
6761.919,0.27920
6759.991,0.27906
6758.062,0.27892
6756.133,0.27878
6754.205,0.27864
6752.276,0.27851
6750.347,0.27843
6748.419,0.27838
6746.490,0.27834
6744.561,0.27831
6742.633,0.27824
6740.704,0.27813
6738.775,0.27803
6736.847,0.27794
6734.918,0.27782
6732.989,0.27771
6731.061,0.27763
6729.132,0.27757
6727.203,0.27750
6725.275,0.27740
6723.346,0.27724
6721.417,0.27706
6719.489,0.27693
6717.560,0.27692
6715.631,0.27697
6713.703,0.27695
6711.774,0.27682
6709.845,0.27665
6707.917,0.27644
6705.988,0.27619
6704.059,0.27602
6702.131,0.27595
6700.202,0.27591
6698.273,0.27587
6696.345,0.27577
6694.416,0.27556
6692.487,0.27536
6690.558,0.27538
6688.630,0.27557
6686.701,0.27565
6684.772,0.27554
6682.844,0.27535
6680.915,0.27517
6678.986,0.27497
6677.058,0.27476
6675.129,0.27460
6673.200,0.27454
6671.272,0.27447
6669.343,0.27434
6667.414,0.27420
6665.486,0.27407
6663.557,0.27393
6661.628,0.27386
6659.700,0.27387
6657.771,0.27381
6655.842,0.27360
6653.914,0.27339
6651.985,0.27329
6650.056,0.27327
6648.128,0.27326
6646.199,0.27323
6644.270,0.27317
6642.342,0.27303
6640.413,0.27282
6638.484,0.27261
6636.556,0.27246
6634.627,0.27236
6632.698,0.27225
6630.770,0.27209
6628.841,0.27199
6626.912,0.27195
6624.984,0.27188
6623.055,0.27169
6621.126,0.27154
6619.198,0.27153
6617.269,0.27152
6615.340,0.27149
6613.412,0.27143
6611.483,0.27123
6609.554,0.27103
6607.626,0.27099
6605.697,0.27100
6603.768,0.27095
6601.840,0.27084
6599.911,0.27063
6597.982,0.27039
6596.054,0.27028
6594.125,0.27021
6592.196,0.27005
6590.268,0.26991
6588.339,0.26977
6586.410,0.26963
6584.482,0.26959
6582.553,0.26955
6580.624,0.26950
6578.696,0.26948
6576.767,0.26937
6574.838,0.26915
6572.910,0.26903
6570.981,0.26904
6569.052,0.26905
6567.124,0.26903
6565.195,0.26898
6563.266,0.26880
6561.338,0.26857
6559.409,0.26844
6557.480,0.26841
6555.552,0.26833
6553.623,0.26820
6551.694,0.26809
6549.766,0.26788
6547.837,0.26759
6545.908,0.26747
6543.980,0.26753
6542.051,0.26754
6540.122,0.26745
6538.194,0.26738
6536.265,0.26730
6534.336,0.26711
6532.408,0.26694
6530.479,0.26681
6528.550,0.26664
6526.621,0.26650
6524.693,0.26646
6522.764,0.26649
6520.835,0.26648
6518.907,0.26632
6516.978,0.26608
6515.049,0.26592
6513.121,0.26578
6511.192,0.26563
6509.263,0.26560
6507.335,0.26562
6505.406,0.26558
6503.477,0.26555
6501.549,0.26551
6499.620,0.26540
6497.691,0.26521
6495.763,0.26504
6493.834,0.26494
6491.905,0.26490
6489.977,0.26484
6488.048,0.26464
6486.119,0.26433
6484.191,0.26417
6482.262,0.26425
6480.333,0.26431
6478.405,0.26415
6476.476,0.26388
6474.547,0.26368
6472.619,0.26366
6470.690,0.26375
6468.761,0.26377
6466.833,0.26365
6464.904,0.26345
6462.975,0.26323
6461.047,0.26303
6459.118,0.26282
6457.189,0.26267
6455.261,0.26258
6453.332,0.26246
6451.403,0.26232
6449.475,0.26227
6447.546,0.26223
6445.617,0.26211
6443.689,0.26194
6441.760,0.26178
6439.831,0.26169
6437.903,0.26166
6435.974,0.26154
6434.045,0.26131
6432.117,0.26108
6430.188,0.26088
6428.259,0.26078
6426.331,0.26080
6424.402,0.26083
6422.473,0.26079
6420.545,0.26069
6418.616,0.26052
6416.687,0.26039
6414.759,0.26034
6412.830,0.26023
6410.901,0.26003
6408.973,0.25989
6407.044,0.25980
6405.115,0.25965
6403.187,0.25953
6401.258,0.25942
6399.329,0.25928
6397.401,0.25918
6395.472,0.25911
6393.543,0.25900
6391.615,0.25888
6389.686,0.25883
6387.757,0.25889
6385.829,0.25891
6383.900,0.25878
6381.971,0.25855
6380.043,0.25830
6378.114,0.25816
6376.185,0.25817
6374.257,0.25812
6372.328,0.25796
6370.399,0.25785
6368.471,0.25776
6366.542,0.25759
6364.613,0.25743
6362.684,0.25732
6360.756,0.25720
6358.827,0.25703
6356.898,0.25689
6354.970,0.25678
6353.041,0.25666
6351.112,0.25659
6349.184,0.25663
6347.255,0.25663
6345.326,0.25655
6343.398,0.25636
6341.469,0.25619
6339.540,0.25611
6337.612,0.25605
6335.683,0.25595
6333.754,0.25584
6331.826,0.25574
6329.897,0.25561
6327.968,0.25548
6326.040,0.25535
6324.111,0.25519
6322.182,0.25510
6320.254,0.25510
6318.325,0.25507
6316.396,0.25497
6314.468,0.25484
6312.539,0.25470
6310.610,0.25455
6308.682,0.25444
6306.753,0.25438
6304.824,0.25434
6302.896,0.25428
6300.967,0.25421
6299.038,0.25417
6297.110,0.25413
6295.181,0.25394
6293.252,0.25366
6291.324,0.25353
6289.395,0.25353
6287.466,0.25354
6285.538,0.25348
6283.609,0.25331
6281.680,0.25313
6279.752,0.25301
6277.823,0.25294
6275.894,0.25290
6273.966,0.25290
6272.037,0.25285
6270.108,0.25273
6268.180,0.25262
6266.251,0.25251
6264.322,0.25233
6262.394,0.25211
6260.465,0.25196
6258.536,0.25187
6256.608,0.25173
6254.679,0.25157
6252.750,0.25148
6250.822,0.25142
6248.893,0.25134
6246.964,0.25127
6245.036,0.25120
6243.107,0.25111
6241.178,0.25105
6239.250,0.25101
6237.321,0.25087
6235.392,0.25068
6233.464,0.25053
6231.535,0.25045
6229.606,0.25042
6227.678,0.25036
6225.749,0.25022
6223.820,0.25005
6221.892,0.24999
6219.963,0.24999
6218.034,0.24989
6216.106,0.24966
6214.177,0.24942
6212.248,0.24928
6210.320,0.24925
6208.391,0.24922
6206.462,0.24917
6204.533,0.24913
6202.605,0.24909
6200.676,0.24903
6198.747,0.24891
6196.819,0.24872
6194.890,0.24856
6192.961,0.24848
6191.033,0.24844
6189.104,0.24843
6187.175,0.24843
6185.247,0.24834
6183.318,0.24824
6181.389,0.24824
6179.461,0.24827
6177.532,0.24824
6175.603,0.24820
6173.675,0.24820
6171.746,0.24821
6169.817,0.24822
6167.889,0.24825
6165.960,0.24829
6164.031,0.24843
6162.103,0.24877
6160.174,0.24931
6158.245,0.24998
6156.317,0.25071
6154.388,0.25147
6152.459,0.25211
6150.531,0.25228
6148.602,0.25182
6146.673,0.25100
6144.745,0.25017
6142.816,0.24954
6140.887,0.24916
6138.959,0.24902
6137.030,0.24923
6135.101,0.24980
6133.173,0.25036
6131.244,0.25043
6129.315,0.24994
6127.387,0.24910
6125.458,0.24823
6123.529,0.24752
6121.601,0.24701
6119.672,0.24660
6117.743,0.24622
6115.815,0.24582
6113.886,0.24546
6111.957,0.24522
6110.029,0.24504
6108.100,0.24484
6106.171,0.24463
6104.243,0.24445
6102.314,0.24431
6100.385,0.24417
6098.457,0.24399
6096.528,0.24381
6094.599,0.24365
6092.671,0.24351
6090.742,0.24342
6088.813,0.24341
6086.885,0.24339
6084.956,0.24323
6083.027,0.24305
6081.099,0.24298
6079.170,0.24294
6077.241,0.24284
6075.313,0.24272
6073.384,0.24260
6071.455,0.24252
6069.527,0.24249
6067.598,0.24249
6065.669,0.24249
6063.741,0.24249
6061.812,0.24246
6059.883,0.24233
6057.955,0.24214
6056.026,0.24199
6054.097,0.24190
6052.169,0.24180
6050.240,0.24168
6048.311,0.24155
6046.383,0.24145
6044.454,0.24137
6042.525,0.24129
6040.596,0.24121
6038.668,0.24117
6036.739,0.24106
6034.810,0.24089
6032.882,0.24081
6030.953,0.24082
6029.024,0.24078
6027.096,0.24069
6025.167,0.24064
6023.238,0.24064
6021.310,0.24068
6019.381,0.24070
6017.452,0.24068
6015.524,0.24065
6013.595,0.24067
6011.666,0.24077
6009.738,0.24092
6007.809,0.24112
6005.880,0.24133
6003.952,0.24140
6002.023,0.24126
6000.094,0.24099
5998.166,0.24068
5996.237,0.24033
5994.308,0.23999
5992.380,0.23971
5990.451,0.23949
5988.522,0.23926
5986.594,0.23907
5984.665,0.23894
5982.736,0.23881
5980.808,0.23866
5978.879,0.23853
5976.950,0.23844
5975.022,0.23837
5973.093,0.23830
5971.164,0.23819
5969.236,0.23811
5967.307,0.23801
5965.378,0.23783
5963.450,0.23769
5961.521,0.23765
5959.592,0.23759
5957.664,0.23750
5955.735,0.23740
5953.806,0.23730
5951.878,0.23723
5949.949,0.23723
5948.020,0.23727
5946.092,0.23730
5944.163,0.23727
5942.234,0.23718
5940.306,0.23707
5938.377,0.23704
5936.448,0.23709
5934.520,0.23707
5932.591,0.23698
5930.662,0.23684
5928.734,0.23669
5926.805,0.23664
5924.876,0.23663
5922.948,0.23655
5921.019,0.23641
5919.090,0.23628
5917.162,0.23621
5915.233,0.23619
5913.304,0.23620
5911.376,0.23620
5909.447,0.23613
5907.518,0.23599
5905.590,0.23586
5903.661,0.23581
5901.732,0.23578
5899.804,0.23572
5897.875,0.23564
5895.946,0.23551
5894.018,0.23533
5892.089,0.23516
5890.160,0.23506
5888.232,0.23497
5886.303,0.23486
5884.374,0.23478
5882.445,0.23473
5880.517,0.23464
5878.588,0.23453
5876.659,0.23447
5874.731,0.23444
5872.802,0.23438
5870.873,0.23428
5868.945,0.23424
5867.016,0.23424
5865.087,0.23419
5863.159,0.23404
5861.230,0.23387
5859.301,0.23377
5857.373,0.23371
5855.444,0.23361
5853.515,0.23347
5851.587,0.23334
5849.658,0.23324
5847.729,0.23313
5845.801,0.23299
5843.872,0.23283
5841.943,0.23271
5840.015,0.23262
5838.086,0.23252
5836.157,0.23247
5834.229,0.23241
5832.300,0.23225
5830.371,0.23205
5828.443,0.23193
5826.514,0.23185
5824.585,0.23175
5822.657,0.23157
5820.728,0.23135
5818.799,0.23119
5816.871,0.23113
5814.942,0.23113
5813.013,0.23111
5811.085,0.23100
5809.156,0.23081
5807.227,0.23061
5805.299,0.23042
5803.370,0.23029
5801.441,0.23023
5799.513,0.23017
5797.584,0.23006
5795.655,0.22992
5793.727,0.22980
5791.798,0.22970
5789.869,0.22959
5787.941,0.22944
5786.012,0.22930
5784.083,0.22923
5782.155,0.22915
5780.226,0.22905
5778.297,0.22898
5776.369,0.22889
5774.440,0.22868
5772.511,0.22848
5770.583,0.22843
5768.654,0.22845
5766.725,0.22843
5764.797,0.22834
5762.868,0.22824
5760.939,0.22816
5759.011,0.22806
5757.082,0.22794
5755.153,0.22786
5753.225,0.22783
5751.296,0.22776
5749.367,0.22763
5747.439,0.22753
5745.510,0.22747
5743.581,0.22742
5741.653,0.22734
5739.724,0.22718
5737.795,0.22701
5735.867,0.22693
5733.938,0.22691
5732.009,0.22684
5730.081,0.22675
5728.152,0.22671
5726.223,0.22669
5724.295,0.22659
5722.366,0.22640
5720.437,0.22624
5718.508,0.22617
5716.580,0.22615
5714.651,0.22606
5712.722,0.22593
5710.794,0.22582
5708.865,0.22574
5706.936,0.22561
5705.008,0.22541
5703.079,0.22521
5701.150,0.22504
5699.222,0.22494
5697.293,0.22487
5695.364,0.22479
5693.436,0.22464
5691.507,0.22443
5689.578,0.22428
5687.650,0.22422
5685.721,0.22414
5683.792,0.22401
5681.864,0.22390
5679.935,0.22383
5678.006,0.22375
5676.078,0.22365
5674.149,0.22357
5672.220,0.22348
5670.292,0.22335
5668.363,0.22321
5666.434,0.22310
5664.506,0.22301
5662.577,0.22290
5660.648,0.22282
5658.720,0.22274
5656.791,0.22258
5654.862,0.22236
5652.934,0.22220
5651.005,0.22213
5649.076,0.22206
5647.148,0.22198
5645.219,0.22188
5643.290,0.22175
5641.362,0.22161
5639.433,0.22146
5637.504,0.22131
5635.576,0.22117
5633.647,0.22107
5631.718,0.22103
5629.790,0.22102
5627.861,0.22098
5625.932,0.22087
5624.004,0.22074
5622.075,0.22060
5620.146,0.22047
5618.218,0.22038
5616.289,0.22030
5614.360,0.22020
5612.432,0.22012
5610.503,0.22009
5608.574,0.22005
5606.646,0.21996
5604.717,0.21981
5602.788,0.21966
5600.860,0.21957
5598.931,0.21951
5597.002,0.21944
5595.074,0.21933
5593.145,0.21921
5591.216,0.21909
5589.288,0.21897
5587.359,0.21887
5585.430,0.21879
5583.502,0.21873
5581.573,0.21866
5579.644,0.21854
5577.716,0.21839
5575.787,0.21829
5573.858,0.21822
5571.930,0.21811
5570.001,0.21796
5568.072,0.21781
5566.144,0.21770
5564.215,0.21762
5562.286,0.21757
5560.357,0.21754
5558.429,0.21749
5556.500,0.21739
5554.571,0.21724
5552.643,0.21710
5550.714,0.21700
5548.785,0.21689
5546.857,0.21674
5544.928,0.21664
5542.999,0.21665
5541.071,0.21666
5539.142,0.21655
5537.213,0.21640
5535.285,0.21631
5533.356,0.21624
5531.427,0.21615
5529.499,0.21599
5527.570,0.21582
5525.641,0.21574
5523.713,0.21570
5521.784,0.21562
5519.855,0.21551
5517.927,0.21542
5515.998,0.21534
5514.069,0.21522
5512.141,0.21511
5510.212,0.21509
5508.283,0.21509
5506.355,0.21503
5504.426,0.21492
5502.497,0.21480
5500.569,0.21469
5498.640,0.21464
5496.711,0.21462
5494.783,0.21454
5492.854,0.21442
5490.925,0.21430
5488.997,0.21417
5487.068,0.21403
5485.139,0.21393
5483.211,0.21385
5481.282,0.21372
5479.353,0.21354
5477.425,0.21339
5475.496,0.21333
5473.567,0.21327
5471.639,0.21320
5469.710,0.21310
5467.781,0.21298
5465.853,0.21282
5463.924,0.21268
5461.995,0.21266
5460.067,0.21268
5458.138,0.21263
5456.209,0.21248
5454.281,0.21230
5452.352,0.21215
5450.423,0.21208
5448.495,0.21203
5446.566,0.21196
5444.637,0.21187
5442.709,0.21179
5440.780,0.21170
5438.851,0.21160
5436.923,0.21151
5434.994,0.21141
5433.065,0.21131
5431.137,0.21120
5429.208,0.21109
5427.279,0.21098
5425.351,0.21092
5423.422,0.21088
5421.493,0.21081
5419.565,0.21070
5417.636,0.21061
5415.707,0.21051
5413.779,0.21038
5411.850,0.21027
5409.921,0.21022
5407.993,0.21021
5406.064,0.21011
5404.135,0.20995
5402.207,0.20981
5400.278,0.20975
5398.349,0.20970
5396.420,0.20965
5394.492,0.20960
5392.563,0.20949
5390.634,0.20933
5388.706,0.20921
5386.777,0.20912
5384.848,0.20902
5382.920,0.20892
5380.991,0.20886
5379.062,0.20883
5377.134,0.20875
5375.205,0.20865
5373.276,0.20858
5371.348,0.20853
5369.419,0.20840
5367.490,0.20823
5365.562,0.20808
5363.633,0.20802
5361.704,0.20799
5359.776,0.20791
5357.847,0.20779
5355.918,0.20770
5353.990,0.20767
5352.061,0.20762
5350.132,0.20750
5348.204,0.20738
5346.275,0.20729
5344.346,0.20718
5342.418,0.20705
5340.489,0.20697
5338.560,0.20692
5336.632,0.20686
5334.703,0.20676
5332.774,0.20666
5330.846,0.20655
5328.917,0.20645
5326.988,0.20638
5325.060,0.20632
5323.131,0.20626
5321.202,0.20614
5319.274,0.20600
5317.345,0.20589
5315.416,0.20583
5313.488,0.20575
5311.559,0.20566
5309.630,0.20555
5307.702,0.20544
5305.773,0.20535
5303.844,0.20527
5301.916,0.20520
5299.987,0.20510
5298.058,0.20499
5296.130,0.20493
5294.201,0.20487
5292.272,0.20478
5290.344,0.20468
5288.415,0.20455
5286.486,0.20437
5284.558,0.20420
5282.629,0.20410
5280.700,0.20407
5278.772,0.20404
5276.843,0.20397
5274.914,0.20390
5272.986,0.20386
5271.057,0.20379
5269.128,0.20369
5267.200,0.20359
5265.271,0.20352
5263.342,0.20343
5261.414,0.20332
5259.485,0.20319
5257.556,0.20311
5255.628,0.20308
5253.699,0.20303
5251.770,0.20293
5249.842,0.20281
5247.913,0.20270
5245.984,0.20260
5244.056,0.20251
5242.127,0.20244
5240.198,0.20241
5238.269,0.20235
5236.341,0.20222
5234.412,0.20208
5232.483,0.20198
5230.555,0.20192
5228.626,0.20186
5226.697,0.20174
5224.769,0.20160
5222.840,0.20152
5220.911,0.20146
5218.983,0.20138
5217.054,0.20128
5215.125,0.20120
5213.197,0.20112
5211.268,0.20104
5209.339,0.20096
5207.411,0.20089
5205.482,0.20081
5203.553,0.20071
5201.625,0.20059
5199.696,0.20046
5197.767,0.20037
5195.839,0.20031
5193.910,0.20022
5191.981,0.20015
5190.053,0.20011
5188.124,0.20006
5186.195,0.19995
5184.267,0.19983
5182.338,0.19975
5180.409,0.19970
5178.481,0.19964
5176.552,0.19951
5174.623,0.19937
5172.695,0.19930
5170.766,0.19928
5168.837,0.19924
5166.909,0.19913
5164.980,0.19897
5163.051,0.19885
5161.123,0.19877
5159.194,0.19866
5157.265,0.19855
5155.337,0.19852
5153.408,0.19850
5151.479,0.19841
5149.551,0.19826
5147.622,0.19811
5145.693,0.19800
5143.765,0.19797
5141.836,0.19792
5139.907,0.19783
5137.979,0.19772
5136.050,0.19762
5134.121,0.19751
5132.193,0.19741
5130.264,0.19731
5128.335,0.19724
5126.407,0.19714
5124.478,0.19700
5122.549,0.19690
5120.621,0.19684
5118.692,0.19677
5116.763,0.19670
5114.835,0.19662
5112.906,0.19650
5110.977,0.19637
5109.049,0.19629
5107.120,0.19622
5105.191,0.19616
5103.263,0.19610
5101.334,0.19599
5099.405,0.19587
5097.477,0.19579
5095.548,0.19573
5093.619,0.19562
5091.691,0.19549
5089.762,0.19539
5087.833,0.19531
5085.905,0.19527
5083.976,0.19520
5082.047,0.19510
5080.119,0.19499
5078.190,0.19490
5076.261,0.19481
5074.332,0.19472
5072.404,0.19464
5070.475,0.19460
5068.546,0.19456
5066.618,0.19445
5064.689,0.19431
5062.760,0.19418
5060.832,0.19408
5058.903,0.19401
5056.974,0.19393
5055.046,0.19386
5053.117,0.19380
5051.188,0.19369
5049.260,0.19353
5047.331,0.19342
5045.402,0.19336
5043.474,0.19330
5041.545,0.19323
5039.616,0.19313
5037.688,0.19304
5035.759,0.19298
5033.830,0.19292
5031.902,0.19283
5029.973,0.19275
5028.044,0.19265
5026.116,0.19255
5024.187,0.19245
5022.258,0.19236
5020.330,0.19227
5018.401,0.19219
5016.472,0.19209
5014.544,0.19196
5012.615,0.19185
5010.686,0.19182
5008.758,0.19180
5006.829,0.19171
5004.900,0.19159
5002.972,0.19150
5001.043,0.19142
4999.114,0.19129
4997.186,0.19115
4995.257,0.19108
4993.328,0.19106
4991.400,0.19098
4989.471,0.19087
4987.542,0.19080
4985.614,0.19075
4983.685,0.19067
4981.756,0.19054
4979.828,0.19041
4977.899,0.19029
4975.970,0.19019
4974.042,0.19010
4972.113,0.19001
4970.184,0.18994
4968.256,0.18991
4966.327,0.18983
4964.398,0.18967
4962.470,0.18956
4960.541,0.18952
4958.612,0.18946
4956.684,0.18935
4954.755,0.18926
4952.826,0.18919
4950.898,0.18912
4948.969,0.18904
4947.040,0.18896
4945.112,0.18886
4943.183,0.18873
4941.254,0.18861
4939.326,0.18848
4937.397,0.18838
4935.468,0.18831
4933.540,0.18826
4931.611,0.18818
4929.682,0.18807
4927.754,0.18796
4925.825,0.18788
4923.896,0.18781
4921.968,0.18775
4920.039,0.18769
4918.110,0.18763
4916.181,0.18751
4914.253,0.18735
4912.324,0.18723
4910.395,0.18715
4908.467,0.18709
4906.538,0.18703
4904.609,0.18697
4902.681,0.18688
4900.752,0.18676
4898.823,0.18665
4896.895,0.18658
4894.966,0.18651
4893.037,0.18643
4891.109,0.18633
4889.180,0.18623
4887.251,0.18615
4885.323,0.18610
4883.394,0.18603
4881.465,0.18594
4879.537,0.18580
4877.608,0.18565
4875.679,0.18553
4873.751,0.18544
4871.822,0.18536
4869.893,0.18528
4867.965,0.18524
4866.036,0.18521
4864.107,0.18513
4862.179,0.18500
4860.250,0.18488
4858.321,0.18478
4856.393,0.18470
4854.464,0.18461
4852.535,0.18449
4850.607,0.18438
4848.678,0.18426
4846.749,0.18418
4844.821,0.18414
4842.892,0.18410
4840.963,0.18402
4839.035,0.18392
4837.106,0.18381
4835.177,0.18371
4833.249,0.18361
4831.320,0.18349
4829.391,0.18340
4827.463,0.18337
4825.534,0.18332
4823.605,0.18321
4821.677,0.18310
4819.748,0.18300
4817.819,0.18293
4815.891,0.18285
4813.962,0.18274
4812.033,0.18264
4810.105,0.18258
4808.176,0.18251
4806.247,0.18237
4804.319,0.18225
4802.390,0.18219
4800.461,0.18212
4798.533,0.18199
4796.604,0.18185
4794.675,0.18178
4792.747,0.18173
4790.818,0.18166
4788.889,0.18154
4786.961,0.18144
4785.032,0.18136
4783.103,0.18126
4781.175,0.18117
4779.246,0.18112
4777.317,0.18107
4775.389,0.18101
4773.460,0.18093
4771.531,0.18083
4769.603,0.18074
4767.674,0.18068
4765.745,0.18062
4763.817,0.18052
4761.888,0.18045
4759.959,0.18041
4758.031,0.18033
4756.102,0.18021
4754.173,0.18010
4752.244,0.18004
4750.316,0.17998
4748.387,0.17989
4746.458,0.17981
4744.530,0.17976
4742.601,0.17971
4740.672,0.17962
4738.744,0.17948
4736.815,0.17935
4734.886,0.17926
4732.958,0.17917
4731.029,0.17903
4729.100,0.17889
4727.172,0.17881
4725.243,0.17874
4723.314,0.17866
4721.386,0.17857
4719.457,0.17851
4717.528,0.17846
4715.600,0.17837
4713.671,0.17826
4711.742,0.17821
4709.814,0.17816
4707.885,0.17807
4705.956,0.17796
4704.028,0.17788
4702.099,0.17783
4700.170,0.17779
4698.242,0.17771
4696.313,0.17761
4694.384,0.17754
4692.456,0.17746
4690.527,0.17735
4688.598,0.17726
4686.670,0.17722
4684.741,0.17722
4682.812,0.17716
4680.884,0.17701
4678.955,0.17686
4677.026,0.17678
4675.098,0.17676
4673.169,0.17671
4671.240,0.17661
4669.312,0.17653
4667.383,0.17648
4665.454,0.17639
4663.526,0.17625
4661.597,0.17613
4659.668,0.17607
4657.740,0.17600
4655.811,0.17589
4653.882,0.17578
4651.954,0.17572
4650.025,0.17568
4648.096,0.17557
4646.168,0.17541
4644.239,0.17530
4642.310,0.17524
4640.382,0.17518
4638.453,0.17508
4636.524,0.17498
4634.596,0.17489
4632.667,0.17478
4630.738,0.17466
4628.810,0.17457
4626.881,0.17453
4624.952,0.17449
4623.024,0.17442
4621.095,0.17431
4619.166,0.17422
4617.238,0.17415
4615.309,0.17409
4613.380,0.17399
4611.452,0.17387
4609.523,0.17380
4607.594,0.17379
4605.666,0.17375
4603.737,0.17365
4601.808,0.17353
4599.880,0.17344
4597.951,0.17334
4596.022,0.17323
4594.093,0.17313
4592.165,0.17305
4590.236,0.17297
4588.307,0.17286
4586.379,0.17276
4584.450,0.17272
4582.521,0.17271
4580.593,0.17266
4578.664,0.17256
4576.735,0.17248
4574.807,0.17242
4572.878,0.17236
4570.949,0.17225
4569.021,0.17212
4567.092,0.17203
4565.163,0.17197
4563.235,0.17193
4561.306,0.17184
4559.377,0.17174
4557.449,0.17167
4555.520,0.17162
4553.591,0.17151
4551.663,0.17140
4549.734,0.17136
4547.805,0.17133
4545.877,0.17125
4543.948,0.17115
4542.019,0.17108
4540.091,0.17105
4538.162,0.17101
4536.233,0.17094
4534.305,0.17089
4532.376,0.17088
4530.447,0.17081
4528.519,0.17069
4526.590,0.17059
4524.661,0.17057
4522.733,0.17055
4520.804,0.17049
4518.875,0.17041
4516.947,0.17037
4515.018,0.17035
4513.089,0.17028
4511.161,0.17016
4509.232,0.17010
4507.303,0.17012
4505.375,0.17015
4503.446,0.17019
4501.517,0.17029
4499.589,0.17047
4497.660,0.17075
4495.731,0.17111
4493.803,0.17146
4491.874,0.17168
4489.945,0.17166
4488.017,0.17147
4486.088,0.17125
4484.159,0.17111
4482.231,0.17101
4480.302,0.17078
4478.373,0.17039
4476.445,0.16996
4474.516,0.16964
4472.587,0.16946
4470.659,0.16934
4468.730,0.16926
4466.801,0.16927
4464.873,0.16938
4462.944,0.16950
4461.015,0.16958
4459.087,0.16962
4457.158,0.16962
4455.229,0.16956
4453.301,0.16942
4451.372,0.16926
4449.443,0.16911
4447.515,0.16894
4445.586,0.16874
4443.657,0.16852
4441.729,0.16833
4439.800,0.16818
4437.871,0.16804
4435.943,0.16790
4434.014,0.16782
4432.085,0.16781
4430.156,0.16788
4428.228,0.16800
4426.299,0.16814
4424.370,0.16828
4422.442,0.16845
4420.513,0.16865
4418.584,0.16889
4416.656,0.16913
4414.727,0.16929
4412.798,0.16932
4410.870,0.16927
4408.941,0.16924
4407.012,0.16927
4405.084,0.16928
4403.155,0.16927
4401.226,0.16922
4399.298,0.16908
4397.369,0.16887
4395.440,0.16860
4393.512,0.16833
4391.583,0.16814
4389.654,0.16803
4387.726,0.16798
4385.797,0.16793
4383.868,0.16791
4381.940,0.16794
4380.011,0.16795
4378.082,0.16783
4376.154,0.16757
4374.225,0.16724
4372.296,0.16691
4370.368,0.16656
4368.439,0.16618
4366.510,0.16584
4364.582,0.16561
4362.653,0.16546
4360.724,0.16533
4358.796,0.16522
4356.867,0.16516
4354.938,0.16512
4353.010,0.16513
4351.081,0.16521
4349.152,0.16537
4347.224,0.16562
4345.295,0.16589
4343.366,0.16607
4341.438,0.16617
4339.509,0.16625
4337.580,0.16629
4335.652,0.16623
4333.723,0.16609
4331.794,0.16593
4329.866,0.16576
4327.937,0.16561
4326.008,0.16555
4324.080,0.16571
4322.151,0.16607
4320.222,0.16646
4318.294,0.16660
4316.365,0.16643
4314.436,0.16619
4312.508,0.16608
4310.579,0.16601
4308.650,0.16582
4306.722,0.16549
4304.793,0.16509
4302.864,0.16472
4300.936,0.16448
4299.007,0.16433
4297.078,0.16426
4295.150,0.16427
4293.221,0.16435
4291.292,0.16440
4289.364,0.16437
4287.435,0.16429
4285.506,0.16417
4283.578,0.16400
4281.649,0.16380
4279.720,0.16358
4277.792,0.16331
4275.863,0.16298
4273.934,0.16263
4272.005,0.16230
4270.077,0.16201
4268.148,0.16174
4266.219,0.16147
4264.291,0.16123
4262.362,0.16106
4260.433,0.16092
4258.505,0.16077
4256.576,0.16060
4254.647,0.16044
4252.719,0.16030
4250.790,0.16016
4248.861,0.15998
4246.933,0.15983
4245.004,0.15972
4243.075,0.15960
4241.147,0.15943
4239.218,0.15927
4237.289,0.15917
4235.361,0.15912
4233.432,0.15904
4231.503,0.15894
4229.575,0.15888
4227.646,0.15886
4225.717,0.15884
4223.789,0.15879
4221.860,0.15876
4219.931,0.15879
4218.003,0.15882
4216.074,0.15878
4214.145,0.15870
4212.217,0.15862
4210.288,0.15856
4208.359,0.15849
4206.431,0.15841
4204.502,0.15837
4202.573,0.15833
4200.645,0.15826
4198.716,0.15815
4196.787,0.15806
4194.859,0.15797
4192.930,0.15787
4191.001,0.15772
4189.073,0.15753
4187.144,0.15735
4185.215,0.15723
4183.287,0.15711
4181.358,0.15695
4179.429,0.15680
4177.501,0.15670
4175.572,0.15661
4173.643,0.15646
4171.715,0.15628
4169.786,0.15615
4167.857,0.15605
4165.929,0.15595
4164.000,0.15586
4162.071,0.15581
4160.143,0.15577
4158.214,0.15566
4156.285,0.15546
4154.357,0.15528
4152.428,0.15520
4150.499,0.15516
4148.571,0.15507
4146.642,0.15493
4144.713,0.15484
4142.785,0.15481
4140.856,0.15478
4138.927,0.15470
4136.999,0.15462
4135.070,0.15457
4133.141,0.15451
4131.213,0.15439
4129.284,0.15427
4127.355,0.15421
4125.427,0.15418
4123.498,0.15411
4121.569,0.15402
4119.641,0.15397
4117.712,0.15399
4115.783,0.15401
4113.855,0.15400
4111.926,0.15401
4109.997,0.15409
4108.068,0.15417
4106.140,0.15415
4104.211,0.15407
4102.282,0.15401
4100.354,0.15399
4098.425,0.15396
4096.496,0.15391
4094.568,0.15384
4092.639,0.15378
4090.710,0.15371
4088.782,0.15357
4086.853,0.15340
4084.924,0.15325
4082.996,0.15309
4081.067,0.15290
4079.138,0.15271
4077.210,0.15256
4075.281,0.15247
4073.352,0.15236
4071.424,0.15222
4069.495,0.15205
4067.566,0.15188
4065.638,0.15171
4063.709,0.15153
4061.780,0.15137
4059.852,0.15127
4057.923,0.15120
4055.994,0.15110
4054.066,0.15097
4052.137,0.15085
4050.208,0.15078
4048.280,0.15073
4046.351,0.15066
4044.422,0.15060
4042.494,0.15059
4040.565,0.15057
4038.636,0.15051
4036.708,0.15042
4034.779,0.15036
4032.850,0.15032
4030.922,0.15029
4028.993,0.15029
4027.064,0.15031
4025.136,0.15037
4023.207,0.15041
4021.278,0.15040
4019.350,0.15032
4017.421,0.15025
4015.492,0.15020
4013.564,0.15012
4011.635,0.15000
4009.706,0.14989
4007.778,0.14983
4005.849,0.14975
4003.920,0.14963
4001.992,0.14953
4000.063,0.14949
3998.134,0.14950
3996.206,0.14947
3994.277,0.14941
3992.348,0.14937
3990.420,0.14934
3988.491,0.14925
3986.562,0.14909
3984.634,0.14894
3982.705,0.14880
3980.776,0.14865
3978.848,0.14844
3976.919,0.14824
3974.990,0.14811
3973.062,0.14800
3971.133,0.14783
3969.204,0.14762
3967.276,0.14747
3965.347,0.14738
3963.418,0.14730
3961.490,0.14721
3959.561,0.14712
3957.632,0.14708
3955.704,0.14704
3953.775,0.14693
3951.846,0.14679
3949.917,0.14669
3947.989,0.14662
3946.060,0.14649
3944.131,0.14633
3942.203,0.14622
3940.274,0.14615
3938.345,0.14608
3936.417,0.14599
3934.488,0.14592
3932.559,0.14590
3930.631,0.14587
3928.702,0.14578
3926.773,0.14569
3924.845,0.14566
3922.916,0.14565
3920.987,0.14560
3919.059,0.14550
3917.130,0.14536
3915.201,0.14520
3913.273,0.14505
3911.344,0.14492
3909.415,0.14481
3907.487,0.14475
3905.558,0.14471
3903.629,0.14460
3901.701,0.14444
3899.772,0.14431
3897.843,0.14422
3895.915,0.14414
3893.986,0.14404
3892.057,0.14395
3890.129,0.14391
3888.200,0.14387
3886.271,0.14376
3884.343,0.14363
3882.414,0.14355
3880.485,0.14347
3878.557,0.14332
3876.628,0.14317
3874.699,0.14309
3872.771,0.14307
3870.842,0.14305
3868.913,0.14295
3866.985,0.14285
3865.056,0.14281
3863.127,0.14276
3861.199,0.14264
3859.270,0.14251
3857.341,0.14248
3855.413,0.14248
3853.484,0.14239
3851.555,0.14218
3849.627,0.14199
3847.698,0.14187
3845.769,0.14178
3843.841,0.14167
3841.912,0.14158
3839.983,0.14156
3838.055,0.14157
3836.126,0.14151
3834.197,0.14140
3832.269,0.14133
3830.340,0.14129
3828.411,0.14121
3826.483,0.14106
3824.554,0.14094
3822.625,0.14089
3820.697,0.14084
3818.768,0.14075
3816.839,0.14064
3814.911,0.14056
3812.982,0.14051
3811.053,0.14044
3809.125,0.14033
3807.196,0.14025
3805.267,0.14021
3803.339,0.14016
3801.410,0.14003
3799.481,0.13989
3797.553,0.13983
3795.624,0.13980
3793.695,0.13970
3791.767,0.13957
3789.838,0.13950
3787.909,0.13946
3785.980,0.13935
3784.052,0.13919
3782.123,0.13909
3780.194,0.13906
3778.266,0.13899
3776.337,0.13883
3774.408,0.13867
3772.480,0.13864
3770.551,0.13866
3768.622,0.13860
3766.694,0.13847
3764.765,0.13840
3762.836,0.13839
3760.908,0.13836
3758.979,0.13825
3757.050,0.13814
3755.122,0.13813
3753.193,0.13816
3751.264,0.13812
3749.336,0.13801
3747.407,0.13795
3745.478,0.13793
3743.550,0.13784
3741.621,0.13769
3739.692,0.13761
3737.764,0.13760
3735.835,0.13757
3733.906,0.13744
3731.978,0.13728
3730.049,0.13719
3728.120,0.13715
3726.192,0.13708
3724.263,0.13697
3722.334,0.13690
3720.406,0.13688
3718.477,0.13683
3716.548,0.13675
3714.620,0.13671
3712.691,0.13671
3710.762,0.13667
3708.834,0.13657
3706.905,0.13649
3704.976,0.13652
3703.048,0.13658
3701.119,0.13655
3699.190,0.13644
3697.262,0.13637
3695.333,0.13636
3693.404,0.13635
3691.476,0.13632
3689.547,0.13631
3687.618,0.13633
3685.690,0.13638
3683.761,0.13640
3681.832,0.13639
3679.904,0.13643
3677.975,0.13652
3676.046,0.13657
3674.118,0.13652
3672.189,0.13648
3670.260,0.13652
3668.332,0.13653
3666.403,0.13646
3664.474,0.13638
3662.546,0.13638
3660.617,0.13644
3658.688,0.13646
3656.760,0.13642
3654.831,0.13642
3652.902,0.13649
3650.974,0.13656
3649.045,0.13655
3647.116,0.13652
3645.188,0.13654
3643.259,0.13659
3641.330,0.13662
3639.402,0.13665
3637.473,0.13672
3635.544,0.13684
3633.616,0.13695
3631.687,0.13703
3629.758,0.13712
3627.830,0.13722
3625.901,0.13731
3623.972,0.13737
3622.043,0.13747
3620.115,0.13766
3618.186,0.13784
3616.257,0.13796
3614.329,0.13805
3612.400,0.13819
3610.471,0.13837
3608.543,0.13852
3606.614,0.13860
3604.685,0.13869
3602.757,0.13885
3600.828,0.13903
3598.899,0.13920
3596.971,0.13934
3595.042,0.13949
3593.113,0.13964
3591.185,0.13978
3589.256,0.13988
3587.327,0.14000
3585.399,0.14016
3583.470,0.14032
3581.541,0.14044
3579.613,0.14053
3577.684,0.14064
3575.755,0.14078
3573.827,0.14092
3571.898,0.14104
3569.969,0.14119
3568.041,0.14136
3566.112,0.14150
3564.183,0.14159
3562.255,0.14168
3560.326,0.14179
3558.397,0.14190
3556.469,0.14201
3554.540,0.14213
3552.611,0.14229
3550.683,0.14248
3548.754,0.14262
3546.825,0.14271
3544.897,0.14283
3542.968,0.14299
3541.039,0.14313
3539.111,0.14324
3537.182,0.14336
3535.253,0.14349
3533.325,0.14360
3531.396,0.14365
3529.467,0.14367
3527.539,0.14372
3525.610,0.14382
3523.681,0.14389
3521.753,0.14392
3519.824,0.14397
3517.895,0.14409
3515.967,0.14422
3514.038,0.14430
3512.109,0.14435
3510.181,0.14441
3508.252,0.14449
3506.323,0.14457
3504.395,0.14463
3502.466,0.14471
3500.537,0.14480
3498.609,0.14490
3496.680,0.14497
3494.751,0.14504
3492.823,0.14513
3490.894,0.14525
3488.965,0.14535
3487.037,0.14542
3485.108,0.14549
3483.179,0.14557
3481.251,0.14566
3479.322,0.14574
3477.393,0.14583
3475.465,0.14596
3473.536,0.14607
3471.607,0.14616
3469.679,0.14628
3467.750,0.14644
3465.821,0.14664
3463.892,0.14680
3461.964,0.14687
3460.035,0.14691
3458.106,0.14694
3456.178,0.14699
3454.249,0.14704
3452.320,0.14707
3450.392,0.14711
3448.463,0.14717
3446.534,0.14718
3444.606,0.14714
3442.677,0.14708
3440.748,0.14703
3438.820,0.14699
3436.891,0.14696
3434.962,0.14693
3433.034,0.14689
3431.105,0.14682
3429.176,0.14675
3427.248,0.14668
3425.319,0.14663
3423.390,0.14659
3421.462,0.14654
3419.533,0.14647
3417.604,0.14640
3415.676,0.14635
3413.747,0.14623
3411.818,0.14602
3409.890,0.14577
3407.961,0.14554
3406.032,0.14530
3404.104,0.14505
3402.175,0.14478
3400.246,0.14452
3398.318,0.14427
3396.389,0.14406
3394.460,0.14387
3392.532,0.14367
3390.603,0.14346
3388.674,0.14325
3386.746,0.14303
3384.817,0.14282
3382.888,0.14261
3380.960,0.14243
3379.031,0.14225
3377.102,0.14201
3375.174,0.14174
3373.245,0.14147
3371.316,0.14120
3369.388,0.14092
3367.459,0.14066
3365.530,0.14041
3363.602,0.14016
3361.673,0.13990
3359.744,0.13963
3357.816,0.13935
3355.887,0.13907
3353.958,0.13879
3352.030,0.13856
3350.101,0.13834
3348.172,0.13811
3346.244,0.13787
3344.315,0.13760
3342.386,0.13729
3340.458,0.13698
3338.529,0.13671
3336.600,0.13649
3334.672,0.13627
3332.743,0.13608
3330.814,0.13589
3328.886,0.13571
3326.957,0.13555
3325.028,0.13542
3323.100,0.13529
3321.171,0.13515
3319.242,0.13501
3317.314,0.13486
3315.385,0.13472
3313.456,0.13455
3311.528,0.13437
3309.599,0.13420
3307.670,0.13405
3305.742,0.13390
3303.813,0.13376
3301.884,0.13367
3299.955,0.13358
3298.027,0.13344
3296.098,0.13328
3294.169,0.13317
3292.241,0.13310
3290.312,0.13303
3288.383,0.13293
3286.455,0.13281
3284.526,0.13272
3282.597,0.13262
3280.669,0.13251
3278.740,0.13241
3276.811,0.13233
3274.883,0.13224
3272.954,0.13212
3271.025,0.13199
3269.097,0.13191
3267.168,0.13188
3265.239,0.13182
3263.311,0.13169
3261.382,0.13153
3259.453,0.13140
3257.525,0.13128
3255.596,0.13111
3253.667,0.13094
3251.739,0.13080
3249.810,0.13067
3247.881,0.13050
3245.953,0.13028
3244.024,0.13007
3242.095,0.12989
3240.167,0.12971
3238.238,0.12948
3236.309,0.12926
3234.381,0.12907
3232.452,0.12887
3230.523,0.12863
3228.595,0.12840
3226.666,0.12821
3224.737,0.12803
3222.809,0.12781
3220.880,0.12754
3218.951,0.12729
3217.023,0.12708
3215.094,0.12687
3213.165,0.12662
3211.237,0.12636
3209.308,0.12612
3207.379,0.12590
3205.451,0.12562
3203.522,0.12532
3201.593,0.12508
3199.665,0.12491
3197.736,0.12475
3195.807,0.12458
3193.879,0.12445
3191.950,0.12440
3190.021,0.12435
3188.093,0.12427
3186.164,0.12422
3184.235,0.12424
3182.307,0.12428
3180.378,0.12422
3178.449,0.12408
3176.521,0.12397
3174.592,0.12395
3172.663,0.12392
3170.735,0.12382
3168.806,0.12373
3166.877,0.12370
3164.949,0.12368
3163.020,0.12359
3161.091,0.12345
3159.163,0.12337
3157.234,0.12333
3155.305,0.12324
3153.377,0.12308
3151.448,0.12291
3149.519,0.12282
3147.591,0.12278
3145.662,0.12274
3143.733,0.12278
3141.804,0.12294
3139.876,0.12313
3137.947,0.12326
3136.018,0.12330
3134.090,0.12332
3132.161,0.12329
3130.232,0.12318
3128.304,0.12298
3126.375,0.12281
3124.446,0.12273
3122.518,0.12273
3120.589,0.12274
3118.660,0.12278
3116.732,0.12297
3114.803,0.12330
3112.874,0.12366
3110.946,0.12398
3109.017,0.12433
3107.088,0.12470
3105.160,0.12498
3103.231,0.12517
3101.302,0.12541
3099.374,0.12582
3097.445,0.12637
3095.516,0.12700
3093.588,0.12781
3091.659,0.12900
3089.730,0.13078
3087.802,0.13349
3085.873,0.13791
3083.944,0.14561
3082.016,0.15966
3080.087,0.18480
3078.158,0.22170
3076.230,0.25446
3074.301,0.25776
3072.372,0.23461
3070.444,0.21646
3068.515,0.22122
3066.586,0.23438
3064.658,0.22787
3062.729,0.19974
3060.800,0.17075
3058.872,0.15187
3056.943,0.14124
3055.014,0.13471
3053.086,0.13000
3051.157,0.12656
3049.228,0.12427
3047.300,0.12279
3045.371,0.12171
3043.442,0.12079
3041.514,0.12000
3039.585,0.11939
3037.656,0.11888
3035.728,0.11839
3033.799,0.11799
3031.870,0.11779
3029.942,0.11775
3028.013,0.11779
3026.084,0.11788
3024.156,0.11813
3022.227,0.11856
3020.298,0.11908
3018.370,0.11969
3016.441,0.12058
3014.512,0.12196
3012.584,0.12390
3010.655,0.12654
3008.726,0.13036
3006.798,0.13597
3004.869,0.14299
3002.940,0.14899
3001.012,0.15082
2999.083,0.14791
2997.154,0.14267
2995.226,0.13770
2993.297,0.13401
2991.368,0.13159
2989.440,0.13019
2987.511,0.12944
2985.582,0.12908
2983.654,0.12904
2981.725,0.12939
2979.796,0.13014
2977.867,0.13116
2975.939,0.13238
2974.010,0.13390
2972.081,0.13580
2970.153,0.13799
2968.224,0.14024
2966.295,0.14243
2964.367,0.14450
2962.438,0.14622
2960.509,0.14737
2958.581,0.14795
2956.652,0.14819
2954.723,0.14834
2952.795,0.14863
2950.866,0.14912
2948.937,0.14950
2947.009,0.14929
2945.080,0.14857
2943.151,0.14794
2941.223,0.14794
2939.294,0.14868
2937.365,0.14996
2935.437,0.15137
2933.508,0.15255
2931.579,0.15335
2929.651,0.15371
2927.722,0.15349
2925.793,0.15263
2923.865,0.15126
2921.936,0.14964
2920.007,0.14785
2918.079,0.14584
2916.150,0.14369
2914.221,0.14161
2912.293,0.13978
2910.364,0.13818
2908.435,0.13673
2906.507,0.13546
2904.578,0.13438
2902.649,0.13338
2900.721,0.13234
2898.792,0.13127
2896.863,0.13025
2894.935,0.12926
2893.006,0.12823
2891.077,0.12721
2889.149,0.12637
2887.220,0.12581
2885.291,0.12549
2883.363,0.12538
2881.434,0.12551
2879.505,0.12590
2877.577,0.12637
2875.648,0.12666
2873.719,0.12663
2871.791,0.12642
2869.862,0.12626
2867.933,0.12638
2866.005,0.12687
2864.076,0.12770
2862.147,0.12864
2860.219,0.12925
2858.290,0.12920
2856.361,0.12847
2854.433,0.12728
2852.504,0.12575
2850.575,0.12390
2848.647,0.12183
2846.718,0.11987
2844.789,0.11841
2842.861,0.11753
2840.932,0.11707
2839.003,0.11682
2837.075,0.11660
2835.146,0.11619
2833.217,0.11547
2831.289,0.11449
2829.360,0.11340
2827.431,0.11226
2825.503,0.11110
2823.574,0.11001
2821.645,0.10917
2819.716,0.10867
2817.788,0.10843
2815.859,0.10831
2813.930,0.10830
2812.002,0.10841
2810.073,0.10857
2808.144,0.10864
2806.216,0.10860
2804.287,0.10846
2802.358,0.10815
2800.430,0.10755
2798.501,0.10668
2796.572,0.10570
2794.644,0.10474
2792.715,0.10388
2790.786,0.10310
2788.858,0.10248
2786.929,0.10204
2785.000,0.10172
2783.072,0.10143
2781.143,0.10114
2779.214,0.10094
2777.286,0.10087
2775.357,0.10085
2773.428,0.10083
2771.500,0.10081
2769.571,0.10086
2767.642,0.10091
2765.714,0.10093
2763.785,0.10097
2761.856,0.10115
2759.928,0.10147
2757.999,0.10183
2756.070,0.10220
2754.142,0.10263
2752.213,0.10316
2750.284,0.10367
2748.356,0.10398
2746.427,0.10394
2744.498,0.10357
2742.570,0.10297
2740.641,0.10223
2738.712,0.10149
2736.784,0.10085
2734.855,0.10035
2732.926,0.09990
2730.998,0.09948
2729.069,0.09912
2727.140,0.09886
2725.212,0.09861
2723.283,0.09831
2721.354,0.09802
2719.426,0.09784
2717.497,0.09773
2715.568,0.09760
2713.640,0.09747
2711.711,0.09743
2709.782,0.09746
2707.854,0.09748
2705.925,0.09746
2703.996,0.09746
2702.068,0.09746
2700.139,0.09742
2698.210,0.09729
2696.282,0.09719
2694.353,0.09720
2692.424,0.09726
2690.496,0.09730
2688.567,0.09734
2686.638,0.09740
2684.710,0.09746
2682.781,0.09743
2680.852,0.09732
2678.924,0.09725
2676.995,0.09728
2675.066,0.09734
2673.138,0.09732
2671.209,0.09722
2669.280,0.09709
2667.352,0.09693
2665.423,0.09667
2663.494,0.09635
2661.566,0.09608
2659.637,0.09589
2657.708,0.09567
2655.779,0.09540
2653.851,0.09516
2651.922,0.09500
2649.993,0.09486
2648.065,0.09471
2646.136,0.09459
2644.207,0.09454
2642.279,0.09454
2640.350,0.09450
2638.421,0.09442
2636.493,0.09439
2634.564,0.09443
2632.635,0.09448
2630.707,0.09450
2628.778,0.09458
2626.849,0.09478
2624.921,0.09501
2622.992,0.09516
2621.063,0.09526
2619.135,0.09536
2617.206,0.09546
2615.277,0.09546
2613.349,0.09537
2611.420,0.09534
2609.491,0.09540
2607.563,0.09547
2605.634,0.09549
2603.705,0.09549
2601.777,0.09549
2599.848,0.09543
2597.919,0.09526
2595.991,0.09508
2594.062,0.09502
2592.133,0.09505
2590.205,0.09506
2588.276,0.09506
2586.347,0.09509
2584.419,0.09515
2582.490,0.09514
2580.561,0.09498
2578.633,0.09472
2576.704,0.09445
2574.775,0.09416
2572.847,0.09382
2570.918,0.09347
2568.989,0.09319
2567.061,0.09298
2565.132,0.09274
2563.203,0.09244
2561.275,0.09216
2559.346,0.09194
2557.417,0.09176
2555.489,0.09160
2553.560,0.09150
2551.631,0.09155
2549.703,0.09172
2547.774,0.09190
2545.845,0.09201
2543.917,0.09211
2541.988,0.09219
2540.059,0.09216
2538.131,0.09197
2536.202,0.09173
2534.273,0.09154
2532.345,0.09135
2530.416,0.09110
2528.487,0.09082
2526.559,0.09064
2524.630,0.09054
2522.701,0.09044
2520.773,0.09030
2518.844,0.09023
2516.915,0.09028
2514.987,0.09040
2513.058,0.09051
2511.129,0.09065
2509.201,0.09087
2507.272,0.09113
2505.343,0.09133
2503.415,0.09145
2501.486,0.09158
2499.557,0.09169
2497.628,0.09172
2495.700,0.09166
2493.771,0.09162
2491.842,0.09170
2489.914,0.09185
2487.985,0.09197
2486.056,0.09212
2484.128,0.09234
2482.199,0.09255
2480.270,0.09260
2478.342,0.09253
2476.413,0.09248
2474.484,0.09253
2472.556,0.09259
2470.627,0.09257
2468.698,0.09250
2466.770,0.09243
2464.841,0.09231
2462.912,0.09209
2460.984,0.09184
2459.055,0.09169
2457.126,0.09164
2455.198,0.09160
2453.269,0.09150
2451.340,0.09135
2449.412,0.09119
2447.483,0.09097
2445.554,0.09069
2443.626,0.09041
2441.697,0.09017
2439.768,0.08998
2437.840,0.08981
2435.911,0.08969
2433.982,0.08971
2432.054,0.08986
2430.125,0.09003
2428.196,0.09015
2426.268,0.09028
2424.339,0.09045
2422.410,0.09055
2420.482,0.09048
2418.553,0.09024
2416.624,0.08996
2414.696,0.08973
2412.767,0.08955
2410.838,0.08941
2408.910,0.08934
2406.981,0.08934
2405.052,0.08932
2403.124,0.08921
2401.195,0.08907
2399.266,0.08899
2397.338,0.08897
2395.409,0.08897
2393.480,0.08899
2391.552,0.08912
2389.623,0.08938
2387.694,0.08971
2385.766,0.09004
2383.837,0.09039
2381.908,0.09075
2379.980,0.09102
2378.051,0.09111
2376.122,0.09102
2374.194,0.09081
2372.265,0.09054
2370.336,0.09026
2368.408,0.09001
2366.479,0.08983
2364.550,0.08976
2362.622,0.08975
2360.693,0.08974
2358.764,0.08973
2356.836,0.08975
2354.907,0.08980
2352.978,0.08982
2351.050,0.08980
2349.121,0.08977
2347.192,0.08971
2345.264,0.08956
2343.335,0.08924
2341.406,0.08878
2339.478,0.08824
2337.549,0.08768
2335.620,0.08715
2333.691,0.08670
2331.763,0.08638
2329.834,0.08619
2327.905,0.08605
2325.977,0.08593
2324.048,0.08585
2322.119,0.08585
2320.191,0.08588
2318.262,0.08592
2316.333,0.08599
2314.405,0.08613
2312.476,0.08635
2310.547,0.08662
2308.619,0.08690
2306.690,0.08720
2304.761,0.08753
2302.833,0.08784
2300.904,0.08805
2298.975,0.08814
2297.047,0.08807
2295.118,0.08787
2293.189,0.08757
2291.261,0.08720
2289.332,0.08685
2287.403,0.08657
2285.475,0.08639
2283.546,0.08626
2281.617,0.08614
2279.689,0.08604
2277.760,0.08597
2275.831,0.08588
2273.903,0.08577
2271.974,0.08568
2270.045,0.08565
2268.117,0.08567
2266.188,0.08564
2264.259,0.08552
2262.331,0.08538
2260.402,0.08525
2258.473,0.08514
2256.545,0.08500
2254.616,0.08484
2252.687,0.08472
2250.759,0.08464
2248.830,0.08451
2246.901,0.08432
2244.973,0.08414
2243.044,0.08399
2241.115,0.08383
2239.187,0.08364
2237.258,0.08346
2235.329,0.08338
2233.401,0.08333
2231.472,0.08321
2229.543,0.08303
2227.615,0.08291
2225.686,0.08284
2223.757,0.08275
2221.829,0.08261
2219.900,0.08251
2217.971,0.08251
2216.043,0.08254
2214.114,0.08249
2212.185,0.08242
2210.257,0.08242
2208.328,0.08250
2206.399,0.08256
2204.471,0.08259
2202.542,0.08274
2200.613,0.08303
2198.685,0.08331
2196.756,0.08345
2194.827,0.08352
2192.899,0.08360
2190.970,0.08364
2189.041,0.08350
2187.113,0.08328
2185.184,0.08315
2183.255,0.08315
2181.327,0.08313
2179.398,0.08303
2177.469,0.08292
2175.540,0.08293
2173.612,0.08297
2171.683,0.08296
2169.754,0.08292
2167.826,0.08301
2165.897,0.08318
2163.968,0.08324
2162.040,0.08315
2160.111,0.08306
2158.182,0.08301
2156.254,0.08288
2154.325,0.08264
2152.396,0.08241
2150.468,0.08233
2148.539,0.08230
2146.610,0.08219
2144.682,0.08203
2142.753,0.08197
2140.824,0.08201
2138.896,0.08200
2136.967,0.08191
2135.038,0.08187
2133.110,0.08199
2131.181,0.08212
2129.252,0.08211
2127.324,0.08201
2125.395,0.08195
2123.466,0.08190
2121.538,0.08174
2119.609,0.08151
2117.680,0.08141
2115.752,0.08149
2113.823,0.08156
2111.894,0.08147
2109.966,0.08135
2108.037,0.08136
2106.108,0.08143
2104.180,0.08140
2102.251,0.08131
2100.322,0.08129
2098.394,0.08134
2096.465,0.08128
2094.536,0.08106
2092.608,0.08082
2090.679,0.08067
2088.750,0.08049
2086.822,0.08021
2084.893,0.07995
2082.964,0.07989
2081.036,0.07999
2079.107,0.08006
2077.178,0.08012
2075.250,0.08036
2073.321,0.08079
2071.392,0.08118
2069.464,0.08140
2067.535,0.08154
2065.606,0.08174
2063.678,0.08186
2061.749,0.08177
2059.820,0.08152
2057.892,0.08135
2055.963,0.08127
2054.034,0.08113
2052.106,0.08087
2050.177,0.08066
2048.248,0.08059
2046.320,0.08053
2044.391,0.08036
2042.462,0.08022
2040.534,0.08027
2038.605,0.08046
2036.676,0.08057
2034.748,0.08062
2032.819,0.08079
2030.890,0.08112
2028.962,0.08138
2027.033,0.08144
2025.104,0.08139
2023.176,0.08140
2021.247,0.08139
2019.318,0.08124
2017.390,0.08104
2015.461,0.08102
2013.532,0.08116
2011.603,0.08125
2009.675,0.08125
2007.746,0.08130
2005.817,0.08147
2003.889,0.08159
2001.960,0.08150
2000.031,0.08135
1998.103,0.08133
1996.174,0.08141
1994.245,0.08141
1992.317,0.08134
1990.388,0.08140
1988.459,0.08165
1986.531,0.08188
1984.602,0.08197
1982.673,0.08207
1980.745,0.08231
1978.816,0.08255
1976.887,0.08261
1974.959,0.08255
1973.030,0.08260
1971.101,0.08276
1969.173,0.08283
1967.244,0.08276
1965.315,0.08276
1963.387,0.08294
1961.458,0.08312
1959.529,0.08313
1957.601,0.08303
1955.672,0.08303
1953.743,0.08311
1951.815,0.08311
1949.886,0.08303
1947.957,0.08308
1946.029,0.08329
1944.100,0.08343
1942.171,0.08337
1940.243,0.08327
1938.314,0.08330
1936.385,0.08334
1934.457,0.08321
1932.528,0.08305
1930.599,0.08306
1928.671,0.08323
1926.742,0.08334
1924.813,0.08333
1922.885,0.08338
1920.956,0.08359
1919.027,0.08379
1917.099,0.08381
1915.170,0.08377
1913.241,0.08384
1911.313,0.08394
1909.384,0.08385
1907.455,0.08364
1905.527,0.08353
1903.598,0.08358
1901.669,0.08359
1899.741,0.08344
1897.812,0.08333
1895.883,0.08344
1893.955,0.08363
1892.026,0.08372
1890.097,0.08378
1888.169,0.08400
1886.240,0.08433
1884.311,0.08457
1882.383,0.08469
1880.454,0.08487
1878.525,0.08520
1876.597,0.08548
1874.668,0.08553
1872.739,0.08549
1870.811,0.08559
1868.882,0.08576
1866.953,0.08578
1865.025,0.08570
1863.096,0.08573
1861.167,0.08589
1859.239,0.08593
1857.310,0.08578
1855.381,0.08565
1853.452,0.08571
1851.524,0.08583
1849.595,0.08587
1847.666,0.08594
1845.738,0.08622
1843.809,0.08664
1841.880,0.08693
1839.952,0.08706
1838.023,0.08724
1836.094,0.08755
1834.166,0.08782
1832.237,0.08796
1830.308,0.08813
1828.380,0.08849
1826.451,0.08890
1824.522,0.08918
1822.594,0.08938
1820.665,0.08972
1818.736,0.09020
1816.808,0.09064
1814.879,0.09099
1812.950,0.09143
1811.022,0.09204
1809.093,0.09260
1807.164,0.09293
1805.236,0.09317
1803.307,0.09349
1801.378,0.09383
1799.450,0.09402
1797.521,0.09412
1795.592,0.09438
1793.664,0.09482
1791.735,0.09523
1789.806,0.09551
1787.878,0.09589
1785.949,0.09652
1784.020,0.09722
1782.092,0.09784
1780.163,0.09850
1778.234,0.09938
1776.306,0.10037
1774.377,0.10118
1772.448,0.10176
1770.520,0.10225
1768.591,0.10270
1766.662,0.10300
1764.734,0.10319
1762.805,0.10360
1760.876,0.10438
1758.948,0.10537
1757.019,0.10648
1755.090,0.10791
1753.162,0.11005
1751.233,0.11308
1749.304,0.11705
1747.376,0.12213
1745.447,0.12830
1743.518,0.13474
1741.590,0.13995
1739.661,0.14262
1737.732,0.14249
1735.804,0.14013
1733.875,0.13643
1731.946,0.13229
1730.018,0.12861
1728.089,0.12591
1726.160,0.12421
1724.232,0.12316
1722.303,0.12257
1720.374,0.12252
1718.446,0.12296
1716.517,0.12352
1714.588,0.12402
1712.660,0.12460
1710.731,0.12537
1708.802,0.12615
1706.874,0.12674
1704.945,0.12721
1703.016,0.12779
1701.088,0.12848
1699.159,0.12904
1697.230,0.12948
1695.302,0.13008
1693.373,0.13094
1691.444,0.13185
1689.515,0.13261
1687.587,0.13337
1685.658,0.13434
1683.729,0.13540
1681.801,0.13638
1679.872,0.13738
1677.943,0.13864
1676.015,0.14010
1674.086,0.14153
1672.157,0.14287
1670.229,0.14438
1668.300,0.14614
1666.371,0.14798
1664.443,0.14982
1662.514,0.15181
1660.585,0.15409
1658.657,0.15653
1656.728,0.15897
1654.799,0.16155
1652.871,0.16447
1650.942,0.16758
1649.013,0.17062
1647.085,0.17349
1645.156,0.17630
1643.227,0.17912
1641.299,0.18185
1639.370,0.18454
1637.441,0.18752
1635.513,0.19101
1633.584,0.19492
1631.655,0.19913
1629.727,0.20375
1627.798,0.20894
1625.869,0.21467
1623.941,0.22076
1622.012,0.22727
1620.083,0.23453
1618.155,0.24273
1616.226,0.25184
1614.297,0.26194
1612.369,0.27361
1610.440,0.28788
1608.511,0.30600
1606.583,0.32955
1604.654,0.35991
1602.725,0.39638
1600.797,0.43357
1598.868,0.46279
1596.939,0.47995
1595.011,0.48931
1593.082,0.49247
1591.153,0.47996
1589.225,0.44609
1587.296,0.40341
1585.367,0.36984
1583.439,0.35428
1581.510,0.35747
1579.581,0.37569
1577.653,0.40111
1575.724,0.42245
1573.795,0.42953
1571.867,0.41813
1569.938,0.39015
1568.009,0.35178
1566.081,0.31065
1564.152,0.27228
1562.223,0.23903
1560.295,0.21138
1558.366,0.18943
1556.437,0.17341
1554.509,0.16353
1552.580,0.15983
1550.651,0.16231
1548.723,0.17144
1546.794,0.18862
1544.865,0.21547
1542.937,0.25042
1541.008,0.28495
1539.079,0.30921
1537.151,0.32443
1535.222,0.33823
1533.293,0.34776
1531.364,0.34156
1529.436,0.31726
1527.507,0.28479
1525.578,0.25410
1523.650,0.22906
1521.721,0.20948
1519.792,0.19408
1517.864,0.18181
1515.935,0.17189
1514.006,0.16372
1512.078,0.15689
1510.149,0.15119
1508.220,0.14641
1506.292,0.14206
1504.363,0.13772
1502.434,0.13351
1500.506,0.12998
1498.577,0.12751
1496.648,0.12581
1494.720,0.12437
1492.791,0.12304
1490.862,0.12195
1488.934,0.12106
1487.005,0.12032
1485.076,0.12013
1483.148,0.12111
1481.219,0.12340
1479.290,0.12661
1477.362,0.13050
1475.433,0.13539
1473.504,0.14182
1471.576,0.15029
1469.647,0.16168
1467.718,0.17785
1465.790,0.20200
1463.861,0.23646
1461.932,0.27527
1460.004,0.29887
1458.075,0.28898
1456.146,0.25166
1454.218,0.20896
1452.289,0.17591
1450.360,0.15602
1448.432,0.14741
1446.503,0.14743
1444.574,0.15431
1442.646,0.16765
1440.717,0.18782
1438.788,0.21365
1436.860,0.23935
1434.931,0.25504
1433.002,0.25537
1431.074,0.24628
1429.145,0.23888
1427.216,0.24024
1425.288,0.24859
1423.359,0.25156
1421.430,0.23623
1419.502,0.20645
1417.573,0.17775
1415.644,0.15948
1413.716,0.15158
1411.787,0.15064
1409.858,0.15387
1407.930,0.16015
1406.001,0.16933
1404.072,0.18156
1402.144,0.19751
1400.215,0.21873
1398.286,0.24645
1396.358,0.27889
1394.429,0.31066
1392.500,0.33590
1390.572,0.35010
1388.643,0.34833
1386.714,0.32838
1384.786,0.29551
1382.857,0.25950
1380.928,0.22912
1379.000,0.20881
1377.071,0.19538
1375.142,0.18009
1373.214,0.16033
1371.285,0.14310
1369.356,0.13391
1367.427,0.13179
1365.499,0.13422
1363.570,0.14062
1361.641,0.15154
1359.713,0.16762
1357.784,0.18941
1355.855,0.21578
1353.927,0.24084
1351.998,0.25428
1350.069,0.24968
1348.141,0.23197
1346.212,0.21196
1344.283,0.19644
1342.355,0.18658
1340.426,0.18214
1338.497,0.18276
1336.569,0.18634
1334.640,0.19022
1332.711,0.19460
1330.783,0.20217
1328.854,0.21464
1326.925,0.23118
1324.997,0.24914
1323.068,0.26503
1321.139,0.27604
1319.211,0.28223
1317.282,0.28688
1315.353,0.29327
1313.425,0.30044
1311.496,0.30229
1309.567,0.29265
1307.639,0.27215
1305.710,0.24777
1303.781,0.22636
1301.853,0.21069
1299.924,0.20058
1297.995,0.19532
1296.067,0.19440
1294.138,0.19710
1292.209,0.20266
1290.281,0.21117
1288.352,0.22370
1286.423,0.24165
1284.495,0.26680
1282.566,0.30213
1280.637,0.35069
1278.709,0.41047
1276.780,0.46947
1274.851,0.51281
1272.923,0.54070
1270.994,0.56420
1269.065,0.58026
1267.137,0.57041
1265.208,0.52773
1263.279,0.46835
1261.351,0.41151
1259.422,0.36492
1257.493,0.32785
1255.565,0.29834
1253.636,0.27607
1251.707,0.26143
1249.779,0.25308
1247.850,0.24731
1245.921,0.24192
1243.993,0.23939
1242.064,0.24380
1240.135,0.25694
1238.207,0.27684
1236.278,0.29728
1234.349,0.31014
1232.421,0.31116
1230.492,0.30271
1228.563,0.29071
1226.635,0.28053
1224.706,0.27591
1222.777,0.27899
1220.849,0.28851
1218.920,0.29795
1216.991,0.29877
1215.063,0.28813
1213.134,0.27066
1211.205,0.25241
1209.277,0.23618
1207.348,0.22192
1205.419,0.20928
1203.490,0.19864
1201.562,0.19012
1199.633,0.18287
1197.704,0.17605
1195.776,0.16994
1193.847,0.16519
1191.918,0.16137
1189.990,0.15746
1188.061,0.15350
1186.132,0.15041
1184.204,0.14829
1182.275,0.14599
1180.346,0.14300
1178.418,0.14018
1176.489,0.13820
1174.560,0.13627
1172.632,0.13350
1170.703,0.13036
1168.774,0.12788
1166.846,0.12580
1164.917,0.12309
1162.988,0.11985
1161.060,0.11726
1159.131,0.11556
1157.202,0.11362
1155.274,0.11088
1153.345,0.10826
1151.416,0.10653
1149.488,0.10488
1147.559,0.10235
1145.630,0.09957
1143.702,0.09778
1141.773,0.09672
1139.844,0.09519
1137.916,0.09328
1135.987,0.09232
1134.058,0.09259
1132.130,0.09276
1130.201,0.09179
1128.272,0.09029
1126.344,0.08905
1124.415,0.08756
1122.486,0.08509
1120.558,0.08243
1118.629,0.08083
1116.700,0.08004
1114.772,0.07871
1112.843,0.07676
1110.914,0.07552
1108.986,0.07540
1107.057,0.07517
1105.128,0.07407
1103.200,0.07311
1101.271,0.07322
1099.342,0.07355
1097.414,0.07295
1095.485,0.07206
1093.556,0.07225
1091.628,0.07332
1089.699,0.07386
1087.770,0.07365
1085.842,0.07384
1083.913,0.07473
1081.984,0.07502
1080.056,0.07410
1078.127,0.07325
1076.198,0.07363
1074.270,0.07452
1072.341,0.07487
1070.412,0.07530
1068.484,0.07715
1066.555,0.08024
1064.626,0.08329
1062.698,0.08621
1060.769,0.09033
1058.840,0.09609
1056.912,0.10259
1054.983,0.10976
1053.054,0.11942
1051.126,0.13343
1049.197,0.15247
1047.268,0.17782
1045.339,0.21300
1043.411,0.25924
1041.482,0.30483
1039.553,0.32421
1037.625,0.30569
1035.696,0.26748
1033.767,0.23020
1031.839,0.20060
1029.910,0.17942
1027.981,0.16718
1026.053,0.16344
1024.124,0.16576
1022.195,0.17046
1020.267,0.17429
1018.338,0.17510
1016.409,0.17140
1014.481,0.16274
1012.552,0.15060
1010.623,0.13786
1008.695,0.12647
1006.766,0.11615
1004.837,0.10618
1002.909,0.09733
1000.980,0.09086
999.051,0.08635
997.123,0.08234
995.194,0.07865
993.265,0.07644
991.337,0.07582
989.408,0.07542
987.479,0.07463
985.551,0.07458
983.622,0.07604
981.693,0.07807
979.765,0.07971
977.836,0.08176
975.907,0.08543
973.979,0.09031
972.050,0.09517
970.121,0.10016
968.193,0.10661
966.264,0.11477
964.335,0.12345
962.407,0.13233
960.478,0.14269
958.549,0.15555
956.621,0.17029
954.692,0.18610
952.763,0.20358
950.835,0.22301
948.906,0.24078
946.977,0.25055
945.049,0.25007
943.120,0.24406
941.191,0.23892
939.263,0.23843
937.334,0.24483
935.405,0.26075
933.477,0.28831
931.548,0.32732
929.619,0.37382
927.691,0.41829
925.762,0.44693
923.833,0.45169
921.905,0.43969
919.976,0.42554
918.047,0.41780
916.119,0.41547
914.190,0.41259
912.261,0.40375
910.333,0.38738
908.404,0.36550
906.475,0.34098
904.547,0.31589
902.618,0.29195
900.689,0.27067
898.761,0.25241
896.832,0.23608
894.903,0.22105
892.975,0.20835
891.046,0.19993
889.117,0.19830
887.189,0.20731
885.260,0.22802
883.331,0.25064
881.402,0.25879
879.474,0.24801
877.545,0.22851
875.616,0.21007
873.688,0.19534
871.759,0.18299
869.830,0.17174
867.902,0.16201
865.973,0.15432
864.044,0.14779
862.116,0.14136
860.187,0.13597
858.258,0.13459
856.330,0.14059
854.401,0.15241
852.472,0.16113
850.544,0.16298
848.615,0.16684
846.686,0.17903
844.758,0.19238
842.829,0.19474
840.900,0.18345
838.972,0.16617
837.043,0.14999
835.114,0.13748
833.186,0.12908
831.257,0.12358
829.328,0.11882
827.400,0.11421
825.471,0.11081
823.542,0.10882
821.614,0.10685
819.685,0.10422
817.756,0.10193
815.828,0.10074
813.899,0.09966
811.970,0.09758
810.042,0.09524
808.113,0.09403
806.184,0.09380
804.256,0.09362
802.327,0.09427
800.398,0.09787
798.470,0.10565
796.541,0.11807
794.612,0.13736
792.684,0.16750
790.755,0.21018
788.826,0.25955
786.898,0.30314
784.969,0.33166
783.040,0.34312
781.112,0.33515
779.183,0.30704
777.254,0.26817
775.326,0.23134
773.397,0.20231
771.468,0.18004
769.540,0.16215
767.611,0.14794
765.682,0.13726
763.754,0.12929
761.825,0.12494
759.896,0.13002
757.968,0.15282
756.039,0.19099
754.110,0.22039
752.182,0.21767
750.253,0.19270
748.324,0.16796
746.396,0.15161
744.467,0.14287
742.538,0.14138
740.610,0.14608
738.681,0.15134
736.752,0.15072
734.824,0.14425
732.895,0.13668
730.966,0.13056
729.038,0.12529
727.109,0.12048
725.180,0.11679
723.251,0.11415
721.323,0.11144
719.394,0.10829
717.465,0.10569
715.537,0.10420
713.608,0.10286
711.679,0.10085
709.751,0.09881
707.822,0.09762
705.893,0.09678
703.965,0.09531
702.036,0.09341
700.107,0.09212
698.179,0.09147
696.250,0.09053
694.321,0.08906
692.393,0.08793
690.464,0.08754
688.535,0.08705
686.607,0.08592
684.678,0.08495
682.749,0.08500
680.821,0.08577
678.892,0.08678
676.963,0.08870
675.035,0.09232
673.106,0.09651
671.177,0.09854
669.249,0.09717
667.320,0.09388
665.391,0.09046
663.463,0.08723
661.534,0.08406
659.605,0.08152
657.677,0.07998
655.748,0.07875
653.819,0.07719
651.891,0.07578
649.962,0.07520
648.033,0.07506
646.105,0.07455
644.176,0.07376
642.247,0.07340
640.319,0.07344
638.390,0.07312
636.461,0.07233
634.533,0.07188
632.604,0.07223
630.675,0.07294
628.747,0.07380
626.818,0.07540
624.889,0.07819
622.961,0.08191
621.032,0.08641
619.103,0.09231
617.175,0.10058
615.246,0.11183
613.317,0.12646
611.389,0.14476
609.460,0.16549
607.531,0.18458
605.603,0.19679
603.674,0.19962
601.745,0.19486
599.817,0.18657
597.888,0.17980
595.959,0.18005
594.031,0.18897
592.102,0.20000
590.173,0.20542
588.245,0.20460
586.316,0.19876
584.387,0.18737
582.459,0.17225
580.530,0.15701
578.601,0.14399
576.673,0.13390
574.744,0.12620
572.815,0.11985
570.887,0.11445
568.958,0.11012
567.029,0.10669
565.101,0.10362
563.172,0.10069
561.243,0.09822
559.314,0.09634
557.386,0.09467
555.457,0.09288
553.528,0.09128
551.600,0.09017
549.671,0.08921
547.742,0.08793
545.814,0.08659
543.885,0.08560
541.956,0.08476
540.028,0.08367
538.099,0.08252
536.170,0.08172
534.242,0.08120
532.313,0.08050
530.384,0.07960
528.456,0.07899
526.527,0.07885
524.598,0.07853
522.670,0.07776
520.741,0.07729
518.812,0.07747
516.884,0.07758
514.955,0.07725
513.026,0.07716
511.098,0.07792
509.169,0.07915
507.240,0.08022
505.312,0.08146
503.383,0.08373
501.454,0.08707
499.526,0.09083
497.597,0.09501
495.668,0.10021
493.740,0.10592
491.811,0.11070
489.882,0.11420
487.954,0.11713
486.025,0.11933
484.096,0.11958
482.168,0.11778
480.239,0.11554
478.310,0.11375
476.382,0.11190
474.453,0.11009
472.524,0.10968
470.596,0.11214
468.667,0.11799
466.738,0.12667
464.810,0.13680
462.881,0.14603
460.952,0.15088
459.024,0.14910
457.095,0.14262
455.166,0.13547
453.238,0.12935
451.309,0.12360
449.380,0.11814
447.452,0.11415
445.523,0.11153
443.594,0.10838
441.666,0.10436
439.737,0.10128
437.808,0.09989
435.880,0.09886
433.951,0.09690
432.022,0.09471
430.094,0.09397
428.165,0.09420
426.236,0.09336
424.308,0.09188
422.379,0.09266
420.450,0.09662
418.522,0.10217
416.593,0.10994
414.664,0.12220
412.736,0.13674
410.807,0.14751
408.878,0.15253
406.950,0.15504
405.021,0.15856
403.092,0.16299
401.163,0.16647
399.235,0.17339
