6999.146,0.27147
6997.217,0.27122
6995.288,0.27125
6993.360,0.27132
6991.431,0.27120
6989.502,0.27098
6987.574,0.27077
6985.645,0.27061
6983.716,0.27058
6981.788,0.27058
6979.859,0.27042
6977.930,0.27018
6976.002,0.27006
6974.073,0.27012
6972.144,0.27026
6970.216,0.27036
6968.287,0.27030
6966.358,0.27006
6964.430,0.26978
6962.501,0.26960
6960.572,0.26952
6958.644,0.26953
6956.715,0.26961
6954.786,0.26965
6952.858,0.26953
6950.929,0.26933
6949.000,0.26925
6947.072,0.26928
6945.143,0.26928
6943.214,0.26913
6941.286,0.26897
6939.357,0.26903
6937.428,0.26908
6935.500,0.26883
6933.571,0.26856
6931.642,0.26849
6929.714,0.26847
6927.785,0.26847
6925.856,0.26849
6923.928,0.26843
6921.999,0.26835
6920.070,0.26829
6918.142,0.26816
6916.213,0.26797
6914.284,0.26782
6912.356,0.26767
6910.427,0.26739
6908.498,0.26704
6906.570,0.26687
6904.641,0.26700
6902.712,0.26716
6900.784,0.26698
6898.855,0.26670
6896.926,0.26678
6894.998,0.26708
6893.069,0.26718
6891.140,0.26699
6889.212,0.26669
6887.283,0.26647
6885.354,0.26632
6883.426,0.26613
6881.497,0.26600
6879.568,0.26602
6877.640,0.26598
6875.711,0.26584
6873.782,0.26578
6871.854,0.26574
6869.925,0.26559
6867.996,0.26537
6866.068,0.26513
6864.139,0.26494
6862.210,0.26494
6860.282,0.26508
6858.353,0.26519
6856.424,0.26507
6854.496,0.26478
6852.567,0.26448
6850.638,0.26421
6848.709,0.26401
6846.781,0.26394
6844.852,0.26389
6842.923,0.26381
6840.995,0.26382
6839.066,0.26389
6837.137,0.26385
6835.209,0.26364
6833.280,0.26346
6831.351,0.26340
6829.423,0.26330
6827.494,0.26314
6825.565,0.26301
6823.637,0.26290
6821.708,0.26278
6819.779,0.26268
6817.851,0.26256
6815.922,0.26250
6813.993,0.26252
6812.065,0.26243
6810.136,0.26222
6808.207,0.26204
6806.279,0.26204
6804.350,0.26214
6802.421,0.26213
6800.493,0.26195
6798.564,0.26171
6796.635,0.26149
6794.707,0.26131
6792.778,0.26126
6790.849,0.26127
6788.921,0.26120
6786.992,0.26103
6785.063,0.26080
6783.135,0.26058
6781.206,0.26047
6779.277,0.26048
6777.349,0.26048
6775.420,0.26041
6773.491,0.26036
6771.563,0.26035
6769.634,0.26030
6767.705,0.26019
6765.777,0.26004
6763.848,0.25987
6761.919,0.25973
6759.991,0.25963
6758.062,0.25948
6756.133,0.25929
6754.205,0.25913
6752.276,0.25899
6750.347,0.25895
6748.419,0.25905
6746.490,0.25911
6744.561,0.25901
6742.633,0.25886
6740.704,0.25879
6738.775,0.25874
6736.847,0.25866
6734.918,0.25852
6732.989,0.25833
6731.061,0.25817
6729.132,0.25821
6727.203,0.25829
6725.275,0.25819
6723.346,0.25797
6721.417,0.25782
6719.489,0.25775
6717.560,0.25766
6715.631,0.25750
6713.703,0.25737
6711.774,0.25732
6709.845,0.25728
6707.917,0.25714
6705.988,0.25682
6704.059,0.25659
6702.131,0.25660
6700.202,0.25673
6698.273,0.25679
6696.345,0.25664
6694.416,0.25641
6692.487,0.25634
6690.558,0.25640
6688.630,0.25638
6686.701,0.25620
6684.772,0.25597
6682.844,0.25580
6680.915,0.25569
6678.986,0.25558
6677.058,0.25543
6675.129,0.25525
6673.200,0.25519
6671.272,0.25522
6669.343,0.25520
6667.414,0.25513
6665.486,0.25498
6663.557,0.25475
6661.628,0.25459
6659.700,0.25458
6657.771,0.25454
6655.842,0.25438
6653.914,0.25425
6651.985,0.25429
6650.056,0.25433
6648.128,0.25427
6646.199,0.25421
6644.270,0.25415
6642.342,0.25394
6640.413,0.25365
6638.484,0.25348
6636.556,0.25344
6634.627,0.25343
6632.698,0.25339
6630.770,0.25327
6628.841,0.25303
6626.912,0.25279
6624.984,0.25265
6623.055,0.25263
6621.126,0.25266
6619.198,0.25266
6617.269,0.25264
6615.340,0.25260
6613.412,0.25250
6611.483,0.25229
6609.554,0.25204
6607.626,0.25183
6605.697,0.25170
6603.768,0.25166
6601.840,0.25166
6599.911,0.25163
6597.982,0.25155
6596.054,0.25145
6594.125,0.25136
6592.196,0.25127
6590.268,0.25121
6588.339,0.25119
6586.410,0.25117
6584.482,0.25114
6582.553,0.25113
6580.624,0.25105
6578.696,0.25083
6576.767,0.25053
6574.838,0.25029
6572.910,0.25019
6570.981,0.25025
6569.052,0.25031
6567.124,0.25016
6565.195,0.25001
6563.266,0.25008
6561.338,0.25015
6559.409,0.25000
6557.480,0.24978
6555.552,0.24955
6553.623,0.24933
6551.694,0.24920
6549.766,0.24919
6547.837,0.24918
6545.908,0.24917
6543.980,0.24916
6542.051,0.24904
6540.122,0.24887
6538.194,0.24875
6536.265,0.24864
6534.336,0.24851
6532.408,0.24843
6530.479,0.24844
6528.550,0.24838
6526.621,0.24825
6524.693,0.24821
6522.764,0.24821
6520.835,0.24806
6518.907,0.24777
6516.978,0.24750
6515.049,0.24741
6513.121,0.24741
6511.192,0.24740
6509.263,0.24734
6507.335,0.24725
6505.406,0.24720
6503.477,0.24722
6501.549,0.24719
6499.620,0.24704
6497.691,0.24687
6495.763,0.24676
6493.834,0.24672
6491.905,0.24669
6489.977,0.24659
6488.048,0.24644
6486.119,0.24631
6484.191,0.24624
6482.262,0.24617
6480.333,0.24609
6478.405,0.24606
6476.476,0.24603
6474.547,0.24586
6472.619,0.24564
6470.690,0.24552
6468.761,0.24544
6466.833,0.24527
6464.904,0.24508
6462.975,0.24502
6461.047,0.24506
6459.118,0.24505
6457.189,0.24491
6455.261,0.24464
6453.332,0.24432
6451.403,0.24414
6449.475,0.24417
6447.546,0.24421
6445.617,0.24412
6443.689,0.24396
6441.760,0.24378
6439.831,0.24364
6437.903,0.24358
6435.974,0.24347
6434.045,0.24324
6432.117,0.24300
6430.188,0.24291
6428.259,0.24293
6426.331,0.24296
6424.402,0.24298
6422.473,0.24300
6420.545,0.24296
6418.616,0.24277
6416.687,0.24249
6414.759,0.24226
6412.830,0.24211
6410.901,0.24204
6408.973,0.24201
6407.044,0.24194
6405.115,0.24182
6403.187,0.24174
6401.258,0.24164
6399.329,0.24146
6397.401,0.24130
6395.472,0.24126
6393.543,0.24121
6391.615,0.24110
6389.686,0.24111
6387.757,0.24119
6385.829,0.24111
6383.900,0.24091
6381.971,0.24082
6380.043,0.24077
6378.114,0.24064
6376.185,0.24047
6374.257,0.24041
6372.328,0.24038
6370.399,0.24022
6368.471,0.23999
6366.542,0.23985
6364.613,0.23974
6362.684,0.23961
6360.756,0.23948
6358.827,0.23943
6356.898,0.23940
6354.970,0.23932
6353.041,0.23923
6351.112,0.23917
6349.184,0.23913
6347.255,0.23903
6345.326,0.23887
6343.398,0.23869
6341.469,0.23853
6339.540,0.23848
6337.612,0.23856
6335.683,0.23855
6333.754,0.23841
6331.826,0.23831
6329.897,0.23828
6327.968,0.23822
6326.040,0.23814
6324.111,0.23805
6322.182,0.23797
6320.254,0.23785
6318.325,0.23773
6316.396,0.23766
6314.468,0.23762
6312.539,0.23754
6310.610,0.23742
6308.682,0.23729
6306.753,0.23723
6304.824,0.23724
6302.896,0.23721
6300.967,0.23706
6299.038,0.23687
6297.110,0.23676
6295.181,0.23666
6293.252,0.23650
6291.324,0.23641
6289.395,0.23640
6287.466,0.23630
6285.538,0.23616
6283.609,0.23611
6281.680,0.23610
6279.752,0.23605
6277.823,0.23599
6275.894,0.23590
6273.966,0.23584
6272.037,0.23581
6270.108,0.23573
6268.180,0.23562
6266.251,0.23552
6264.322,0.23536
6262.394,0.23516
6260.465,0.23507
6258.536,0.23503
6256.608,0.23490
6254.679,0.23476
6252.750,0.23470
6250.822,0.23465
6248.893,0.23456
6246.964,0.23449
6245.036,0.23446
6243.107,0.23438
6241.178,0.23423
6239.250,0.23409
6237.321,0.23398
6235.392,0.23393
6233.464,0.23390
6231.535,0.23384
6229.606,0.23378
6227.678,0.23368
6225.749,0.23348
6223.820,0.23322
6221.892,0.23306
6219.963,0.23301
6218.034,0.23292
6216.106,0.23279
6214.177,0.23270
6212.248,0.23267
6210.320,0.23268
6208.391,0.23268
6206.462,0.23266
6204.533,0.23256
6202.605,0.23237
6200.676,0.23225
6198.747,0.23223
6196.819,0.23221
6194.890,0.23213
6192.961,0.23205
6191.033,0.23197
6189.104,0.23190
6187.175,0.23185
6185.247,0.23179
6183.318,0.23175
6181.389,0.23174
6179.461,0.23172
6177.532,0.23170
6175.603,0.23170
6173.675,0.23171
6171.746,0.23174
6169.817,0.23177
6167.889,0.23178
6165.960,0.23183
6164.031,0.23204
6162.103,0.23248
6160.174,0.23303
6158.245,0.23361
6156.317,0.23424
6154.388,0.23495
6152.459,0.23556
6150.531,0.23572
6148.602,0.23532
6146.673,0.23464
6144.745,0.23395
6142.816,0.23334
6140.887,0.23288
6138.959,0.23272
6137.030,0.23298
6135.101,0.23358
6133.173,0.23411
6131.244,0.23414
6129.315,0.23360
6127.387,0.23282
6125.458,0.23203
6123.529,0.23130
6121.601,0.23070
6119.672,0.23024
6117.743,0.22986
6115.815,0.22954
6113.886,0.22930
6111.957,0.22906
6110.029,0.22883
6108.100,0.22864
6106.171,0.22846
6104.243,0.22833
6102.314,0.22829
6100.385,0.22826
6098.457,0.22816
6096.528,0.22798
6094.599,0.22780
6092.671,0.22767
6090.742,0.22761
6088.813,0.22753
6086.885,0.22741
6084.956,0.22730
6083.027,0.22723
6081.099,0.22711
6079.170,0.22691
6077.241,0.22672
6075.313,0.22660
6073.384,0.22658
6071.455,0.22662
6069.527,0.22658
6067.598,0.22649
6065.669,0.22649
6063.741,0.22658
6061.812,0.22662
6059.883,0.22656
6057.955,0.22647
6056.026,0.22638
6054.097,0.22624
6052.169,0.22605
6050.240,0.22589
6048.311,0.22576
6046.383,0.22567
6044.454,0.22563
6042.525,0.22559
6040.596,0.22555
6038.668,0.22552
6036.739,0.22543
6034.810,0.22533
6032.882,0.22525
6030.953,0.22516
6029.024,0.22504
6027.096,0.22497
6025.167,0.22494
6023.238,0.22493
6021.310,0.22494
6019.381,0.22493
6017.452,0.22491
6015.524,0.22495
6013.595,0.22511
6011.666,0.22529
6009.738,0.22540
6007.809,0.22550
6005.880,0.22561
6003.952,0.22565
6002.023,0.22555
6000.094,0.22530
5998.166,0.22497
5996.237,0.22463
5994.308,0.22431
5992.380,0.22406
5990.451,0.22394
5988.522,0.22386
5986.594,0.22374
5984.665,0.22356
5982.736,0.22337
5980.808,0.22321
5978.879,0.22309
5976.950,0.22301
5975.022,0.22295
5973.093,0.22290
5971.164,0.22284
5969.236,0.22274
5967.307,0.22257
5965.378,0.22239
5963.450,0.22229
5961.521,0.22224
5959.592,0.22217
5957.664,0.22210
5955.735,0.22203
5953.806,0.22194
5951.878,0.22189
5949.949,0.22190
5948.020,0.22192
5946.092,0.22193
5944.163,0.22195
5942.234,0.22192
5940.306,0.22184
5938.377,0.22179
5936.448,0.22179
5934.520,0.22178
5932.591,0.22171
5930.662,0.22162
5928.734,0.22157
5926.805,0.22156
5924.876,0.22152
5922.948,0.22143
5921.019,0.22131
5919.090,0.22122
5917.162,0.22121
5915.233,0.22118
5913.304,0.22111
5911.376,0.22100
5909.447,0.22088
5907.518,0.22080
5905.590,0.22077
5903.661,0.22078
5901.732,0.22078
5899.804,0.22073
5897.875,0.22062
5895.946,0.22047
5894.018,0.22032
5892.089,0.22018
5890.160,0.22006
5888.232,0.21998
5886.303,0.21990
5884.374,0.21980
5882.445,0.21975
5880.517,0.21969
5878.588,0.21962
5876.659,0.21955
5874.731,0.21944
5872.802,0.21936
5870.873,0.21933
5868.945,0.21928
5867.016,0.21920
5865.087,0.21914
5863.159,0.21909
5861.230,0.21903
5859.301,0.21894
5857.373,0.21876
5855.444,0.21857
5853.515,0.21851
5851.587,0.21850
5849.658,0.21847
5847.729,0.21839
5845.801,0.21825
5843.872,0.21811
5841.943,0.21803
5840.015,0.21796
5838.086,0.21785
5836.157,0.21779
5834.229,0.21780
5832.300,0.21777
5830.371,0.21758
5828.443,0.21730
5826.514,0.21710
5824.585,0.21699
5822.657,0.21687
5820.728,0.21670
5818.799,0.21659
5816.871,0.21653
5814.942,0.21648
5813.013,0.21641
5811.085,0.21630
5809.156,0.21614
5807.227,0.21599
5805.299,0.21587
5803.370,0.21577
5801.441,0.21568
5799.513,0.21562
5797.584,0.21556
5795.655,0.21547
5793.727,0.21533
5791.798,0.21520
5789.869,0.21508
5787.941,0.21496
5786.012,0.21486
5784.083,0.21477
5782.155,0.21468
5780.226,0.21460
5778.297,0.21451
5776.369,0.21439
5774.440,0.21429
5772.511,0.21421
5770.583,0.21413
5768.654,0.21406
5766.725,0.21401
5764.797,0.21396
5762.868,0.21392
5760.939,0.21387
5759.011,0.21375
5757.082,0.21360
5755.153,0.21351
5753.225,0.21348
5751.296,0.21346
5749.367,0.21340
5747.439,0.21329
5745.510,0.21319
5743.581,0.21313
5741.653,0.21309
5739.724,0.21298
5737.795,0.21280
5735.867,0.21266
5733.938,0.21263
5732.009,0.21260
5730.081,0.21256
5728.152,0.21252
5726.223,0.21245
5724.295,0.21237
5722.366,0.21227
5720.437,0.21215
5718.508,0.21205
5716.580,0.21197
5714.651,0.21185
5712.722,0.21175
5710.794,0.21173
5708.865,0.21168
5706.936,0.21154
5705.008,0.21132
5703.079,0.21114
5701.150,0.21107
5699.222,0.21102
5697.293,0.21091
5695.364,0.21077
5693.436,0.21065
5691.507,0.21055
5689.578,0.21044
5687.650,0.21034
5685.721,0.21022
5683.792,0.21009
5681.864,0.20998
5679.935,0.20991
5678.006,0.20987
5676.078,0.20981
5674.149,0.20970
5672.220,0.20952
5670.292,0.20936
5668.363,0.20929
5666.434,0.20925
5664.506,0.20917
5662.577,0.20904
5660.648,0.20892
5658.720,0.20884
5656.791,0.20874
5654.862,0.20862
5652.934,0.20849
5651.005,0.20839
5649.076,0.20835
5647.148,0.20832
5645.219,0.20823
5643.290,0.20806
5641.362,0.20786
5639.433,0.20770
5637.504,0.20759
5635.576,0.20751
5633.647,0.20745
5631.718,0.20741
5629.790,0.20734
5627.861,0.20726
5625.932,0.20718
5624.004,0.20707
5622.075,0.20693
5620.146,0.20683
5618.218,0.20680
5616.289,0.20677
5614.360,0.20671
5612.432,0.20663
5610.503,0.20657
5608.574,0.20651
5606.646,0.20645
5604.717,0.20635
5602.788,0.20625
5600.860,0.20617
5598.931,0.20605
5597.002,0.20589
5595.074,0.20578
5593.145,0.20570
5591.216,0.20562
5589.288,0.20554
5587.359,0.20544
5585.430,0.20535
5583.502,0.20527
5581.573,0.20519
5579.644,0.20509
5577.716,0.20496
5575.787,0.20485
5573.858,0.20477
5571.930,0.20466
5570.001,0.20454
5568.072,0.20448
5566.144,0.20442
5564.215,0.20432
5562.286,0.20422
5560.357,0.20414
5558.429,0.20408
5556.500,0.20397
5554.571,0.20383
5552.643,0.20373
5550.714,0.20367
5548.785,0.20361
5546.857,0.20353
5544.928,0.20348
5542.999,0.20347
5541.071,0.20342
5539.142,0.20327
5537.213,0.20308
5535.285,0.20295
5533.356,0.20288
5531.427,0.20281
5529.499,0.20273
5527.570,0.20264
5525.641,0.20258
5523.713,0.20252
5521.784,0.20244
5519.855,0.20238
5517.927,0.20236
5515.998,0.20232
5514.069,0.20219
5512.141,0.20203
5510.212,0.20198
5508.283,0.20200
5506.355,0.20197
5504.426,0.20186
5502.497,0.20173
5500.569,0.20166
5498.640,0.20162
5496.711,0.20154
5494.783,0.20144
5492.854,0.20134
5490.925,0.20127
5488.997,0.20117
5487.068,0.20105
5485.139,0.20097
5483.211,0.20093
5481.282,0.20085
5479.353,0.20072
5477.425,0.20059
5475.496,0.20048
5473.567,0.20038
5471.639,0.20031
5469.710,0.20024
5467.781,0.20011
5465.853,0.19997
5463.924,0.19986
5461.995,0.19981
5460.067,0.19978
5458.138,0.19972
5456.209,0.19962
5454.281,0.19953
5452.352,0.19944
5450.423,0.19935
5448.495,0.19927
5446.566,0.19920
5444.637,0.19912
5442.709,0.19904
5440.780,0.19896
5438.851,0.19888
5436.923,0.19882
5434.994,0.19874
5433.065,0.19864
5431.137,0.19854
5429.208,0.19844
5427.279,0.19834
5425.351,0.19829
5423.422,0.19825
5421.493,0.19818
5419.565,0.19809
5417.636,0.19800
5415.707,0.19792
5413.779,0.19783
5411.850,0.19774
5409.921,0.19767
5407.993,0.19763
5406.064,0.19759
5404.135,0.19748
5402.207,0.19733
5400.278,0.19721
5398.349,0.19712
5396.420,0.19705
5394.492,0.19701
5392.563,0.19700
5390.634,0.19695
5388.706,0.19686
5386.777,0.19675
5384.848,0.19660
5382.920,0.19646
5380.991,0.19640
5379.062,0.19642
5377.134,0.19638
5375.205,0.19625
5373.276,0.19613
5371.348,0.19605
5369.419,0.19598
5367.490,0.19587
5365.562,0.19575
5363.633,0.19567
5361.704,0.19561
5359.776,0.19554
5357.847,0.19546
5355.918,0.19540
5353.990,0.19532
5352.061,0.19522
5350.132,0.19512
5348.204,0.19506
5346.275,0.19501
5344.346,0.19493
5342.418,0.19486
5340.489,0.19480
5338.560,0.19468
5336.632,0.19455
5334.703,0.19447
5332.774,0.19441
5330.846,0.19434
5328.917,0.19427
5326.988,0.19421
5325.060,0.19417
5323.131,0.19409
5321.202,0.19396
5319.274,0.19378
5317.345,0.19366
5315.416,0.19366
5313.488,0.19364
5311.559,0.19353
5309.630,0.19340
5307.702,0.19331
5305.773,0.19322
5303.844,0.19315
5301.916,0.19310
5299.987,0.19302
5298.058,0.19292
5296.130,0.19280
5294.201,0.19270
5292.272,0.19267
5290.344,0.19266
5288.415,0.19257
5286.486,0.19244
5284.558,0.19233
5282.629,0.19222
5280.700,0.19216
5278.772,0.19213
5276.843,0.19205
5274.914,0.19197
5272.986,0.19194
5271.057,0.19190
5269.128,0.19182
5267.200,0.19174
5265.271,0.19170
5263.342,0.19161
5261.414,0.19148
5259.485,0.19136
5257.556,0.19129
5255.628,0.19126
5253.699,0.19120
5251.770,0.19109
5249.842,0.19095
5247.913,0.19086
5245.984,0.19080
5244.056,0.19076
5242.127,0.19069
5240.198,0.19061
5238.269,0.19055
5236.341,0.19047
5234.412,0.19038
5232.483,0.19031
5230.555,0.19025
5228.626,0.19017
5226.697,0.19006
5224.769,0.18996
5222.840,0.18990
5220.911,0.18988
5218.983,0.18981
5217.054,0.18966
5215.125,0.18954
5213.197,0.18951
5211.268,0.18951
5209.339,0.18950
5207.411,0.18946
5205.482,0.18936
5203.553,0.18921
5201.625,0.18906
5199.696,0.18894
5197.767,0.18886
5195.839,0.18881
5193.910,0.18877
5191.981,0.18871
5190.053,0.18864
5188.124,0.18855
5186.195,0.18845
5184.267,0.18834
5182.338,0.18827
5180.409,0.18824
5178.481,0.18818
5176.552,0.18808
5174.623,0.18798
5172.695,0.18793
5170.766,0.18791
5168.837,0.18787
5166.909,0.18778
5164.980,0.18768
5163.051,0.18760
5161.123,0.18755
5159.194,0.18745
5157.265,0.18732
5155.337,0.18724
5153.408,0.18721
5151.479,0.18713
5149.551,0.18699
5147.622,0.18686
5145.693,0.18677
5143.765,0.18672
5141.836,0.18667
5139.907,0.18663
5137.979,0.18656
5136.050,0.18645
5134.121,0.18632
5132.193,0.18620
5130.264,0.18611
5128.335,0.18605
5126.407,0.18599
5124.478,0.18591
5122.549,0.18583
5120.621,0.18575
5118.692,0.18566
5116.763,0.18557
5114.835,0.18548
5112.906,0.18541
5110.977,0.18537
5109.049,0.18533
5107.120,0.18528
5105.191,0.18523
5103.263,0.18516
5101.334,0.18507
5099.405,0.18495
5097.477,0.18483
5095.548,0.18472
5093.619,0.18463
5091.691,0.18456
5089.762,0.18449
5087.833,0.18444
5085.905,0.18438
5083.976,0.18429
5082.047,0.18417
5080.119,0.18409
5078.190,0.18402
5076.261,0.18393
5074.332,0.18383
5072.404,0.18373
5070.475,0.18368
5068.546,0.18364
5066.618,0.18358
5064.689,0.18349
5062.760,0.18339
5060.832,0.18332
5058.903,0.18325
5056.974,0.18315
5055.046,0.18305
5053.117,0.18298
5051.188,0.18286
5049.260,0.18272
5047.331,0.18262
5045.402,0.18255
5043.474,0.18249
5041.545,0.18241
5039.616,0.18232
5037.688,0.18225
5035.759,0.18219
5033.830,0.18210
5031.902,0.18198
5029.973,0.18191
5028.044,0.18188
5026.116,0.18182
5024.187,0.18172
5022.258,0.18162
5020.330,0.18157
5018.401,0.18153
5016.472,0.18145
5014.544,0.18133
5012.615,0.18123
5010.686,0.18115
5008.758,0.18107
5006.829,0.18097
5004.900,0.18088
5002.972,0.18081
5001.043,0.18074
4999.114,0.18064
4997.186,0.18055
4995.257,0.18052
4993.328,0.18047
4991.400,0.18036
4989.471,0.18028
4987.542,0.18025
4985.614,0.18021
4983.685,0.18015
4981.756,0.18007
4979.828,0.17996
4977.899,0.17984
4975.970,0.17971
4974.042,0.17957
4972.113,0.17947
4970.184,0.17942
4968.256,0.17941
4966.327,0.17936
4964.398,0.17924
4962.470,0.17913
4960.541,0.17907
4958.612,0.17902
4956.684,0.17894
4954.755,0.17883
4952.826,0.17872
4950.898,0.17865
4948.969,0.17859
4947.040,0.17854
4945.112,0.17849
4943.183,0.17843
4941.254,0.17834
4939.326,0.17821
4937.397,0.17810
4935.468,0.17805
4933.540,0.17802
4931.611,0.17796
4929.682,0.17783
4927.754,0.17767
4925.825,0.17754
4923.896,0.17745
4921.968,0.17739
4920.039,0.17736
4918.110,0.17735
4916.181,0.17730
4914.253,0.17720
4912.324,0.17708
4910.395,0.17699
4908.467,0.17692
4906.538,0.17682
4904.609,0.17673
4902.681,0.17666
4900.752,0.17657
4898.823,0.17646
4896.895,0.17634
4894.966,0.17626
4893.037,0.17620
4891.109,0.17613
4889.180,0.17606
4887.251,0.17600
4885.323,0.17594
4883.394,0.17586
4881.465,0.17576
4879.537,0.17566
4877.608,0.17554
4875.679,0.17542
4873.751,0.17534
4871.822,0.17529
4869.893,0.17525
4867.965,0.17520
4866.036,0.17514
4864.107,0.17509
4862.179,0.17502
4860.250,0.17491
4858.321,0.17476
4856.393,0.17463
4854.464,0.17453
4852.535,0.17447
4850.607,0.17443
4848.678,0.17436
4846.749,0.17427
4844.821,0.17417
4842.892,0.17413
4840.963,0.17409
4839.035,0.17404
4837.106,0.17397
4835.177,0.17388
4833.249,0.17378
4831.320,0.17365
4829.391,0.17353
4827.463,0.17346
4825.534,0.17344
4823.605,0.17340
4821.677,0.17331
4819.748,0.17319
4817.819,0.17309
4815.891,0.17300
4813.962,0.17291
4812.033,0.17284
4810.105,0.17279
4808.176,0.17273
4806.247,0.17263
4804.319,0.17252
4802.390,0.17243
4800.461,0.17235
4798.533,0.17223
4796.604,0.17210
4794.675,0.17202
4792.747,0.17200
4790.818,0.17193
4788.889,0.17182
4786.961,0.17172
4785.032,0.17169
4783.103,0.17164
4781.175,0.17155
4779.246,0.17147
4777.317,0.17138
4775.389,0.17129
4773.460,0.17123
4771.531,0.17117
4769.603,0.17110
4767.674,0.17104
4765.745,0.17098
4763.817,0.17090
4761.888,0.17084
4759.959,0.17081
4758.031,0.17077
4756.102,0.17067
4754.173,0.17056
4752.244,0.17051
4750.316,0.17048
4748.387,0.17041
4746.458,0.17031
4744.530,0.17023
4742.601,0.17018
4740.672,0.17011
4738.744,0.17000
4736.815,0.16988
4734.886,0.16979
4732.958,0.16970
4731.029,0.16959
4729.100,0.16949
4727.172,0.16943
4725.243,0.16937
4723.314,0.16925
4721.386,0.16913
4719.457,0.16908
4717.528,0.16904
4715.600,0.16896
4713.671,0.16886
4711.742,0.16883
4709.814,0.16882
4707.885,0.16876
4705.956,0.16866
4704.028,0.16858
4702.099,0.16853
4700.170,0.16846
4698.242,0.16836
4696.313,0.16825
4694.384,0.16821
4692.456,0.16818
4690.527,0.16811
4688.598,0.16804
4686.670,0.16801
4684.741,0.16800
4682.812,0.16794
4680.884,0.16783
4678.955,0.16771
4677.026,0.16761
4675.098,0.16754
4673.169,0.16748
4671.240,0.16740
4669.312,0.16737
4667.383,0.16737
4665.454,0.16730
4663.526,0.16715
4661.597,0.16700
4659.668,0.16691
4657.740,0.16687
4655.811,0.16683
4653.882,0.16678
4651.954,0.16673
4650.025,0.16666
4648.096,0.16652
4646.168,0.16636
4644.239,0.16627
4642.310,0.16624
4640.382,0.16618
4638.453,0.16606
4636.524,0.16595
4634.596,0.16588
4632.667,0.16581
4630.738,0.16570
4628.810,0.16560
4626.881,0.16554
4624.952,0.16549
4623.024,0.16543
4621.095,0.16532
4619.166,0.16523
4617.238,0.16518
4615.309,0.16514
4613.380,0.16506
4611.452,0.16496
4609.523,0.16487
4607.594,0.16485
4605.666,0.16484
4603.737,0.16479
4601.808,0.16471
4599.880,0.16461
4597.951,0.16451
4596.022,0.16440
4594.093,0.16427
4592.165,0.16420
4590.236,0.16414
4588.307,0.16405
4586.379,0.16396
4584.450,0.16395
4582.521,0.16395
4580.593,0.16388
4578.664,0.16376
4576.735,0.16368
4574.807,0.16365
4572.878,0.16360
4570.949,0.16350
4569.021,0.16340
4567.092,0.16334
4565.163,0.16329
4563.235,0.16321
4561.306,0.16311
4559.377,0.16304
4557.449,0.16301
4555.520,0.16295
4553.591,0.16285
4551.663,0.16279
4549.734,0.16278
4547.805,0.16275
4545.877,0.16266
4543.948,0.16257
4542.019,0.16252
4540.091,0.16247
4538.162,0.16238
4536.233,0.16228
4534.305,0.16227
4532.376,0.16228
4530.447,0.16223
4528.519,0.16211
4526.590,0.16203
4524.661,0.16201
4522.733,0.16200
4520.804,0.16195
4518.875,0.16189
4516.947,0.16188
4515.018,0.16190
4513.089,0.16185
4511.161,0.16171
4509.232,0.16162
4507.303,0.16161
4505.375,0.16165
4503.446,0.16172
4501.517,0.16185
4499.589,0.16203
4497.660,0.16231
4495.731,0.16265
4493.803,0.16300
4491.874,0.16323
4489.945,0.16324
4488.017,0.16307
4486.088,0.16287
4484.159,0.16274
4482.231,0.16264
4480.302,0.16241
4478.373,0.16202
4476.445,0.16161
4474.516,0.16130
4472.587,0.16111
4470.659,0.16100
4468.730,0.16093
4466.801,0.16097
4464.873,0.16111
4462.944,0.16125
4461.015,0.16131
4459.087,0.16131
4457.158,0.16131
4455.229,0.16129
4453.301,0.16119
4451.372,0.16103
4449.443,0.16087
4447.515,0.16071
4445.586,0.16049
4443.657,0.16027
4441.729,0.16010
4439.800,0.15995
4437.871,0.15981
4435.943,0.15970
4434.014,0.15964
4432.085,0.15968
4430.156,0.15978
4428.228,0.15991
4426.299,0.16005
4424.370,0.16020
4422.442,0.16038
4420.513,0.16061
4418.584,0.16086
4416.656,0.16108
4414.727,0.16124
4412.798,0.16128
4410.870,0.16123
4408.941,0.16120
4407.012,0.16123
4405.084,0.16127
4403.155,0.16126
4401.226,0.16120
4399.298,0.16109
4397.369,0.16089
4395.440,0.16062
4393.512,0.16036
4391.583,0.16017
4389.654,0.16008
4387.726,0.16004
4385.797,0.16002
4383.868,0.16001
4381.940,0.16004
4380.011,0.16004
4378.082,0.15992
4376.154,0.15967
4374.225,0.15937
4372.296,0.15903
4370.368,0.15863
4368.439,0.15825
4366.510,0.15794
4364.582,0.15774
4362.653,0.15758
4360.724,0.15744
4358.796,0.15733
4356.867,0.15728
4354.938,0.15728
4353.010,0.15734
4351.081,0.15744
4349.152,0.15760
4347.224,0.15785
4345.295,0.15812
4343.366,0.15832
4341.438,0.15844
4339.509,0.15853
4337.580,0.15858
4335.652,0.15855
4333.723,0.15842
4331.794,0.15825
4329.866,0.15808
4327.937,0.15791
4326.008,0.15785
4324.080,0.15801
4322.151,0.15837
4320.222,0.15877
4318.294,0.15896
4316.365,0.15883
4314.436,0.15857
4312.508,0.15842
4310.579,0.15833
4308.650,0.15816
4306.722,0.15786
4304.793,0.15749
4302.864,0.15715
4300.936,0.15691
4299.007,0.15677
4297.078,0.15670
4295.150,0.15670
4293.221,0.15677
4291.292,0.15685
4289.364,0.15686
4287.435,0.15677
4285.506,0.15664
4283.578,0.15649
4281.649,0.15631
4279.720,0.15611
4277.792,0.15585
4275.863,0.15550
4273.934,0.15512
4272.005,0.15479
4270.077,0.15451
4268.148,0.15425
4266.219,0.15399
4264.291,0.15379
4262.362,0.15364
4260.433,0.15350
4258.505,0.15333
4256.576,0.15317
4254.647,0.15306
4252.719,0.15297
4250.790,0.15285
4248.861,0.15268
4246.933,0.15251
4245.004,0.15237
4243.075,0.15222
4241.147,0.15206
4239.218,0.15194
4237.289,0.15187
4235.361,0.15180
4233.432,0.15170
4231.503,0.15159
4229.575,0.15155
4227.646,0.15155
4225.717,0.15154
4223.789,0.15151
4221.860,0.15151
4219.931,0.15156
4218.003,0.15157
4216.074,0.15152
4214.145,0.15146
4212.217,0.15140
4210.288,0.15135
4208.359,0.15129
4206.431,0.15123
4204.502,0.15119
4202.573,0.15117
4200.645,0.15112
4198.716,0.15101
4196.787,0.15091
4194.859,0.15082
4192.930,0.15072
4191.001,0.15057
4189.073,0.15038
4187.144,0.15023
4185.215,0.15011
4183.287,0.14997
4181.358,0.14982
4179.429,0.14970
4177.501,0.14961
4175.572,0.14951
4173.643,0.14939
4171.715,0.14926
4169.786,0.14916
4167.857,0.14907
4165.929,0.14897
4164.000,0.14883
4162.071,0.14873
4160.143,0.14866
4158.214,0.14858
4156.285,0.14845
4154.357,0.14834
4152.428,0.14828
4150.499,0.14824
4148.571,0.14813
4146.642,0.14800
4144.713,0.14793
4142.785,0.14793
4140.856,0.14787
4138.927,0.14774
4136.999,0.14764
4135.070,0.14758
4133.141,0.14752
4131.213,0.14742
4129.284,0.14734
4127.355,0.14730
4125.427,0.14728
4123.498,0.14722
4121.569,0.14715
4119.641,0.14714
4117.712,0.14717
4115.783,0.14718
4113.855,0.14718
4111.926,0.14721
4109.997,0.14728
4108.068,0.14735
4106.140,0.14736
4104.211,0.14732
4102.282,0.14728
4100.354,0.14725
4098.425,0.14719
4096.496,0.14711
4094.568,0.14706
4092.639,0.14704
4090.710,0.14699
4088.782,0.14684
4086.853,0.14665
4084.924,0.14651
4082.996,0.14639
4081.067,0.14620
4079.138,0.14600
4077.210,0.14586
4075.281,0.14577
4073.352,0.14566
4071.424,0.14549
4069.495,0.14533
4067.566,0.14522
4065.638,0.14509
4063.709,0.14493
4061.780,0.14478
4059.852,0.14470
4057.923,0.14463
4055.994,0.14454
4054.066,0.14442
4052.137,0.14432
4050.208,0.14427
4048.280,0.14423
4046.351,0.14415
4044.422,0.14409
4042.494,0.14406
4040.565,0.14403
4038.636,0.14397
4036.708,0.14388
4034.779,0.14384
4032.850,0.14383
4030.922,0.14384
4028.993,0.14383
4027.064,0.14384
4025.136,0.14389
4023.207,0.14395
4021.278,0.14393
4019.350,0.14385
4017.421,0.14380
4015.492,0.14376
4013.564,0.14368
4011.635,0.14358
4009.706,0.14349
4007.778,0.14341
4005.849,0.14334
4003.920,0.14323
4001.992,0.14313
4000.063,0.14310
3998.134,0.14310
3996.206,0.14308
3994.277,0.14306
3992.348,0.14306
3990.420,0.14304
3988.491,0.14295
3986.562,0.14279
3984.634,0.14264
3982.705,0.14254
3980.776,0.14239
3978.848,0.14217
3976.919,0.14195
3974.990,0.14181
3973.062,0.14170
3971.133,0.14155
3969.204,0.14137
3967.276,0.14123
3965.347,0.14117
3963.418,0.14111
3961.490,0.14102
3959.561,0.14095
3957.632,0.14091
3955.704,0.14086
3953.775,0.14076
3951.846,0.14065
3949.917,0.14057
3947.989,0.14047
3946.060,0.14035
3944.131,0.14023
3942.203,0.14015
3940.274,0.14007
3938.345,0.13997
3936.417,0.13987
3934.488,0.13984
3932.559,0.13986
3930.631,0.13984
3928.702,0.13975
3926.773,0.13967
3924.845,0.13963
3922.916,0.13962
3920.987,0.13957
3919.059,0.13944
3917.130,0.13931
3915.201,0.13919
3913.273,0.13908
3911.344,0.13894
3909.415,0.13882
3907.487,0.13879
3905.558,0.13881
3903.629,0.13874
3901.701,0.13859
3899.772,0.13844
3897.843,0.13832
3895.915,0.13820
3893.986,0.13810
3892.057,0.13803
3890.129,0.13798
3888.200,0.13796
3886.271,0.13791
3884.343,0.13780
3882.414,0.13773
3880.485,0.13765
3878.557,0.13750
3876.628,0.13737
3874.699,0.13734
3872.771,0.13736
3870.842,0.13734
3868.913,0.13722
3866.985,0.13709
3865.056,0.13705
3863.127,0.13700
3861.199,0.13685
3859.270,0.13669
3857.341,0.13671
3855.413,0.13686
3853.484,0.13682
3851.555,0.13655
3849.627,0.13627
3847.698,0.13613
3845.769,0.13606
3843.841,0.13598
3841.912,0.13592
3839.983,0.13593
3838.055,0.13596
3836.126,0.13590
3834.197,0.13578
3832.269,0.13569
3830.340,0.13563
3828.411,0.13553
3826.483,0.13538
3824.554,0.13531
3822.625,0.13533
3820.697,0.13530
3818.768,0.13517
3816.839,0.13505
3814.911,0.13494
3812.982,0.13484
3811.053,0.13478
3809.125,0.13473
3807.196,0.13467
3805.267,0.13465
3803.339,0.13462
3801.410,0.13451
3799.481,0.13436
3797.553,0.13428
3795.624,0.13423
3793.695,0.13411
3791.767,0.13399
3789.838,0.13391
3787.909,0.13388
3785.980,0.13381
3784.052,0.13366
3782.123,0.13355
3780.194,0.13353
3778.266,0.13347
3776.337,0.13330
3774.408,0.13316
3772.480,0.13317
3770.551,0.13321
3768.622,0.13315
3766.694,0.13305
3764.765,0.13297
3762.836,0.13296
3760.908,0.13295
3758.979,0.13286
3757.050,0.13277
3755.122,0.13281
3753.193,0.13291
3751.264,0.13291
3749.336,0.13276
3747.407,0.13270
3745.478,0.13274
3743.550,0.13265
3741.621,0.13242
3739.692,0.13233
3737.764,0.13239
3735.835,0.13239
3733.906,0.13225
3731.978,0.13206
3730.049,0.13193
3728.120,0.13188
3726.192,0.13182
3724.263,0.13171
3722.334,0.13165
3720.406,0.13164
3718.477,0.13158
3716.548,0.13151
3714.620,0.13150
3712.691,0.13157
3710.762,0.13157
3708.834,0.13145
3706.905,0.13134
3704.976,0.13135
3703.048,0.13142
3701.119,0.13139
3699.190,0.13125
3697.262,0.13116
3695.333,0.13119
3693.404,0.13126
3691.476,0.13130
3689.547,0.13133
3687.618,0.13137
3685.690,0.13140
3683.761,0.13141
3681.832,0.13142
3679.904,0.13151
3677.975,0.13168
3676.046,0.13177
3674.118,0.13172
3672.189,0.13169
3670.260,0.13173
3668.332,0.13170
3666.403,0.13159
3664.474,0.13151
3662.546,0.13154
3660.617,0.13163
3658.688,0.13171
3656.760,0.13172
3654.831,0.13173
3652.902,0.13185
3650.974,0.13201
3649.045,0.13204
3647.116,0.13196
3645.188,0.13194
3643.259,0.13201
3641.330,0.13209
3639.402,0.13216
3637.473,0.13228
3635.544,0.13243
3633.616,0.13257
3631.687,0.13275
3629.758,0.13294
3627.830,0.13308
3625.901,0.13316
3623.972,0.13326
3622.043,0.13345
3620.115,0.13371
3618.186,0.13393
3616.257,0.13406
3614.329,0.13419
3612.400,0.13438
3610.471,0.13463
3608.543,0.13483
3606.614,0.13494
3604.685,0.13509
3602.757,0.13533
3600.828,0.13559
3598.899,0.13578
3596.971,0.13597
3595.042,0.13619
3593.113,0.13642
3591.185,0.13664
3589.256,0.13685
3587.327,0.13706
3585.399,0.13724
3583.470,0.13740
3581.541,0.13755
3579.613,0.13769
3577.684,0.13786
3575.755,0.13805
3573.827,0.13821
3571.898,0.13839
3569.969,0.13864
3568.041,0.13891
3566.112,0.13908
3564.183,0.13918
3562.255,0.13930
3560.326,0.13946
3558.397,0.13962
3556.469,0.13977
3554.540,0.13993
3552.611,0.14013
3550.683,0.14036
3548.754,0.14055
3546.825,0.14070
3544.897,0.14084
3542.968,0.14102
3541.039,0.14122
3539.111,0.14139
3537.182,0.14154
3535.253,0.14170
3533.325,0.14189
3531.396,0.14203
3529.467,0.14209
3527.539,0.14217
3525.610,0.14229
3523.681,0.14240
3521.753,0.14247
3519.824,0.14258
3517.895,0.14277
3515.967,0.14295
3514.038,0.14306
3512.109,0.14316
3510.181,0.14326
3508.252,0.14339
3506.323,0.14353
3504.395,0.14366
3502.466,0.14377
3500.537,0.14389
3498.609,0.14402
3496.680,0.14412
3494.751,0.14421
3492.823,0.14432
3490.894,0.14446
3488.965,0.14459
3487.037,0.14470
3485.108,0.14481
3483.179,0.14492
3481.251,0.14501
3479.322,0.14510
3477.393,0.14523
3475.465,0.14540
3473.536,0.14558
3471.607,0.14575
3469.679,0.14591
3467.750,0.14610
3465.821,0.14629
3463.892,0.14647
3461.964,0.14659
3460.035,0.14668
3458.106,0.14674
3456.178,0.14680
3454.249,0.14684
3452.320,0.14689
3450.392,0.14698
3448.463,0.14706
3446.534,0.14707
3444.606,0.14701
3442.677,0.14697
3440.748,0.14694
3438.820,0.14692
3436.891,0.14690
3434.962,0.14687
3433.034,0.14680
3431.105,0.14671
3429.176,0.14662
3427.248,0.14654
3425.319,0.14648
3423.390,0.14643
3421.462,0.14638
3419.533,0.14630
3417.604,0.14620
3415.676,0.14611
3413.747,0.14597
3411.818,0.14576
3409.890,0.14548
3407.961,0.14520
3406.032,0.14493
3404.104,0.14466
3402.175,0.14441
3400.246,0.14416
3398.318,0.14391
3396.389,0.14365
3394.460,0.14341
3392.532,0.14316
3390.603,0.14289
3388.674,0.14263
3386.746,0.14237
3384.817,0.14211
3382.888,0.14187
3380.960,0.14162
3379.031,0.14137
3377.102,0.14108
3375.174,0.14076
3373.245,0.14043
3371.316,0.14009
3369.388,0.13976
3367.459,0.13944
3365.530,0.13913
3363.602,0.13882
3361.673,0.13849
3359.744,0.13813
3357.816,0.13779
3355.887,0.13746
3353.958,0.13716
3352.030,0.13688
3350.101,0.13659
3348.172,0.13629
3346.244,0.13599
3344.315,0.13567
3342.386,0.13534
3340.458,0.13500
3338.529,0.13469
3336.600,0.13441
3334.672,0.13417
3332.743,0.13394
3330.814,0.13371
3328.886,0.13348
3326.957,0.13327
3325.028,0.13308
3323.100,0.13290
3321.171,0.13273
3319.242,0.13258
3317.314,0.13241
3315.385,0.13220
3313.456,0.13197
3311.528,0.13176
3309.599,0.13158
3307.670,0.13138
3305.742,0.13119
3303.813,0.13103
3301.884,0.13092
3299.955,0.13081
3298.027,0.13066
3296.098,0.13049
3294.169,0.13037
3292.241,0.13028
3290.312,0.13018
3288.383,0.13006
3286.455,0.12994
3284.526,0.12982
3282.597,0.12970
3280.669,0.12957
3278.740,0.12946
3276.811,0.12939
3274.883,0.12931
3272.954,0.12917
3271.025,0.12902
3269.097,0.12893
3267.168,0.12887
3265.239,0.12879
3263.311,0.12866
3261.382,0.12849
3259.453,0.12832
3257.525,0.12818
3255.596,0.12802
3253.667,0.12787
3251.739,0.12774
3249.810,0.12760
3247.881,0.12739
3245.953,0.12718
3244.024,0.12698
3242.095,0.12680
3240.167,0.12659
3238.238,0.12634
3236.309,0.12609
3234.381,0.12589
3232.452,0.12569
3230.523,0.12546
3228.595,0.12522
3226.666,0.12502
3224.737,0.12483
3222.809,0.12458
3220.880,0.12430
3218.951,0.12406
3217.023,0.12387
3215.094,0.12365
3213.165,0.12337
3211.237,0.12309
3209.308,0.12287
3207.379,0.12266
3205.451,0.12237
3203.522,0.12205
3201.593,0.12179
3199.665,0.12160
3197.736,0.12142
3195.807,0.12126
3193.879,0.12116
3191.950,0.12111
3190.021,0.12106
3188.093,0.12099
3186.164,0.12093
3184.235,0.12095
3182.307,0.12097
3180.378,0.12092
3178.449,0.12079
3176.521,0.12068
3174.592,0.12064
3172.663,0.12060
3170.735,0.12050
3168.806,0.12041
3166.877,0.12039
3164.949,0.12037
3163.020,0.12028
3161.091,0.12016
3159.163,0.12009
3157.234,0.12004
3155.305,0.11994
3153.377,0.11978
3151.448,0.11963
3149.519,0.11954
3147.591,0.11951
3145.662,0.11949
3143.733,0.11953
3141.804,0.11968
3139.876,0.11988
3137.947,0.12002
3136.018,0.12007
3134.090,0.12009
3132.161,0.12007
3130.232,0.11997
3128.304,0.11980
3126.375,0.11965
3124.446,0.11960
3122.518,0.11960
3120.589,0.11960
3118.660,0.11963
3116.732,0.11983
3114.803,0.12017
3112.874,0.12052
3110.946,0.12085
3109.017,0.12121
3107.088,0.12157
3105.160,0.12185
3103.231,0.12204
3101.302,0.12229
3099.374,0.12273
3097.445,0.12329
3095.516,0.12393
3093.588,0.12475
3091.659,0.12596
3089.730,0.12777
3087.802,0.13050
3085.873,0.13493
3083.944,0.14265
3082.016,0.15675
3080.087,0.18192
3078.158,0.21882
3076.230,0.25158
3074.301,0.25497
3072.372,0.23199
3070.444,0.21391
3068.515,0.21862
3066.586,0.23167
3064.658,0.22513
3062.729,0.19705
3060.800,0.16809
3058.872,0.14919
3056.943,0.13851
3055.014,0.13192
3053.086,0.12717
3051.157,0.12371
3049.228,0.12142
3047.300,0.11995
3045.371,0.11886
3043.442,0.11793
3041.514,0.11715
3039.585,0.11655
3037.656,0.11606
3035.728,0.11558
3033.799,0.11517
3031.870,0.11494
3029.942,0.11488
3028.013,0.11489
3026.084,0.11498
3024.156,0.11525
3022.227,0.11572
3020.298,0.11626
3018.370,0.11688
3016.441,0.11777
3014.512,0.11914
3012.584,0.12108
3010.655,0.12372
3008.726,0.12756
3006.798,0.13320
3004.869,0.14022
3002.940,0.14620
3001.012,0.14803
2999.083,0.14513
2997.154,0.13993
2995.226,0.13499
2993.297,0.13132
2991.368,0.12891
2989.440,0.12750
2987.511,0.12674
2985.582,0.12638
2983.654,0.12635
2981.725,0.12672
2979.796,0.12746
2977.867,0.12849
2975.939,0.12972
2974.010,0.13126
2972.081,0.13317
2970.153,0.13536
2968.224,0.13763
2966.295,0.13984
2964.367,0.14190
2962.438,0.14361
2960.509,0.14477
2958.581,0.14536
2956.652,0.14557
2954.723,0.14571
2952.795,0.14601
2950.866,0.14653
2948.937,0.14691
2947.009,0.14672
2945.080,0.14602
2943.151,0.14541
2941.223,0.14543
2939.294,0.14620
2937.365,0.14745
2935.437,0.14883
2933.508,0.15000
2931.579,0.15082
2929.651,0.15117
2927.722,0.15094
2925.793,0.15008
2923.865,0.14875
2921.936,0.14714
2920.007,0.14534
2918.079,0.14333
2916.150,0.14118
2914.221,0.13909
2912.293,0.13725
2910.364,0.13566
2908.435,0.13423
2906.507,0.13297
2904.578,0.13188
2902.649,0.13088
2900.721,0.12982
2898.792,0.12876
2896.863,0.12775
2894.935,0.12679
2893.006,0.12578
2891.077,0.12476
2889.149,0.12391
2887.220,0.12333
2885.291,0.12301
2883.363,0.12290
2881.434,0.12306
2879.505,0.12345
2877.577,0.12390
2875.648,0.12417
2873.719,0.12414
2871.791,0.12394
2869.862,0.12379
2867.933,0.12391
2866.005,0.12442
2864.076,0.12527
2862.147,0.12620
2860.219,0.12679
2858.290,0.12674
2856.361,0.12602
2854.433,0.12483
2852.504,0.12330
2850.575,0.12147
2848.647,0.11941
2846.718,0.11746
2844.789,0.11601
2842.861,0.11514
2840.932,0.11468
2839.003,0.11444
2837.075,0.11422
2835.146,0.11381
2833.217,0.11309
2831.289,0.11211
2829.360,0.11102
2827.431,0.10988
2825.503,0.10870
2823.574,0.10760
2821.645,0.10677
2819.716,0.10627
2817.788,0.10602
2815.859,0.10590
2813.930,0.10590
2812.002,0.10602
2810.073,0.10620
2808.144,0.10629
2806.216,0.10624
2804.287,0.10611
2802.358,0.10580
2800.430,0.10520
2798.501,0.10434
2796.572,0.10336
2794.644,0.10240
2792.715,0.10153
2790.786,0.10077
2788.858,0.10017
2786.929,0.09974
2785.000,0.09943
2783.072,0.09913
2781.143,0.09884
2779.214,0.09865
2777.286,0.09858
2775.357,0.09857
2773.428,0.09856
2771.500,0.09855
2769.571,0.09858
2767.642,0.09862
2765.714,0.09864
2763.785,0.09868
2761.856,0.09886
2759.928,0.09918
2757.999,0.09955
2756.070,0.09993
2754.142,0.10037
2752.213,0.10089
2750.284,0.10140
2748.356,0.10171
2746.427,0.10170
2744.498,0.10137
2742.570,0.10077
2740.641,0.10002
2738.712,0.09927
2736.784,0.09865
2734.855,0.09815
2732.926,0.09770
2730.998,0.09728
2729.069,0.09693
2727.140,0.09667
2725.212,0.09641
2723.283,0.09611
2721.354,0.09584
2719.426,0.09567
2717.497,0.09555
2715.568,0.09542
2713.640,0.09529
2711.711,0.09523
2709.782,0.09525
2707.854,0.09527
2705.925,0.09527
2703.996,0.09529
2702.068,0.09531
2700.139,0.09526
2698.210,0.09515
2696.282,0.09506
2694.353,0.09507
2692.424,0.09514
2690.496,0.09519
2688.567,0.09521
2686.638,0.09527
2684.710,0.09534
2682.781,0.09533
2680.852,0.09524
2678.924,0.09518
2676.995,0.09521
2675.066,0.09526
2673.138,0.09524
2671.209,0.09516
2669.280,0.09504
2667.352,0.09487
2665.423,0.09460
2663.494,0.09429
2661.566,0.09402
2659.637,0.09380
2657.708,0.09356
2655.779,0.09331
2653.851,0.09310
2651.922,0.09296
2649.993,0.09281
2648.065,0.09265
2646.136,0.09253
2644.207,0.09250
2642.279,0.09251
2640.350,0.09247
2638.421,0.09240
2636.493,0.09238
2634.564,0.09243
2632.635,0.09248
2630.707,0.09253
2628.778,0.09262
2626.849,0.09281
2624.921,0.09303
2622.992,0.09318
2621.063,0.09328
2619.135,0.09341
2617.206,0.09350
2615.277,0.09349
2613.349,0.09342
2611.420,0.09342
2609.491,0.09349
2607.563,0.09354
2605.634,0.09354
2603.705,0.09354
2601.777,0.09356
2599.848,0.09351
2597.919,0.09335
2595.991,0.09316
2594.062,0.09309
2592.133,0.09313
2590.205,0.09317
2588.276,0.09317
2586.347,0.09320
2584.419,0.09326
2582.490,0.09326
2580.561,0.09311
2578.633,0.09287
2576.704,0.09262
2574.775,0.09233
2572.847,0.09198
2570.918,0.09161
2568.989,0.09135
2567.061,0.09116
2565.132,0.09092
2563.203,0.09060
2561.275,0.09031
2559.346,0.09010
2557.417,0.08994
2555.489,0.08978
2553.560,0.08970
2551.631,0.08978
2549.703,0.08994
2547.774,0.09009
2545.845,0.09021
2543.917,0.09031
2541.988,0.09039
2540.059,0.09033
2538.131,0.09015
2536.202,0.08995
2534.273,0.08977
2532.345,0.08957
2530.416,0.08932
2528.487,0.08906
2526.559,0.08889
2524.630,0.08881
2522.701,0.08871
2520.773,0.08858
2518.844,0.08853
2516.915,0.08860
2514.987,0.08871
2513.058,0.08878
2511.129,0.08891
2509.201,0.08915
2507.272,0.08942
2505.343,0.08961
2503.415,0.08975
2501.486,0.08989
2499.557,0.09001
2497.628,0.09003
2495.700,0.08997
2493.771,0.08994
2491.842,0.09003
2489.914,0.09017
2487.985,0.09030
2486.056,0.09045
2484.128,0.09068
2482.199,0.09089
2480.270,0.09096
2478.342,0.09089
2476.413,0.09086
2474.484,0.09091
2472.556,0.09096
2470.627,0.09093
2468.698,0.09088
2466.770,0.09084
2464.841,0.09073
2462.912,0.09050
2460.984,0.09024
2459.055,0.09008
2457.126,0.09003
2455.198,0.08998
2453.269,0.08987
2451.340,0.08972
2449.412,0.08957
2447.483,0.08939
2445.554,0.08912
2443.626,0.08883
2441.697,0.08860
2439.768,0.08841
2437.840,0.08825
2435.911,0.08815
2433.982,0.08818
2432.054,0.08833
2430.125,0.08847
2428.196,0.08858
2426.268,0.08872
2424.339,0.08891
2422.410,0.08903
2420.482,0.08895
2418.553,0.08870
2416.624,0.08844
2414.696,0.08824
2412.767,0.08807
2410.838,0.08792
2408.910,0.08786
2406.981,0.08785
2405.052,0.08781
2403.124,0.08769
2401.195,0.08756
2399.266,0.08750
2397.338,0.08749
2395.409,0.08748
2393.480,0.08751
2391.552,0.08765
2389.623,0.08792
2387.694,0.08825
2385.766,0.08859
2383.837,0.08895
2381.908,0.08931
2379.980,0.08959
2378.051,0.08970
2376.122,0.08962
2374.194,0.08941
2372.265,0.08915
2370.336,0.08886
2368.408,0.08859
2366.479,0.08840
2364.550,0.08833
2362.622,0.08833
2360.693,0.08832
2358.764,0.08832
2356.836,0.08835
2354.907,0.08842
2352.978,0.08847
2351.050,0.08845
2349.121,0.08842
2347.192,0.08834
2345.264,0.08817
2343.335,0.08785
2341.406,0.08740
2339.478,0.08688
2337.549,0.08634
2335.620,0.08583
2333.691,0.08538
2331.763,0.08506
2329.834,0.08486
2327.905,0.08471
2325.977,0.08457
2324.048,0.08448
2322.119,0.08447
2320.191,0.08452
2318.262,0.08458
2316.333,0.08468
2314.405,0.08483
2312.476,0.08505
2310.547,0.08531
2308.619,0.08558
2306.690,0.08589
2304.761,0.08623
2302.833,0.08653
2300.904,0.08676
2298.975,0.08684
2297.047,0.08680
2295.118,0.08663
2293.189,0.08633
2291.261,0.08596
2289.332,0.08560
2287.403,0.08533
2285.475,0.08513
2283.546,0.08500
2281.617,0.08490
2279.689,0.08481
2277.760,0.08474
2275.831,0.08466
2273.903,0.08457
2271.974,0.08450
2270.045,0.08447
2268.117,0.08447
2266.188,0.08443
2264.259,0.08433
2262.331,0.08420
2260.402,0.08408
2258.473,0.08395
2256.545,0.08378
2254.616,0.08362
2252.687,0.08353
2250.759,0.08346
2248.830,0.08334
2246.901,0.08315
2244.973,0.08297
2243.044,0.08283
2241.115,0.08268
2239.187,0.08250
2237.258,0.08233
2235.329,0.08224
2233.401,0.08218
2231.472,0.08205
2229.543,0.08189
2227.615,0.08178
2225.686,0.08172
2223.757,0.08164
2221.829,0.08151
2219.900,0.08140
2217.971,0.08140
2216.043,0.08143
2214.114,0.08138
2212.185,0.08130
2210.257,0.08130
2208.328,0.08139
2206.399,0.08145
2204.471,0.08149
2202.542,0.08166
2200.613,0.08196
2198.685,0.08224
2196.756,0.08239
2194.827,0.08247
2192.899,0.08256
2190.970,0.08259
2189.041,0.08246
2187.113,0.08224
2185.184,0.08212
2183.255,0.08211
2181.327,0.08209
2179.398,0.08197
2177.469,0.08187
2175.540,0.08189
2173.612,0.08193
2171.683,0.08191
2169.754,0.08187
2167.826,0.08198
2165.897,0.08216
2163.968,0.08224
2162.040,0.08216
2160.111,0.08207
2158.182,0.08202
2156.254,0.08190
2154.325,0.08164
2152.396,0.08143
2150.468,0.08137
2148.539,0.08138
2146.610,0.08127
2144.682,0.08108
2142.753,0.08101
2140.824,0.08106
2138.896,0.08105
2136.967,0.08094
2135.038,0.08090
2133.110,0.08103
2131.181,0.08119
2129.252,0.08119
2127.324,0.08109
2125.395,0.08103
2123.466,0.08100
2121.538,0.08084
2119.609,0.08062
2117.680,0.08053
2115.752,0.08062
2113.823,0.08069
2111.894,0.08060
2109.966,0.08048
2108.037,0.08048
2106.108,0.08054
2104.180,0.08050
2102.251,0.08040
2100.322,0.08039
2098.394,0.08046
2096.465,0.08042
2094.536,0.08020
2092.608,0.07996
2090.679,0.07983
2088.750,0.07967
2086.822,0.07939
2084.893,0.07913
2082.964,0.07907
2081.036,0.07918
2079.107,0.07925
2077.178,0.07931
2075.250,0.07954
2073.321,0.07998
2071.392,0.08040
2069.464,0.08065
2067.535,0.08081
2065.606,0.08100
2063.678,0.08111
2061.749,0.08099
2059.820,0.08073
2057.892,0.08055
2055.963,0.08048
2054.034,0.08035
2052.106,0.08009
2050.177,0.07987
2048.248,0.07981
2046.320,0.07976
2044.391,0.07960
2042.462,0.07946
2040.534,0.07953
2038.605,0.07972
2036.676,0.07983
2034.748,0.07986
2032.819,0.08003
2030.890,0.08037
2028.962,0.08064
2027.033,0.08068
2025.104,0.08063
2023.176,0.08067
2021.247,0.08069
2019.318,0.08054
2017.390,0.08033
2015.461,0.08030
2013.532,0.08044
2011.603,0.08054
2009.675,0.08054
2007.746,0.08060
2005.817,0.08079
2003.889,0.08090
2001.960,0.08080
2000.031,0.08065
1998.103,0.08063
1996.174,0.08072
1994.245,0.08072
1992.317,0.08065
1990.388,0.08072
1988.459,0.08096
1986.531,0.08118
1984.602,0.08127
1982.673,0.08137
1980.745,0.08162
1978.816,0.08188
1976.887,0.08194
1974.959,0.08187
1973.030,0.08192
1971.101,0.08208
1969.173,0.08215
1967.244,0.08209
1965.315,0.08210
1963.387,0.08229
1961.458,0.08248
1959.529,0.08248
1957.601,0.08237
1955.672,0.08238
1953.743,0.08247
1951.815,0.08246
1949.886,0.08238
1947.957,0.08244
1946.029,0.08266
1944.100,0.08279
1942.171,0.08272
1940.243,0.08261
1938.314,0.08265
1936.385,0.08270
1934.457,0.08257
1932.528,0.08240
1930.599,0.08242
1928.671,0.08260
1926.742,0.08270
1924.813,0.08269
1922.885,0.08276
1920.956,0.08298
1919.027,0.08320
1917.099,0.08321
1915.170,0.08313
1913.241,0.08318
1911.313,0.08327
1909.384,0.08320
1907.455,0.08300
1905.527,0.08290
1903.598,0.08296
1901.669,0.08296
1899.741,0.08281
1897.812,0.08271
1895.883,0.08283
1893.955,0.08303
1892.026,0.08311
1890.097,0.08318
1888.169,0.08339
1886.240,0.08373
1884.311,0.08399
1882.383,0.08411
1880.454,0.08430
1878.525,0.08464
1876.597,0.08490
1874.668,0.08493
1872.739,0.08489
1870.811,0.08503
1868.882,0.08522
1866.953,0.08523
1865.025,0.08514
1863.096,0.08518
1861.167,0.08535
1859.239,0.08538
1857.310,0.08521
1855.381,0.08507
1853.452,0.08513
1851.524,0.08527
1849.595,0.08533
1847.666,0.08542
1845.738,0.08575
1843.809,0.08617
1841.880,0.08642
1839.952,0.08652
1838.023,0.08671
1836.094,0.08705
1834.166,0.08733
1832.237,0.08748
1830.308,0.08766
1828.380,0.08802
1826.451,0.08842
1824.522,0.08866
1822.594,0.08884
1820.665,0.08919
1818.736,0.08970
1816.808,0.09014
1814.879,0.09048
1812.950,0.09093
1811.022,0.09156
1809.093,0.09210
1807.164,0.09241
1805.236,0.09265
1803.307,0.09299
1801.378,0.09335
1799.450,0.09354
1797.521,0.09365
1795.592,0.09393
1793.664,0.09440
1791.735,0.09479
1789.806,0.09503
1787.878,0.09540
1785.949,0.09604
1784.020,0.09674
1782.092,0.09736
1780.163,0.09804
1778.234,0.09893
1776.306,0.09991
1774.377,0.10074
1772.448,0.10133
1770.520,0.10184
1768.591,0.10229
1766.662,0.10257
1764.734,0.10276
1762.805,0.10318
1760.876,0.10395
1758.948,0.10493
1757.019,0.10604
1755.090,0.10747
1753.162,0.10963
1751.233,0.11268
1749.304,0.11663
1747.376,0.12165
1745.447,0.12778
1743.518,0.13420
1741.590,0.13938
1739.661,0.14206
1737.732,0.14199
1735.804,0.13975
1733.875,0.13613
1731.946,0.13200
1730.018,0.12833
1728.089,0.12568
1726.160,0.12401
1724.232,0.12297
1722.303,0.12240
1720.374,0.12238
1718.446,0.12285
1716.517,0.12341
1714.588,0.12388
1712.660,0.12442
1710.731,0.12518
1708.802,0.12596
1706.874,0.12655
1704.945,0.12704
1703.016,0.12769
1701.088,0.12845
1699.159,0.12900
1697.230,0.12940
1695.302,0.12997
1693.373,0.13079
1691.444,0.13167
1689.515,0.13245
1687.587,0.13328
1685.658,0.13432
1683.729,0.13541
1681.801,0.13635
1679.872,0.13734
1677.943,0.13864
1676.015,0.14016
1674.086,0.14160
1672.157,0.14296
1670.229,0.14450
1668.300,0.14625
1666.371,0.14807
1664.443,0.14996
1662.514,0.15203
1660.585,0.15437
1658.657,0.15684
1656.728,0.15936
1654.799,0.16207
1652.871,0.16507
1650.942,0.16820
1649.013,0.17127
1647.085,0.17419
1645.156,0.17703
1643.227,0.17986
1641.299,0.18261
1639.370,0.18533
1637.441,0.18835
1635.513,0.19189
1633.584,0.19580
1631.655,0.20001
1629.727,0.20466
1627.798,0.20989
1625.869,0.21559
1623.941,0.22162
1622.012,0.22807
1620.083,0.23530
1618.155,0.24351
1616.226,0.25257
1614.297,0.26259
1612.369,0.27422
1610.440,0.28850
1608.511,0.30665
1606.583,0.33022
1604.654,0.36060
1602.725,0.39700
1600.797,0.43399
1598.868,0.46306
1596.939,0.48019
1595.011,0.48953
1593.082,0.49265
1591.153,0.48017
1589.225,0.44643
1587.296,0.40386
1585.367,0.37037
1583.439,0.35493
1581.510,0.35828
1579.581,0.37657
1577.653,0.40177
1575.724,0.42273
1573.795,0.42960
1571.867,0.41828
1569.938,0.39049
1568.009,0.35224
1566.081,0.31114
1564.152,0.27276
1562.223,0.23952
1560.295,0.21192
1558.366,0.18995
1556.437,0.17383
1554.509,0.16384
1552.580,0.16007
1550.651,0.16250
1548.723,0.17159
1546.794,0.18876
1544.865,0.21565
1542.937,0.25068
1541.008,0.28526
1539.079,0.30949
1537.151,0.32467
1535.222,0.33844
1533.293,0.34794
1531.364,0.34176
1529.436,0.31759
1527.507,0.28520
1525.578,0.25451
1523.650,0.22945
1521.721,0.20983
1519.792,0.19438
1517.864,0.18208
1515.935,0.17217
1514.006,0.16398
1512.078,0.15713
1510.149,0.15144
1508.220,0.14667
1506.292,0.14230
1504.363,0.13790
1502.434,0.13366
1500.506,0.13016
1498.577,0.12771
1496.648,0.12597
1494.720,0.12449
1492.791,0.12317
1490.862,0.12210
1488.934,0.12119
1487.005,0.12040
1485.076,0.12019
1483.148,0.12118
1481.219,0.12348
1479.290,0.12668
1477.362,0.13056
1475.433,0.13549
1473.504,0.14194
1471.576,0.15039
1469.647,0.16170
1467.718,0.17786
1465.790,0.20205
1463.861,0.23656
1461.932,0.27539
1460.004,0.29906
1458.075,0.28928
1456.146,0.25198
1454.218,0.20921
1452.289,0.17609
1450.360,0.15619
1448.432,0.14759
1446.503,0.14759
1444.574,0.15442
1442.646,0.16775
1440.717,0.18797
1438.788,0.21388
1436.860,0.23963
1434.931,0.25530
1433.002,0.25558
1431.074,0.24647
1429.145,0.23906
1427.216,0.24040
1425.288,0.24872
1423.359,0.25168
1421.430,0.23642
1419.502,0.20669
1417.573,0.17797
1415.644,0.15964
1413.716,0.15171
1411.787,0.15076
1409.858,0.15400
1407.930,0.16030
1406.001,0.16950
1404.072,0.18172
1402.144,0.19765
1400.215,0.21888
1398.286,0.24661
1396.358,0.27904
1394.429,0.31081
1392.500,0.33604
1390.572,0.35024
1388.643,0.34853
1386.714,0.32866
1384.786,0.29580
1382.857,0.25980
1380.928,0.22943
1379.000,0.20911
1377.071,0.19567
1375.142,0.18038
1373.214,0.16062
1371.285,0.14337
1369.356,0.13415
1367.427,0.13201
1365.499,0.13447
1363.570,0.14089
1361.641,0.15180
1359.713,0.16786
1357.784,0.18963
1355.855,0.21601
1353.927,0.24106
1351.998,0.25448
1350.069,0.24987
1348.141,0.23219
1346.212,0.21221
1344.283,0.19671
1342.355,0.18687
1340.426,0.18246
1338.497,0.18309
1336.569,0.18662
1334.640,0.19047
1332.711,0.19485
1330.783,0.20242
1328.854,0.21487
1326.925,0.23141
1324.997,0.24939
1323.068,0.26530
1321.139,0.27635
1319.211,0.28257
1317.282,0.28722
1315.353,0.29361
1313.425,0.30083
1311.496,0.30270
1309.567,0.29306
1307.639,0.27256
1305.710,0.24819
1303.781,0.22674
1301.853,0.21102
1299.924,0.20086
1297.995,0.19558
1296.067,0.19467
1294.138,0.19738
1292.209,0.20293
1290.281,0.21146
1288.352,0.22405
1286.423,0.24204
1284.495,0.26728
1282.566,0.30278
1280.637,0.35144
1278.709,0.41100
1276.780,0.46945
1274.851,0.51238
1272.923,0.54030
1270.994,0.56411
1269.065,0.58060
1267.137,0.57121
1265.208,0.52884
1263.279,0.46947
1261.351,0.41246
1259.422,0.36570
1257.493,0.32854
1255.565,0.29899
1253.636,0.27671
1251.707,0.26211
1249.779,0.25378
1247.850,0.24800
1245.921,0.24260
1243.993,0.24004
1242.064,0.24442
1240.135,0.25752
1238.207,0.27738
1236.278,0.29777
1234.349,0.31061
1232.421,0.31163
1230.492,0.30322
1228.563,0.29128
1226.635,0.28113
1224.706,0.27653
1222.777,0.27960
1220.849,0.28911
1218.920,0.29851
1216.991,0.29929
1215.063,0.28867
1213.134,0.27127
1211.205,0.25309
1209.277,0.23685
1207.348,0.22257
1205.419,0.20991
1203.490,0.19925
1201.562,0.19071
1199.633,0.18342
1197.704,0.17657
1195.776,0.17049
1193.847,0.16578
1191.918,0.16195
1189.990,0.15799
1188.061,0.15403
1186.132,0.15097
1184.204,0.14885
1182.275,0.14653
1180.346,0.14351
1178.418,0.14070
1176.489,0.13873
1174.560,0.13679
1172.632,0.13397
1170.703,0.13083
1168.774,0.12836
1166.846,0.12627
1164.917,0.12354
1162.988,0.12030
1161.060,0.11771
1159.131,0.11603
1157.202,0.11413
1155.274,0.11142
1153.345,0.10882
1151.416,0.10710
1149.488,0.10545
1147.559,0.10289
1145.630,0.10012
1143.702,0.09834
1141.773,0.09728
1139.844,0.09575
1137.916,0.09384
1135.987,0.09287
1134.058,0.09312
1132.130,0.09325
1130.201,0.09228
1128.272,0.09077
1126.344,0.08952
1124.415,0.08801
1122.486,0.08555
1120.558,0.08291
1118.629,0.08133
1116.700,0.08053
1114.772,0.07917
1112.843,0.07723
1110.914,0.07604
1108.986,0.07595
1107.057,0.07571
1105.128,0.07461
1103.200,0.07364
1101.271,0.07372
1099.342,0.07400
1097.414,0.07341
1095.485,0.07257
1093.556,0.07279
1091.628,0.07382
1089.699,0.07431
1087.770,0.07408
1085.842,0.07430
1083.913,0.07520
1081.984,0.07548
1080.056,0.07455
1078.127,0.07370
1076.198,0.07407
1074.270,0.07494
1072.341,0.07527
1070.412,0.07571
1068.484,0.07757
1066.555,0.08066
1064.626,0.08368
1062.698,0.08662
1060.769,0.09076
1058.840,0.09652
1056.912,0.10299
1054.983,0.11016
1053.054,0.11984
1051.126,0.13386
1049.197,0.15290
1047.268,0.17828
1045.339,0.21348
1043.411,0.25968
1041.482,0.30513
1039.553,0.32441
1037.625,0.30600
1035.696,0.26798
1033.767,0.23078
1031.839,0.20115
1029.910,0.17995
1027.981,0.16773
1026.053,0.16404
1024.124,0.16638
1022.195,0.17104
1020.267,0.17483
1018.338,0.17561
1016.409,0.17191
1014.481,0.16323
1012.552,0.15110
1010.623,0.13840
1008.695,0.12703
1006.766,0.11672
1004.837,0.10672
1002.909,0.09786
1000.980,0.09138
999.051,0.08687
997.123,0.08285
995.194,0.07915
993.265,0.07694
991.337,0.07632
989.408,0.07590
987.479,0.07511
985.551,0.07506
983.622,0.07653
981.693,0.07855
979.765,0.08018
977.836,0.08223
975.907,0.08592
973.979,0.09079
972.050,0.09562
970.121,0.10059
968.193,0.10704
966.264,0.11521
964.335,0.12391
962.407,0.13280
960.478,0.14319
958.549,0.15606
956.621,0.17079
954.692,0.18656
952.763,0.20404
950.835,0.22348
948.906,0.24125
946.977,0.25100
945.049,0.25054
943.120,0.24458
941.191,0.23947
939.263,0.23899
937.334,0.24543
935.405,0.26142
933.477,0.28906
931.548,0.32803
929.619,0.37429
927.691,0.41845
925.762,0.44697
923.833,0.45190
921.905,0.44016
919.976,0.42616
918.047,0.41840
916.119,0.41602
914.190,0.41318
912.261,0.40445
910.333,0.38817
908.404,0.36633
906.475,0.34184
904.547,0.31679
902.618,0.29283
900.689,0.27153
898.761,0.25323
896.832,0.23685
894.903,0.22178
892.975,0.20905
891.046,0.20064
889.117,0.19902
887.189,0.20802
885.260,0.22874
883.331,0.25139
881.402,0.25958
879.474,0.24881
877.545,0.22930
875.616,0.21084
873.688,0.19611
871.759,0.18379
869.830,0.17257
867.902,0.16282
865.973,0.15510
864.044,0.14852
862.116,0.14205
860.187,0.13666
858.258,0.13532
856.330,0.14133
854.401,0.15315
852.472,0.16187
850.544,0.16370
848.615,0.16756
846.686,0.17978
844.758,0.19317
842.829,0.19558
840.900,0.18430
838.972,0.16700
837.043,0.15080
835.114,0.13829
833.186,0.12991
831.257,0.12438
829.328,0.11958
827.400,0.11497
825.471,0.11160
823.542,0.10964
821.614,0.10772
819.685,0.10512
817.756,0.10282
815.828,0.10161
813.899,0.10051
811.970,0.09844
810.042,0.09611
808.113,0.09488
806.184,0.09464
804.256,0.09450
802.327,0.09516
800.398,0.09873
798.470,0.10647
796.541,0.11892
794.612,0.13822
792.684,0.16839
790.755,0.21107
788.826,0.26039
786.898,0.30388
784.969,0.33236
783.040,0.34392
781.112,0.33616
779.183,0.30822
777.254,0.26937
775.326,0.23247
773.397,0.20340
771.468,0.18110
769.540,0.16318
767.611,0.14895
765.682,0.13823
763.754,0.13024
761.825,0.12590
759.896,0.13101
757.968,0.15383
756.039,0.19197
754.110,0.22138
752.182,0.21871
750.253,0.19380
748.324,0.16907
746.396,0.15268
744.467,0.14390
742.538,0.14238
740.610,0.14707
738.681,0.15234
736.752,0.15171
734.824,0.14526
732.895,0.13774
730.966,0.13164
729.038,0.12638
727.109,0.12161
725.180,0.11795
723.251,0.11531
721.323,0.11261
719.394,0.10952
717.465,0.10698
715.537,0.10548
713.608,0.10410
711.679,0.10209
709.751,0.10008
707.822,0.09888
705.893,0.09801
703.965,0.09650
702.036,0.09460
700.107,0.09337
698.179,0.09279
696.250,0.09184
694.321,0.09032
692.393,0.08919
690.464,0.08879
688.535,0.08828
686.607,0.08718
684.678,0.08630
682.749,0.08638
680.821,0.08707
678.892,0.08804
676.963,0.09002
675.035,0.09375
673.106,0.09798
671.177,0.09996
669.249,0.09854
667.320,0.09523
665.391,0.09179
663.463,0.08857
661.534,0.08542
659.605,0.08292
657.677,0.08140
655.748,0.08020
653.819,0.07869
651.891,0.07733
649.962,0.07676
648.033,0.07661
646.105,0.07609
644.176,0.07530
642.247,0.07494
640.319,0.07497
638.390,0.07464
636.461,0.07390
634.533,0.07352
632.604,0.07390
630.675,0.07460
628.747,0.07545
626.818,0.07704
624.889,0.07982
622.961,0.08355
621.032,0.08809
619.103,0.09402
617.175,0.10234
615.246,0.11364
613.317,0.12827
611.389,0.14654
609.460,0.16724
607.531,0.18624
605.603,0.19838
603.674,0.20129
601.745,0.19664
599.817,0.18836
597.888,0.18155
595.959,0.18184
594.031,0.19085
592.102,0.20191
590.173,0.20722
588.245,0.20624
586.316,0.20040
584.387,0.18917
582.459,0.17423
580.530,0.15911
578.601,0.14611
576.673,0.13591
574.744,0.12808
572.815,0.12176
570.887,0.11648
568.958,0.11222
567.029,0.10884
565.101,0.10582
563.172,0.10287
561.243,0.10029
559.314,0.09833
557.386,0.09661
555.457,0.09479
553.528,0.09314
551.600,0.09198
549.671,0.09100
547.742,0.08975
545.814,0.08843
543.885,0.08748
541.956,0.08678
540.028,0.08581
538.099,0.08469
536.170,0.08394
534.242,0.08345
532.313,0.08267
530.384,0.08166
528.456,0.08103
526.527,0.08091
524.598,0.08066
522.670,0.07989
520.741,0.07926
518.812,0.07931
516.884,0.07946
514.955,0.07928
513.026,0.07933
511.098,0.08019
509.169,0.08145
507.240,0.08246
505.312,0.08360
503.383,0.08586
501.454,0.08927
499.526,0.09298
497.597,0.09704
495.668,0.10215
493.740,0.10789
491.811,0.11272
489.882,0.11618
487.954,0.11892
486.025,0.12106
484.096,0.12171
482.168,0.12039
480.239,0.11815
478.310,0.11614
476.382,0.11413
474.453,0.11218
472.524,0.11197
470.596,0.11493
468.667,0.12096
466.738,0.12943
464.810,0.13953
462.881,0.14878
460.952,0.15330
459.024,0.15133
457.095,0.14515
455.166,0.13842
453.238,0.13250
451.309,0.12677
449.380,0.12128
447.452,0.11716
445.523,0.11446
443.594,0.11143
441.666,0.10741
439.737,0.10412
437.808,0.10270
435.880,0.10168
433.951,0.09970
432.022,0.09772
430.094,0.09686
428.165,0.09624
426.236,0.09466
424.308,0.09338
422.379,0.09521
420.450,0.09996
418.522,0.10503
416.593,0.11214
414.664,0.12491
412.736,0.14062
410.807,0.15254
408.878,0.15746
406.950,0.15824
405.021,0.16010
403.092,0.16559
401.163,0.17531
399.235,0.18639
