6999.146,0.25317
6997.217,0.25311
6995.288,0.25315
6993.360,0.25322
6991.431,0.25322
6989.502,0.25299
6987.574,0.25260
6985.645,0.25233
6983.716,0.25232
6981.788,0.25239
6979.859,0.25238
6977.930,0.25225
6976.002,0.25206
6974.073,0.25200
6972.144,0.25215
6970.216,0.25234
6968.287,0.25229
6966.358,0.25213
6964.430,0.25199
6962.501,0.25174
6960.572,0.25138
6958.644,0.25123
6956.715,0.25132
6954.786,0.25131
6952.858,0.25114
6950.929,0.25101
6949.000,0.25103
6947.072,0.25114
6945.143,0.25116
6943.214,0.25098
6941.286,0.25075
6939.357,0.25068
6937.428,0.25083
6935.500,0.25095
6933.571,0.25080
6931.642,0.25050
6929.714,0.25034
6927.785,0.25037
6925.856,0.25042
6923.928,0.25042
6921.999,0.25042
6920.070,0.25045
6918.142,0.25034
6916.213,0.25011
6914.284,0.24993
6912.356,0.24983
6910.427,0.24964
6908.498,0.24941
6906.570,0.24931
6904.641,0.24932
6902.712,0.24927
6900.784,0.24920
6898.855,0.24923
6896.926,0.24928
6894.998,0.24919
6893.069,0.24907
6891.140,0.24899
6889.212,0.24895
6887.283,0.24882
6885.354,0.24853
6883.426,0.24824
6881.497,0.24817
6879.568,0.24822
6877.640,0.24823
6875.711,0.24817
6873.782,0.24808
6871.854,0.24791
6869.925,0.24776
6867.996,0.24781
6866.068,0.24787
6864.139,0.24774
6862.210,0.24759
6860.282,0.24760
6858.353,0.24768
6856.424,0.24762
6854.496,0.24744
6852.567,0.24725
6850.638,0.24706
6848.709,0.24688
6846.781,0.24679
6844.852,0.24676
6842.923,0.24676
6840.995,0.24675
6839.066,0.24672
6837.137,0.24666
6835.209,0.24651
6833.280,0.24633
6831.351,0.24626
6829.423,0.24620
6827.494,0.24605
6825.565,0.24587
6823.637,0.24569
6821.708,0.24562
6819.779,0.24566
6817.851,0.24566
6815.922,0.24557
6813.993,0.24550
6812.065,0.24548
6810.136,0.24542
6808.207,0.24516
6806.279,0.24488
6804.350,0.24490
6802.421,0.24500
6800.493,0.24484
6798.564,0.24458
6796.635,0.24455
6794.707,0.24464
6792.778,0.24459
6790.849,0.24438
6788.921,0.24417
6786.992,0.24405
6785.063,0.24397
6783.135,0.24389
6781.206,0.24377
6779.277,0.24367
6777.349,0.24364
6775.420,0.24356
6773.491,0.24338
6771.563,0.24320
6769.634,0.24306
6767.705,0.24295
6765.777,0.24284
6763.848,0.24278
6761.919,0.24279
6759.991,0.24279
6758.062,0.24278
6756.133,0.24276
6754.205,0.24268
6752.276,0.24247
6750.347,0.24230
6748.419,0.24231
6746.490,0.24232
6744.561,0.24223
6742.633,0.24213
6740.704,0.24209
6738.775,0.24209
6736.847,0.24202
6734.918,0.24185
6732.989,0.24166
6731.061,0.24151
6729.132,0.24147
6727.203,0.24145
6725.275,0.24137
6723.346,0.24135
6721.417,0.24138
6719.489,0.24135
6717.560,0.24124
6715.631,0.24111
6713.703,0.24101
6711.774,0.24091
6709.845,0.24079
6707.917,0.24065
6705.988,0.24050
6704.059,0.24034
6702.131,0.24026
6700.202,0.24029
6698.273,0.24025
6696.345,0.24009
6694.416,0.23991
6692.487,0.23977
6690.558,0.23969
6688.630,0.23965
6686.701,0.23968
6684.772,0.23970
6682.844,0.23955
6680.915,0.23927
6678.986,0.23905
6677.058,0.23896
6675.129,0.23895
6673.200,0.23900
6671.272,0.23901
6669.343,0.23892
6667.414,0.23878
6665.486,0.23862
6663.557,0.23841
6661.628,0.23827
6659.700,0.23826
6657.771,0.23824
6655.842,0.23806
6653.914,0.23785
6651.985,0.23788
6650.056,0.23805
6648.128,0.23800
6646.199,0.23788
6644.270,0.23782
6642.342,0.23764
6640.413,0.23738
6638.484,0.23729
6636.556,0.23726
6634.627,0.23721
6632.698,0.23715
6630.770,0.23705
6628.841,0.23692
6626.912,0.23686
6624.984,0.23677
6623.055,0.23660
6621.126,0.23648
6619.198,0.23648
6617.269,0.23646
6615.340,0.23641
6613.412,0.23633
6611.483,0.23614
6609.554,0.23594
6607.626,0.23590
6605.697,0.23590
6603.768,0.23578
6601.840,0.23567
6599.911,0.23566
6597.982,0.23562
6596.054,0.23547
6594.125,0.23526
6592.196,0.23511
6590.268,0.23505
6588.339,0.23510
6586.410,0.23516
6584.482,0.23514
6582.553,0.23503
6580.624,0.23491
6578.696,0.23485
6576.767,0.23480
6574.838,0.23471
6572.910,0.23461
6570.981,0.23460
6569.052,0.23465
6567.124,0.23452
6565.195,0.23428
6563.266,0.23417
6561.338,0.23415
6559.409,0.23414
6557.480,0.23410
6555.552,0.23397
6553.623,0.23379
6551.694,0.23367
6549.766,0.23359
6547.837,0.23351
6545.908,0.23343
6543.980,0.23336
6542.051,0.23327
6540.122,0.23317
6538.194,0.23308
6536.265,0.23304
6534.336,0.23304
6532.408,0.23299
6530.479,0.23277
6528.550,0.23250
6526.621,0.23245
6524.693,0.23256
6522.764,0.23255
6520.835,0.23237
6518.907,0.23218
6516.978,0.23209
6515.049,0.23202
6513.121,0.23189
6511.192,0.23172
6509.263,0.23159
6507.335,0.23156
6505.406,0.23163
6503.477,0.23169
6501.549,0.23165
6499.620,0.23158
6497.691,0.23152
6495.763,0.23145
6493.834,0.23142
6491.905,0.23141
6489.977,0.23135
6488.048,0.23122
6486.119,0.23095
6484.191,0.23060
6482.262,0.23043
6480.333,0.23047
6478.405,0.23053
6476.476,0.23045
6474.547,0.23027
6472.619,0.23023
6470.690,0.23029
6468.761,0.23018
6466.833,0.22996
6464.904,0.22982
6462.975,0.22975
6461.047,0.22966
6459.118,0.22953
6457.189,0.22944
6455.261,0.22936
6453.332,0.22925
6451.403,0.22914
6449.475,0.22909
6447.546,0.22901
6445.617,0.22895
6443.689,0.22890
6441.760,0.22875
6439.831,0.22857
6437.903,0.22851
6435.974,0.22852
6434.045,0.22845
6432.117,0.22830
6430.188,0.22818
6428.259,0.22811
6426.331,0.22801
6424.402,0.22790
6422.473,0.22780
6420.545,0.22769
6418.616,0.22761
6416.687,0.22754
6414.759,0.22743
6412.830,0.22722
6410.901,0.22705
6408.973,0.22701
6407.044,0.22698
6405.115,0.22689
6403.187,0.22678
6401.258,0.22664
6399.329,0.22648
6397.401,0.22636
6395.472,0.22629
6393.543,0.22628
6391.615,0.22628
6389.686,0.22627
6387.757,0.22628
6385.829,0.22622
6383.900,0.22601
6381.971,0.22579
6380.043,0.22572
6378.114,0.22571
6376.185,0.22568
6374.257,0.22568
6372.328,0.22571
6370.399,0.22562
6368.471,0.22540
6366.542,0.22522
6364.613,0.22517
6362.684,0.22513
6360.756,0.22499
6358.827,0.22486
6356.898,0.22482
6354.970,0.22479
6353.041,0.22466
6351.112,0.22448
6349.184,0.22435
6347.255,0.22429
6345.326,0.22433
6343.398,0.22436
6341.469,0.22426
6339.540,0.22412
6337.612,0.22405
6335.683,0.22396
6333.754,0.22384
6331.826,0.22374
6329.897,0.22364
6327.968,0.22348
6326.040,0.22338
6324.111,0.22338
6322.182,0.22336
6320.254,0.22324
6318.325,0.22314
6316.396,0.22310
6314.468,0.22302
6312.539,0.22286
6310.610,0.22269
6308.682,0.22264
6306.753,0.22270
6304.824,0.22277
6302.896,0.22279
6300.967,0.22276
6299.038,0.22270
6297.110,0.22264
6295.181,0.22255
6293.252,0.22237
6291.324,0.22215
6289.395,0.22204
6287.466,0.22204
6285.538,0.22200
6283.609,0.22190
6281.680,0.22179
6279.752,0.22167
6277.823,0.22158
6275.894,0.22162
6273.966,0.22166
6272.037,0.22154
6270.108,0.22135
6268.180,0.22125
6266.251,0.22120
6264.322,0.22112
6262.394,0.22100
6260.465,0.22092
6258.536,0.22087
6256.608,0.22076
6254.679,0.22059
6252.750,0.22046
6250.822,0.22041
6248.893,0.22040
6246.964,0.22040
6245.036,0.22036
6243.107,0.22025
6241.178,0.22015
6239.250,0.22008
6237.321,0.21999
6235.392,0.21986
6233.464,0.21975
6231.535,0.21975
6229.606,0.21979
6227.678,0.21977
6225.749,0.21964
6223.820,0.21946
6221.892,0.21934
6219.963,0.21927
6218.034,0.21916
6216.106,0.21900
6214.177,0.21886
6212.248,0.21882
6210.320,0.21881
6208.391,0.21881
6206.462,0.21884
6204.533,0.21882
6202.605,0.21869
6200.676,0.21854
6198.747,0.21841
6196.819,0.21829
6194.890,0.21820
6192.961,0.21814
6191.033,0.21807
6189.104,0.21812
6187.175,0.21824
6185.247,0.21824
6183.318,0.21818
6181.389,0.21815
6179.461,0.21807
6177.532,0.21803
6175.603,0.21809
6173.675,0.21813
6171.746,0.21814
6169.817,0.21818
6167.889,0.21826
6165.960,0.21834
6164.031,0.21845
6162.103,0.21875
6160.174,0.21925
6158.245,0.21987
6156.317,0.22057
6154.388,0.22135
6152.459,0.22202
6150.531,0.22230
6148.602,0.22196
6146.673,0.22117
6144.745,0.22035
6142.816,0.21975
6140.887,0.21940
6138.959,0.21930
6137.030,0.21952
6135.101,0.22003
6133.173,0.22051
6131.244,0.22057
6129.315,0.22010
6127.387,0.21934
6125.458,0.21850
6123.529,0.21778
6121.601,0.21726
6119.672,0.21687
6117.743,0.21655
6115.815,0.21626
6113.886,0.21600
6111.957,0.21575
6110.029,0.21551
6108.100,0.21528
6106.171,0.21503
6104.243,0.21485
6102.314,0.21481
6100.385,0.21479
6098.457,0.21469
6096.528,0.21460
6094.599,0.21458
6092.671,0.21454
6090.742,0.21445
6088.813,0.21436
6086.885,0.21426
6084.956,0.21417
6083.027,0.21407
6081.099,0.21396
6079.170,0.21385
6077.241,0.21372
6075.313,0.21354
6073.384,0.21343
6071.455,0.21344
6069.527,0.21349
6067.598,0.21342
6065.669,0.21333
6063.741,0.21335
6061.812,0.21340
6059.883,0.21338
6057.955,0.21324
6056.026,0.21306
6054.097,0.21295
6052.169,0.21293
6050.240,0.21295
6048.311,0.21292
6046.383,0.21285
6044.454,0.21271
6042.525,0.21253
6040.596,0.21243
6038.668,0.21243
6036.739,0.21240
6034.810,0.21231
6032.882,0.21225
6030.953,0.21223
6029.024,0.21218
6027.096,0.21209
6025.167,0.21200
6023.238,0.21200
6021.310,0.21211
6019.381,0.21224
6017.452,0.21225
6015.524,0.21218
6013.595,0.21215
6011.666,0.21222
6009.738,0.21241
6007.809,0.21264
6005.880,0.21281
6003.952,0.21286
6002.023,0.21276
6000.094,0.21255
5998.166,0.21228
5996.237,0.21198
5994.308,0.21164
5992.380,0.21133
5990.451,0.21115
5988.522,0.21104
5986.594,0.21089
5984.665,0.21075
5982.736,0.21066
5980.808,0.21058
5978.879,0.21046
5976.950,0.21030
5975.022,0.21017
5973.093,0.21007
5971.164,0.21001
5969.236,0.20995
5967.307,0.20987
5965.378,0.20980
5963.450,0.20978
5961.521,0.20976
5959.592,0.20969
5957.664,0.20959
5955.735,0.20951
5953.806,0.20948
5951.878,0.20944
5949.949,0.20935
5948.020,0.20925
5946.092,0.20921
5944.163,0.20924
5942.234,0.20930
5940.306,0.20929
5938.377,0.20923
5936.448,0.20919
5934.520,0.20919
5932.591,0.20920
5930.662,0.20917
5928.734,0.20913
5926.805,0.20909
5924.876,0.20903
5922.948,0.20894
5921.019,0.20887
5919.090,0.20880
5917.162,0.20875
5915.233,0.20872
5913.304,0.20869
5911.376,0.20863
5909.447,0.20855
5907.518,0.20850
5905.590,0.20848
5903.661,0.20844
5901.732,0.20841
5899.804,0.20838
5897.875,0.20825
5895.946,0.20804
5894.018,0.20786
5892.089,0.20774
5890.160,0.20766
5888.232,0.20763
5886.303,0.20761
5884.374,0.20756
5882.445,0.20749
5880.517,0.20746
5878.588,0.20743
5876.659,0.20736
5874.731,0.20725
5872.802,0.20717
5870.873,0.20713
5868.945,0.20711
5867.016,0.20709
5865.087,0.20708
5863.159,0.20703
5861.230,0.20691
5859.301,0.20682
5857.373,0.20678
5855.444,0.20674
5853.515,0.20665
5851.587,0.20652
5849.658,0.20640
5847.729,0.20630
5845.801,0.20621
5843.872,0.20609
5841.943,0.20599
5840.015,0.20593
5838.086,0.20590
5836.157,0.20584
5834.229,0.20574
5832.300,0.20559
5830.371,0.20540
5828.443,0.20526
5826.514,0.20522
5824.585,0.20519
5822.657,0.20506
5820.728,0.20485
5818.799,0.20467
5816.871,0.20460
5814.942,0.20457
5813.013,0.20452
5811.085,0.20445
5809.156,0.20431
5807.227,0.20415
5805.299,0.20402
5803.370,0.20394
5801.441,0.20388
5799.513,0.20384
5797.584,0.20381
5795.655,0.20373
5793.727,0.20364
5791.798,0.20358
5789.869,0.20347
5787.941,0.20333
5786.012,0.20322
5784.083,0.20314
5782.155,0.20304
5780.226,0.20292
5778.297,0.20281
5776.369,0.20273
5774.440,0.20262
5772.511,0.20247
5770.583,0.20238
5768.654,0.20235
5766.725,0.20230
5764.797,0.20226
5762.868,0.20227
5760.939,0.20230
5759.011,0.20221
5757.082,0.20206
5755.153,0.20200
5753.225,0.20202
5751.296,0.20198
5749.367,0.20187
5747.439,0.20176
5745.510,0.20168
5743.581,0.20159
5741.653,0.20148
5739.724,0.20137
5737.795,0.20125
5735.867,0.20116
5733.938,0.20113
5732.009,0.20109
5730.081,0.20105
5728.152,0.20102
5726.223,0.20101
5724.295,0.20094
5722.366,0.20079
5720.437,0.20067
5718.508,0.20061
5716.580,0.20056
5714.651,0.20051
5712.722,0.20045
5710.794,0.20032
5708.865,0.20016
5706.936,0.20004
5705.008,0.19992
5703.079,0.19978
5701.150,0.19969
5699.222,0.19968
5697.293,0.19964
5695.364,0.19951
5693.436,0.19933
5691.507,0.19915
5689.578,0.19902
5687.650,0.19896
5685.721,0.19893
5683.792,0.19883
5681.864,0.19870
5679.935,0.19865
5678.006,0.19863
5676.078,0.19857
5674.149,0.19845
5672.220,0.19833
5670.292,0.19824
5668.363,0.19817
5666.434,0.19810
5664.506,0.19805
5662.577,0.19800
5660.648,0.19792
5658.720,0.19783
5656.791,0.19773
5654.862,0.19761
5652.934,0.19749
5651.005,0.19739
5649.076,0.19731
5647.148,0.19724
5645.219,0.19714
5643.290,0.19703
5641.362,0.19689
5639.433,0.19678
5637.504,0.19672
5635.576,0.19666
5633.647,0.19658
5631.718,0.19651
5629.790,0.19645
5627.861,0.19639
5625.932,0.19628
5624.004,0.19613
5622.075,0.19600
5620.146,0.19594
5618.218,0.19593
5616.289,0.19590
5614.360,0.19582
5612.432,0.19574
5610.503,0.19568
5608.574,0.19564
5606.646,0.19558
5604.717,0.19548
5602.788,0.19539
5600.860,0.19531
5598.931,0.19518
5597.002,0.19504
5595.074,0.19496
5593.145,0.19490
5591.216,0.19481
5589.288,0.19473
5587.359,0.19466
5585.430,0.19459
5583.502,0.19452
5581.573,0.19446
5579.644,0.19437
5577.716,0.19427
5575.787,0.19420
5573.858,0.19412
5571.930,0.19403
5570.001,0.19394
5568.072,0.19390
5566.144,0.19387
5564.215,0.19380
5562.286,0.19372
5560.357,0.19364
5558.429,0.19359
5556.500,0.19352
5554.571,0.19340
5552.643,0.19328
5550.714,0.19319
5548.785,0.19311
5546.857,0.19306
5544.928,0.19304
5542.999,0.19299
5541.071,0.19289
5539.142,0.19275
5537.213,0.19264
5535.285,0.19257
5533.356,0.19253
5531.427,0.19250
5529.499,0.19245
5527.570,0.19238
5525.641,0.19230
5523.713,0.19220
5521.784,0.19206
5519.855,0.19195
5517.927,0.19191
5515.998,0.19190
5514.069,0.19185
5512.141,0.19177
5510.212,0.19172
5508.283,0.19171
5506.355,0.19167
5504.426,0.19155
5502.497,0.19143
5500.569,0.19134
5498.640,0.19129
5496.711,0.19124
5494.783,0.19120
5492.854,0.19115
5490.925,0.19105
5488.997,0.19091
5487.068,0.19075
5485.139,0.19064
5483.211,0.19061
5481.282,0.19057
5479.353,0.19050
5477.425,0.19048
5475.496,0.19047
5473.567,0.19038
5471.639,0.19024
5469.710,0.19014
5467.781,0.19006
5465.853,0.18995
5463.924,0.18983
5461.995,0.18980
5460.067,0.18978
5458.138,0.18972
5456.209,0.18963
5454.281,0.18952
5452.352,0.18939
5450.423,0.18931
5448.495,0.18930
5446.566,0.18928
5444.637,0.18922
5442.709,0.18914
5440.780,0.18904
5438.851,0.18893
5436.923,0.18888
5434.994,0.18883
5433.065,0.18870
5431.137,0.18857
5429.208,0.18849
5427.279,0.18842
5425.351,0.18834
5423.422,0.18828
5421.493,0.18821
5419.565,0.18816
5417.636,0.18815
5415.707,0.18812
5413.779,0.18803
5411.850,0.18793
5409.921,0.18790
5407.993,0.18786
5406.064,0.18774
5404.135,0.18758
5402.207,0.18748
5400.278,0.18741
5398.349,0.18735
5396.420,0.18733
5394.492,0.18733
5392.563,0.18727
5390.634,0.18713
5388.706,0.18702
5386.777,0.18691
5384.848,0.18676
5382.920,0.18662
5380.991,0.18661
5379.062,0.18668
5377.134,0.18669
5375.205,0.18661
5373.276,0.18650
5371.348,0.18640
5369.419,0.18628
5367.490,0.18615
5365.562,0.18607
5363.633,0.18602
5361.704,0.18597
5359.776,0.18591
5357.847,0.18587
5355.918,0.18585
5353.990,0.18581
5352.061,0.18574
5350.132,0.18562
5348.204,0.18551
5346.275,0.18547
5344.346,0.18543
5342.418,0.18535
5340.489,0.18526
5338.560,0.18520
5336.632,0.18510
5334.703,0.18501
5332.774,0.18495
5330.846,0.18488
5328.917,0.18481
5326.988,0.18476
5325.060,0.18472
5323.131,0.18468
5321.202,0.18461
5319.274,0.18448
5317.345,0.18435
5315.416,0.18427
5313.488,0.18421
5311.559,0.18415
5309.630,0.18409
5307.702,0.18402
5305.773,0.18391
5303.844,0.18381
5301.916,0.18373
5299.987,0.18366
5298.058,0.18361
5296.130,0.18357
5294.201,0.18351
5292.272,0.18347
5290.344,0.18344
5288.415,0.18338
5286.486,0.18326
5284.558,0.18309
5282.629,0.18299
5280.700,0.18295
5278.772,0.18289
5276.843,0.18281
5274.914,0.18276
5272.986,0.18273
5271.057,0.18267
5269.128,0.18261
5267.200,0.18259
5265.271,0.18254
5263.342,0.18242
5261.414,0.18230
5259.485,0.18223
5257.556,0.18219
5255.628,0.18218
5253.699,0.18214
5251.770,0.18207
5249.842,0.18200
5247.913,0.18191
5245.984,0.18181
5244.056,0.18174
5242.127,0.18170
5240.198,0.18166
5238.269,0.18158
5236.341,0.18148
5234.412,0.18138
5232.483,0.18132
5230.555,0.18128
5228.626,0.18124
5226.697,0.18118
5224.769,0.18106
5222.840,0.18095
5220.911,0.18090
5218.983,0.18086
5217.054,0.18079
5215.125,0.18071
5213.197,0.18065
5211.268,0.18063
5209.339,0.18062
5207.411,0.18058
5205.482,0.18048
5203.553,0.18035
5201.625,0.18021
5199.696,0.18012
5197.767,0.18010
5195.839,0.18009
5193.910,0.18002
5191.981,0.17992
5190.053,0.17984
5188.124,0.17979
5186.195,0.17972
5184.267,0.17962
5182.338,0.17953
5180.409,0.17946
5178.481,0.17941
5176.552,0.17934
5174.623,0.17928
5172.695,0.17924
5170.766,0.17921
5168.837,0.17915
5166.909,0.17907
5164.980,0.17898
5163.051,0.17891
5161.123,0.17883
5159.194,0.17874
5157.265,0.17867
5155.337,0.17864
5153.408,0.17859
5151.479,0.17846
5149.551,0.17835
5147.622,0.17829
5145.693,0.17822
5143.765,0.17815
5141.836,0.17812
5139.907,0.17810
5137.979,0.17806
5136.050,0.17801
5134.121,0.17793
5132.193,0.17778
5130.264,0.17763
5128.335,0.17754
5126.407,0.17746
5124.478,0.17737
5122.549,0.17731
5120.621,0.17728
5118.692,0.17722
5116.763,0.17713
5114.835,0.17705
5112.906,0.17699
5110.977,0.17692
5109.049,0.17682
5107.120,0.17672
5105.191,0.17663
5103.263,0.17656
5101.334,0.17650
5099.405,0.17644
5097.477,0.17639
5095.548,0.17633
5093.619,0.17623
5091.691,0.17612
5089.762,0.17605
5087.833,0.17603
5085.905,0.17602
5083.976,0.17599
5082.047,0.17591
5080.119,0.17582
5078.190,0.17574
5076.261,0.17565
5074.332,0.17557
5072.404,0.17551
5070.475,0.17547
5068.546,0.17541
5066.618,0.17530
5064.689,0.17518
5062.760,0.17510
5060.832,0.17505
5058.903,0.17501
5056.974,0.17492
5055.046,0.17485
5053.117,0.17480
5051.188,0.17472
5049.260,0.17459
5047.331,0.17446
5045.402,0.17435
5043.474,0.17428
5041.545,0.17425
5039.616,0.17421
5037.688,0.17418
5035.759,0.17415
5033.830,0.17408
5031.902,0.17398
5029.973,0.17388
5028.044,0.17377
5026.116,0.17365
5024.187,0.17356
5022.258,0.17352
5020.330,0.17349
5018.401,0.17343
5016.472,0.17335
5014.544,0.17327
5012.615,0.17322
5010.686,0.17320
5008.758,0.17315
5006.829,0.17305
5004.900,0.17298
5002.972,0.17295
5001.043,0.17290
4999.114,0.17279
4997.186,0.17272
4995.257,0.17268
4993.328,0.17263
4991.400,0.17254
4989.471,0.17244
4987.542,0.17238
4985.614,0.17232
4983.685,0.17222
4981.756,0.17212
4979.828,0.17203
4977.899,0.17196
4975.970,0.17189
4974.042,0.17181
4972.113,0.17173
4970.184,0.17166
4968.256,0.17160
4966.327,0.17151
4964.398,0.17138
4962.470,0.17127
4960.541,0.17124
4958.612,0.17122
4956.684,0.17116
4954.755,0.17107
4952.826,0.17099
4950.898,0.17091
4948.969,0.17083
4947.040,0.17076
4945.112,0.17074
4943.183,0.17072
4941.254,0.17062
4939.326,0.17048
4937.397,0.17037
4935.468,0.17032
4933.540,0.17028
4931.611,0.17022
4929.682,0.17014
4927.754,0.17004
4925.825,0.16996
4923.896,0.16990
4921.968,0.16983
4920.039,0.16980
4918.110,0.16978
4916.181,0.16972
4914.253,0.16961
4912.324,0.16950
4910.395,0.16939
4908.467,0.16929
4906.538,0.16922
4904.609,0.16918
4902.681,0.16913
4900.752,0.16908
4898.823,0.16901
4896.895,0.16894
4894.966,0.16886
4893.037,0.16878
4891.109,0.16871
4889.180,0.16861
4887.251,0.16850
4885.323,0.16844
4883.394,0.16840
4881.465,0.16835
4879.537,0.16825
4877.608,0.16812
4875.679,0.16800
4873.751,0.16794
4871.822,0.16790
4869.893,0.16786
4867.965,0.16783
4866.036,0.16776
4864.107,0.16768
4862.179,0.16761
4860.250,0.16753
4858.321,0.16742
4856.393,0.16732
4854.464,0.16728
4852.535,0.16721
4850.607,0.16713
4848.678,0.16706
4846.749,0.16699
4844.821,0.16693
4842.892,0.16688
4840.963,0.16680
4839.035,0.16673
4837.106,0.16669
4835.177,0.16663
4833.249,0.16652
4831.320,0.16638
4829.391,0.16628
4827.463,0.16625
4825.534,0.16626
4823.605,0.16623
4821.677,0.16615
4819.748,0.16603
4817.819,0.16591
4815.891,0.16580
4813.962,0.16568
4812.033,0.16558
4810.105,0.16553
4808.176,0.16549
4806.247,0.16543
4804.319,0.16537
4802.390,0.16534
4800.461,0.16528
4798.533,0.16519
4796.604,0.16507
4794.675,0.16499
4792.747,0.16493
4790.818,0.16486
4788.889,0.16478
4786.961,0.16472
4785.032,0.16466
4783.103,0.16456
4781.175,0.16447
4779.246,0.16442
4777.317,0.16441
4775.389,0.16437
4773.460,0.16426
4771.531,0.16415
4769.603,0.16410
4767.674,0.16410
4765.745,0.16407
4763.817,0.16400
4761.888,0.16395
4759.959,0.16392
4758.031,0.16382
4756.102,0.16369
4754.173,0.16363
4752.244,0.16363
4750.316,0.16359
4748.387,0.16348
4746.458,0.16340
4744.530,0.16336
4742.601,0.16334
4740.672,0.16329
4738.744,0.16318
4736.815,0.16307
4734.886,0.16299
4732.958,0.16291
4731.029,0.16279
4729.100,0.16265
4727.172,0.16257
4725.243,0.16252
4723.314,0.16246
4721.386,0.16239
4719.457,0.16234
4717.528,0.16231
4715.600,0.16225
4713.671,0.16215
4711.742,0.16207
4709.814,0.16204
4707.885,0.16199
4705.956,0.16191
4704.028,0.16186
4702.099,0.16183
4700.170,0.16179
4698.242,0.16170
4696.313,0.16162
4694.384,0.16158
4692.456,0.16154
4690.527,0.16147
4688.598,0.16139
4686.670,0.16138
4684.741,0.16138
4682.812,0.16134
4680.884,0.16124
4678.955,0.16115
4677.026,0.16108
4675.098,0.16102
4673.169,0.16093
4671.240,0.16083
4669.312,0.16079
4667.383,0.16076
4665.454,0.16070
4663.526,0.16060
4661.597,0.16050
4659.668,0.16044
4657.740,0.16038
4655.811,0.16028
4653.882,0.16019
4651.954,0.16015
4650.025,0.16014
4648.096,0.16005
4646.168,0.15990
4644.239,0.15979
4642.310,0.15974
4640.382,0.15968
4638.453,0.15961
4636.524,0.15959
4634.596,0.15955
4632.667,0.15943
4630.738,0.15926
4628.810,0.15915
4626.881,0.15909
4624.952,0.15905
4623.024,0.15901
4621.095,0.15895
4619.166,0.15889
4617.238,0.15885
4615.309,0.15880
4613.380,0.15871
4611.452,0.15863
4609.523,0.15858
4607.594,0.15854
4605.666,0.15852
4603.737,0.15846
4601.808,0.15839
4599.880,0.15833
4597.951,0.15826
4596.022,0.15816
4594.093,0.15807
4592.165,0.15801
4590.236,0.15794
4588.307,0.15784
4586.379,0.15776
4584.450,0.15772
4582.521,0.15768
4580.593,0.15763
4578.664,0.15758
4576.735,0.15757
4574.807,0.15756
4572.878,0.15748
4570.949,0.15735
4569.021,0.15724
4567.092,0.15717
4565.163,0.15711
4563.235,0.15704
4561.306,0.15697
4559.377,0.15691
4557.449,0.15687
4555.520,0.15682
4553.591,0.15674
4551.663,0.15667
4549.734,0.15665
4547.805,0.15661
4545.877,0.15651
4543.948,0.15643
4542.019,0.15641
4540.091,0.15642
4538.162,0.15640
4536.233,0.15634
4534.305,0.15631
4532.376,0.15630
4530.447,0.15625
4528.519,0.15617
4526.590,0.15611
4524.661,0.15608
4522.733,0.15606
4520.804,0.15600
4518.875,0.15596
4516.947,0.15597
4515.018,0.15599
4513.089,0.15593
4511.161,0.15585
4509.232,0.15581
4507.303,0.15581
4505.375,0.15582
4503.446,0.15587
4501.517,0.15600
4499.589,0.15620
4497.660,0.15647
4495.731,0.15681
4493.803,0.15716
4491.874,0.15739
4489.945,0.15739
4488.017,0.15720
4486.088,0.15702
4484.159,0.15695
4482.231,0.15689
4480.302,0.15664
4478.373,0.15623
4476.445,0.15584
4474.516,0.15557
4472.587,0.15540
4470.659,0.15528
4468.730,0.15522
4466.801,0.15526
4464.873,0.15538
4462.944,0.15549
4461.015,0.15556
4459.087,0.15562
4457.158,0.15566
4455.229,0.15563
4453.301,0.15550
4451.372,0.15536
4449.443,0.15524
4447.515,0.15509
4445.586,0.15488
4443.657,0.15467
4441.729,0.15448
4439.800,0.15432
4437.871,0.15416
4435.943,0.15406
4434.014,0.15405
4432.085,0.15411
4430.156,0.15419
4428.228,0.15430
4426.299,0.15444
4424.370,0.15460
4422.442,0.15478
4420.513,0.15500
4418.584,0.15527
4416.656,0.15557
4414.727,0.15575
4412.798,0.15578
4410.870,0.15572
4408.941,0.15570
4407.012,0.15574
4405.084,0.15578
4403.155,0.15580
4401.226,0.15577
4399.298,0.15568
4397.369,0.15547
4395.440,0.15518
4393.512,0.15490
4391.583,0.15473
4389.654,0.15467
4387.726,0.15465
4385.797,0.15461
4383.868,0.15459
4381.940,0.15463
4380.011,0.15464
4378.082,0.15451
4376.154,0.15427
4374.225,0.15397
4372.296,0.15364
4370.368,0.15326
4368.439,0.15289
4366.510,0.15260
4364.582,0.15241
4362.653,0.15226
4360.724,0.15212
4358.796,0.15202
4356.867,0.15198
4354.938,0.15198
4353.010,0.15201
4351.081,0.15211
4349.152,0.15230
4347.224,0.15256
4345.295,0.15282
4343.366,0.15301
4341.438,0.15315
4339.509,0.15329
4337.580,0.15338
4335.652,0.15337
4333.723,0.15325
4331.794,0.15306
4329.866,0.15286
4327.937,0.15270
4326.008,0.15269
4324.080,0.15290
4322.151,0.15328
4320.222,0.15365
4318.294,0.15380
4316.365,0.15367
4314.436,0.15346
4312.508,0.15333
4310.579,0.15325
4308.650,0.15308
4306.722,0.15279
4304.793,0.15244
4302.864,0.15210
4300.936,0.15183
4299.007,0.15169
4297.078,0.15165
4295.150,0.15169
4293.221,0.15176
4291.292,0.15181
4289.364,0.15181
4287.435,0.15176
4285.506,0.15168
4283.578,0.15153
4281.649,0.15134
4279.720,0.15112
4277.792,0.15085
4275.863,0.15052
4273.934,0.15017
4272.005,0.14985
4270.077,0.14958
4268.148,0.14931
4266.219,0.14905
4264.291,0.14885
4262.362,0.14872
4260.433,0.14860
4258.505,0.14846
4256.576,0.14830
4254.647,0.14815
4252.719,0.14801
4250.790,0.14786
4248.861,0.14771
4246.933,0.14758
4245.004,0.14748
4243.075,0.14738
4241.147,0.14725
4239.218,0.14712
4237.289,0.14703
4235.361,0.14694
4233.432,0.14685
4231.503,0.14677
4229.575,0.14674
4227.646,0.14676
4225.717,0.14674
4223.789,0.14671
4221.860,0.14672
4219.931,0.14678
4218.003,0.14681
4216.074,0.14680
4214.145,0.14674
4212.217,0.14668
4210.288,0.14663
4208.359,0.14658
4206.431,0.14654
4204.502,0.14652
4202.573,0.14650
4200.645,0.14644
4198.716,0.14633
4196.787,0.14622
4194.859,0.14613
4192.930,0.14603
4191.001,0.14590
4189.073,0.14575
4187.144,0.14562
4185.215,0.14550
4183.287,0.14536
4181.358,0.14520
4179.429,0.14507
4177.501,0.14500
4175.572,0.14494
4173.643,0.14483
4171.715,0.14470
4169.786,0.14461
4167.857,0.14452
4165.929,0.14441
4164.000,0.14428
4162.071,0.14419
4160.143,0.14417
4158.214,0.14412
4156.285,0.14399
4154.357,0.14384
4152.428,0.14375
4150.499,0.14370
4148.571,0.14362
4146.642,0.14351
4144.713,0.14346
4142.785,0.14346
4140.856,0.14341
4138.927,0.14328
4136.999,0.14317
4135.070,0.14313
4133.141,0.14311
4131.213,0.14304
4129.284,0.14297
4127.355,0.14296
4125.427,0.14297
4123.498,0.14291
4121.569,0.14282
4119.641,0.14278
4117.712,0.14279
4115.783,0.14280
4113.855,0.14281
4111.926,0.14286
4109.997,0.14295
4108.068,0.14302
4106.140,0.14302
4104.211,0.14295
4102.282,0.14291
4100.354,0.14291
4098.425,0.14290
4096.496,0.14285
4094.568,0.14281
4092.639,0.14278
4090.710,0.14271
4088.782,0.14256
4086.853,0.14238
4084.924,0.14224
4082.996,0.14213
4081.067,0.14197
4079.138,0.14181
4077.210,0.14169
4075.281,0.14161
4073.352,0.14150
4071.424,0.14135
4069.495,0.14120
4067.566,0.14106
4065.638,0.14090
4063.709,0.14073
4061.780,0.14061
4059.852,0.14055
4057.923,0.14051
4055.994,0.14043
4054.066,0.14031
4052.137,0.14021
4050.208,0.14015
4048.280,0.14010
4046.351,0.14002
4044.422,0.13996
4042.494,0.13995
4040.565,0.13994
4038.636,0.13989
4036.708,0.13983
4034.779,0.13980
4032.850,0.13981
4030.922,0.13982
4028.993,0.13981
4027.064,0.13982
4025.136,0.13988
4023.207,0.13996
4021.278,0.13996
4019.350,0.13988
4017.421,0.13980
4015.492,0.13975
4013.564,0.13969
4011.635,0.13962
4009.706,0.13957
4007.778,0.13952
4005.849,0.13944
4003.920,0.13932
4001.992,0.13922
4000.063,0.13920
3998.134,0.13922
3996.206,0.13923
3994.277,0.13922
3992.348,0.13922
3990.420,0.13921
3988.491,0.13912
3986.562,0.13897
3984.634,0.13883
3982.705,0.13870
3980.776,0.13854
3978.848,0.13836
3976.919,0.13819
3974.990,0.13805
3973.062,0.13791
3971.133,0.13773
3969.204,0.13755
3967.276,0.13746
3965.347,0.13744
3963.418,0.13741
3961.490,0.13730
3959.561,0.13719
3957.632,0.13713
3955.704,0.13710
3953.775,0.13702
3951.846,0.13695
3949.917,0.13691
3947.989,0.13684
3946.060,0.13670
3944.131,0.13657
3942.203,0.13645
3940.274,0.13637
3938.345,0.13629
3936.417,0.13624
3934.488,0.13625
3932.559,0.13630
3930.631,0.13625
3928.702,0.13613
3926.773,0.13605
3924.845,0.13605
3922.916,0.13605
3920.987,0.13604
3919.059,0.13598
3917.130,0.13584
3915.201,0.13565
3913.273,0.13549
3911.344,0.13536
3909.415,0.13527
3907.487,0.13532
3905.558,0.13544
3903.629,0.13544
3901.701,0.13528
3899.772,0.13508
3897.843,0.13488
3895.915,0.13472
3893.986,0.13468
3892.057,0.13467
3890.129,0.13463
3888.200,0.13464
3886.271,0.13464
3884.343,0.13453
3882.414,0.13444
3880.485,0.13434
3878.557,0.13414
3876.628,0.13399
3874.699,0.13401
3872.771,0.13409
3870.842,0.13413
3868.913,0.13399
3866.985,0.13382
3865.056,0.13380
3863.127,0.13375
3861.199,0.13357
3859.270,0.13343
3857.341,0.13360
3855.413,0.13398
3853.484,0.13400
3851.555,0.13352
3849.627,0.13303
3847.698,0.13284
3845.769,0.13280
3843.841,0.13277
3841.912,0.13278
3839.983,0.13285
3838.055,0.13287
3836.126,0.13276
3834.197,0.13263
3832.269,0.13253
3830.340,0.13245
3828.411,0.13234
3826.483,0.13220
3824.554,0.13218
3822.625,0.13231
3820.697,0.13232
3818.768,0.13218
3816.839,0.13205
3814.911,0.13187
3812.982,0.13167
3811.053,0.13157
3809.125,0.13157
3807.196,0.13158
3805.267,0.13158
3803.339,0.13162
3801.410,0.13155
3799.481,0.13135
3797.553,0.13124
3795.624,0.13117
3793.695,0.13101
3791.767,0.13086
3789.838,0.13080
3787.909,0.13079
3785.980,0.13074
3784.052,0.13061
3782.123,0.13053
3780.194,0.13052
3778.266,0.13044
3776.337,0.13025
3774.408,0.13012
3772.480,0.13017
3770.551,0.13026
3768.622,0.13021
3766.694,0.13009
3764.765,0.13001
3762.836,0.13000
3760.908,0.13001
3758.979,0.12994
3757.050,0.12984
3755.122,0.12991
3753.193,0.13014
3751.264,0.13025
3749.336,0.13013
3747.407,0.13013
3745.478,0.13028
3743.550,0.13009
3741.621,0.12965
3739.692,0.12954
3737.764,0.12974
3735.835,0.12982
3733.906,0.12962
3731.978,0.12931
3730.049,0.12910
3728.120,0.12907
3726.192,0.12905
3724.263,0.12894
3722.334,0.12883
3720.406,0.12878
3718.477,0.12872
3716.548,0.12867
3714.620,0.12875
3712.691,0.12890
3710.762,0.12889
3708.834,0.12869
3706.905,0.12851
3704.976,0.12853
3703.048,0.12864
3701.119,0.12862
3699.190,0.12848
3697.262,0.12840
3695.333,0.12846
3693.404,0.12860
3691.476,0.12874
3689.547,0.12880
3687.618,0.12876
3685.690,0.12870
3683.761,0.12870
3681.832,0.12875
3679.904,0.12892
3677.975,0.12922
3676.046,0.12940
3674.118,0.12930
3672.189,0.12923
3670.260,0.12929
3668.332,0.12921
3666.403,0.12899
3664.474,0.12886
3662.546,0.12887
3660.617,0.12897
3658.688,0.12909
3656.760,0.12917
3654.831,0.12922
3652.902,0.12942
3650.974,0.12968
3649.045,0.12974
3647.116,0.12959
3645.188,0.12947
3643.259,0.12948
3641.330,0.12953
3639.402,0.12959
3637.473,0.12972
3635.544,0.12992
3633.616,0.13015
3631.687,0.13047
3629.758,0.13080
3627.830,0.13089
3625.901,0.13082
3623.972,0.13088
3622.043,0.13115
3620.115,0.13152
3618.186,0.13177
3616.257,0.13191
3614.329,0.13208
3612.400,0.13235
3610.471,0.13266
3608.543,0.13287
3606.614,0.13294
3604.685,0.13307
3602.757,0.13335
3600.828,0.13367
3598.899,0.13393
3596.971,0.13417
3595.042,0.13441
3593.113,0.13467
3591.185,0.13499
3589.256,0.13534
3587.327,0.13557
3585.399,0.13568
3583.470,0.13581
3581.541,0.13598
3579.613,0.13618
3577.684,0.13641
3575.755,0.13664
3573.827,0.13685
3571.898,0.13709
3569.969,0.13744
3568.041,0.13780
3566.112,0.13800
3564.183,0.13804
3562.255,0.13812
3560.326,0.13829
3558.397,0.13847
3556.469,0.13864
3554.540,0.13885
3552.611,0.13909
3550.683,0.13934
3548.754,0.13957
3546.825,0.13977
3544.897,0.13995
3542.968,0.14015
3541.039,0.14036
3539.111,0.14057
3537.182,0.14078
3535.253,0.14099
3533.325,0.14118
3531.396,0.14133
3529.467,0.14145
3527.539,0.14157
3525.610,0.14170
3523.681,0.14183
3521.753,0.14193
3519.824,0.14207
3517.895,0.14229
3515.967,0.14249
3514.038,0.14264
3512.109,0.14277
3510.181,0.14291
3508.252,0.14307
3506.323,0.14322
3504.395,0.14337
3502.466,0.14352
3500.537,0.14367
3498.609,0.14381
3496.680,0.14395
3494.751,0.14408
3492.823,0.14423
3490.894,0.14440
3488.965,0.14456
3487.037,0.14469
3485.108,0.14481
3483.179,0.14494
3481.251,0.14508
3479.322,0.14521
3477.393,0.14537
3475.465,0.14555
3473.536,0.14571
3471.607,0.14586
3469.679,0.14605
3467.750,0.14628
3465.821,0.14654
3463.892,0.14676
3461.964,0.14690
3460.035,0.14698
3458.106,0.14704
3456.178,0.14712
3454.249,0.14719
3452.320,0.14725
3450.392,0.14735
3448.463,0.14746
3446.534,0.14751
3444.606,0.14751
3442.677,0.14751
3440.748,0.14750
3438.820,0.14747
3436.891,0.14743
3434.962,0.14739
3433.034,0.14734
3431.105,0.14726
3429.176,0.14717
3427.248,0.14711
3425.319,0.14707
3423.390,0.14702
3421.462,0.14695
3419.533,0.14684
3417.604,0.14670
3415.676,0.14658
3413.747,0.14642
3411.818,0.14621
3409.890,0.14594
3407.961,0.14565
3406.032,0.14537
3404.104,0.14508
3402.175,0.14477
3400.246,0.14446
3398.318,0.14419
3396.389,0.14394
3394.460,0.14368
3392.532,0.14341
3390.603,0.14314
3388.674,0.14288
3386.746,0.14262
3384.817,0.14236
3382.888,0.14209
3380.960,0.14180
3379.031,0.14149
3377.102,0.14115
3375.174,0.14079
3373.245,0.14040
3371.316,0.14002
3369.388,0.13966
3367.459,0.13929
3365.530,0.13891
3363.602,0.13853
3361.673,0.13816
3359.744,0.13779
3357.816,0.13741
3355.887,0.13703
3353.958,0.13667
3352.030,0.13635
3350.101,0.13603
3348.172,0.13570
3346.244,0.13536
3344.315,0.13500
3342.386,0.13463
3340.458,0.13426
3338.529,0.13392
3336.600,0.13363
3334.672,0.13335
3332.743,0.13308
3330.814,0.13281
3328.886,0.13256
3326.957,0.13233
3325.028,0.13212
3323.100,0.13192
3321.171,0.13171
3319.242,0.13151
3317.314,0.13130
3315.385,0.13109
3313.456,0.13089
3311.528,0.13068
3309.599,0.13048
3307.670,0.13028
3305.742,0.13007
3303.813,0.12989
3301.884,0.12977
3299.955,0.12964
3298.027,0.12948
3296.098,0.12932
3294.169,0.12920
3292.241,0.12910
3290.312,0.12899
3288.383,0.12885
3286.455,0.12872
3284.526,0.12860
3282.597,0.12846
3280.669,0.12832
3278.740,0.12822
3276.811,0.12814
3274.883,0.12806
3272.954,0.12793
3271.025,0.12778
3269.097,0.12768
3267.168,0.12762
3265.239,0.12754
3263.311,0.12738
3261.382,0.12722
3259.453,0.12708
3257.525,0.12696
3255.596,0.12681
3253.667,0.12665
3251.739,0.12651
3249.810,0.12635
3247.881,0.12614
3245.953,0.12590
3244.024,0.12570
3242.095,0.12552
3240.167,0.12533
3238.238,0.12510
3236.309,0.12486
3234.381,0.12464
3232.452,0.12442
3230.523,0.12419
3228.595,0.12395
3226.666,0.12375
3224.737,0.12356
3222.809,0.12332
3220.880,0.12305
3218.951,0.12280
3217.023,0.12260
3215.094,0.12240
3213.165,0.12213
3211.237,0.12185
3209.308,0.12161
3207.379,0.12137
3205.451,0.12109
3203.522,0.12079
3201.593,0.12055
3199.665,0.12036
3197.736,0.12018
3195.807,0.12001
3193.879,0.11990
3191.950,0.11985
3190.021,0.11980
3188.093,0.11973
3186.164,0.11968
3184.235,0.11970
3182.307,0.11973
3180.378,0.11967
3178.449,0.11953
3176.521,0.11944
3174.592,0.11942
3172.663,0.11938
3170.735,0.11928
3168.806,0.11919
3166.877,0.11916
3164.949,0.11915
3163.020,0.11907
3161.091,0.11895
3159.163,0.11888
3157.234,0.11884
3155.305,0.11873
3153.377,0.11857
3151.448,0.11844
3149.519,0.11837
3147.591,0.11833
3145.662,0.11830
3143.733,0.11835
3141.804,0.11853
3139.876,0.11875
3137.947,0.11889
3136.018,0.11896
3134.090,0.11900
3132.161,0.11899
3130.232,0.11889
3128.304,0.11871
3126.375,0.11856
3124.446,0.11851
3122.518,0.11852
3120.589,0.11854
3118.660,0.11859
3116.732,0.11880
3114.803,0.11914
3112.874,0.11950
3110.946,0.11985
3109.017,0.12023
3107.088,0.12062
3105.160,0.12090
3103.231,0.12110
3101.302,0.12137
3099.374,0.12183
3097.445,0.12240
3095.516,0.12302
3093.588,0.12384
3091.659,0.12505
3089.730,0.12686
3087.802,0.12961
3085.873,0.13407
3083.944,0.14185
3082.016,0.15601
3080.087,0.18124
3078.158,0.21814
3076.230,0.25090
3074.301,0.25444
3072.372,0.23166
3070.444,0.21369
3068.515,0.21835
3066.586,0.23124
3064.658,0.22462
3062.729,0.19657
3060.800,0.16761
3058.872,0.14867
3056.943,0.13796
3055.014,0.13136
3053.086,0.12660
3051.157,0.12315
3049.228,0.12086
3047.300,0.11937
3045.371,0.11827
3043.442,0.11733
3041.514,0.11654
3039.585,0.11592
3037.656,0.11540
3035.728,0.11491
3033.799,0.11452
3031.870,0.11433
3029.942,0.11429
3028.013,0.11429
3026.084,0.11436
3024.156,0.11463
3022.227,0.11510
3020.298,0.11564
3018.370,0.11626
3016.441,0.11719
3014.512,0.11859
3012.584,0.12053
3010.655,0.12318
3008.726,0.12704
3006.798,0.13270
3004.869,0.13972
3002.940,0.14566
3001.012,0.14749
2999.083,0.14462
2997.154,0.13943
2995.226,0.13450
2993.297,0.13083
2991.368,0.12844
2989.440,0.12704
2987.511,0.12631
2985.582,0.12597
2983.654,0.12596
2981.725,0.12632
2979.796,0.12705
2977.867,0.12804
2975.939,0.12927
2974.010,0.13083
2972.081,0.13276
2970.153,0.13495
2968.224,0.13723
2966.295,0.13947
2964.367,0.14156
2962.438,0.14327
2960.509,0.14441
2958.581,0.14498
2956.652,0.14521
2954.723,0.14537
2952.795,0.14569
2950.866,0.14621
2948.937,0.14659
2947.009,0.14640
2945.080,0.14572
2943.151,0.14511
2941.223,0.14513
2939.294,0.14591
2937.365,0.14717
2935.437,0.14853
2933.508,0.14968
2931.579,0.15051
2929.651,0.15089
2927.722,0.15068
2925.793,0.14983
2923.865,0.14853
2921.936,0.14696
2920.007,0.14517
2918.079,0.14314
2916.150,0.14096
2914.221,0.13889
2912.293,0.13706
2910.364,0.13544
2908.435,0.13399
2906.507,0.13274
2904.578,0.13167
2902.649,0.13065
2900.721,0.12960
2898.792,0.12854
2896.863,0.12754
2894.935,0.12656
2893.006,0.12554
2891.077,0.12454
2889.149,0.12371
2887.220,0.12315
2885.291,0.12282
2883.363,0.12270
2881.434,0.12285
2879.505,0.12327
2877.577,0.12374
2875.648,0.12401
2873.719,0.12400
2871.791,0.12380
2869.862,0.12363
2867.933,0.12374
2866.005,0.12423
2864.076,0.12507
2862.147,0.12602
2860.219,0.12663
2858.290,0.12657
2856.361,0.12586
2854.433,0.12467
2852.504,0.12315
2850.575,0.12131
2848.647,0.11926
2846.718,0.11734
2844.789,0.11589
2842.861,0.11498
2840.932,0.11450
2839.003,0.11427
2837.075,0.11408
2835.146,0.11368
2833.217,0.11297
2831.289,0.11200
2829.360,0.11091
2827.431,0.10975
2825.503,0.10854
2823.574,0.10743
2821.645,0.10661
2819.716,0.10614
2817.788,0.10591
2815.859,0.10579
2813.930,0.10578
2812.002,0.10589
2810.073,0.10605
2808.144,0.10614
2806.216,0.10612
2804.287,0.10601
2802.358,0.10571
2800.430,0.10512
2798.501,0.10426
2796.572,0.10329
2794.644,0.10235
2792.715,0.10147
2790.786,0.10069
2788.858,0.10007
2786.929,0.09964
2785.000,0.09933
2783.072,0.09905
2781.143,0.09879
2779.214,0.09862
2777.286,0.09855
2775.357,0.09852
2773.428,0.09850
2771.500,0.09850
2769.571,0.09854
2767.642,0.09858
2765.714,0.09860
2763.785,0.09865
2761.856,0.09885
2759.928,0.09917
2757.999,0.09953
2756.070,0.09990
2754.142,0.10035
2752.213,0.10088
2750.284,0.10141
2748.356,0.10174
2746.427,0.10173
2744.498,0.10138
2742.570,0.10077
2740.641,0.10001
2738.712,0.09927
2736.784,0.09866
2734.855,0.09818
2732.926,0.09774
2730.998,0.09731
2729.069,0.09696
2727.140,0.09670
2725.212,0.09645
2723.283,0.09614
2721.354,0.09587
2719.426,0.09572
2717.497,0.09561
2715.568,0.09548
2713.640,0.09536
2711.711,0.09533
2709.782,0.09536
2707.854,0.09537
2705.925,0.09537
2703.996,0.09538
2702.068,0.09540
2700.139,0.09535
2698.210,0.09523
2696.282,0.09515
2694.353,0.09517
2692.424,0.09524
2690.496,0.09529
2688.567,0.09533
2686.638,0.09540
2684.710,0.09547
2682.781,0.09544
2680.852,0.09535
2678.924,0.09531
2676.995,0.09535
2675.066,0.09540
2673.138,0.09538
2671.209,0.09530
2669.280,0.09520
2667.352,0.09503
2665.423,0.09476
2663.494,0.09445
2661.566,0.09419
2659.637,0.09398
2657.708,0.09375
2655.779,0.09348
2653.851,0.09326
2651.922,0.09313
2649.993,0.09300
2648.065,0.09285
2646.136,0.09274
2644.207,0.09273
2642.279,0.09274
2640.350,0.09270
2638.421,0.09264
2636.493,0.09264
2634.564,0.09269
2632.635,0.09273
2630.707,0.09274
2628.778,0.09283
2626.849,0.09303
2624.921,0.09325
2622.992,0.09341
2621.063,0.09353
2619.135,0.09366
2617.206,0.09376
2615.277,0.09376
2613.349,0.09368
2611.420,0.09366
2609.491,0.09374
2607.563,0.09381
2605.634,0.09382
2603.705,0.09382
2601.777,0.09383
2599.848,0.09377
2597.919,0.09360
2595.991,0.09344
2594.062,0.09339
2592.133,0.09344
2590.205,0.09347
2588.276,0.09348
2586.347,0.09352
2584.419,0.09360
2582.490,0.09359
2580.561,0.09344
2578.633,0.09320
2576.704,0.09294
2574.775,0.09266
2572.847,0.09232
2570.918,0.09197
2568.989,0.09171
2567.061,0.09152
2565.132,0.09127
2563.203,0.09095
2561.275,0.09067
2559.346,0.09049
2557.417,0.09033
2555.489,0.09018
2553.560,0.09010
2551.631,0.09016
2549.703,0.09032
2547.774,0.09048
2545.845,0.09061
2543.917,0.09073
2541.988,0.09082
2540.059,0.09077
2538.131,0.09057
2536.202,0.09036
2534.273,0.09020
2532.345,0.09001
2530.416,0.08975
2528.487,0.08947
2526.559,0.08930
2524.630,0.08922
2522.701,0.08912
2520.773,0.08900
2518.844,0.08895
2516.915,0.08902
2514.987,0.08913
2513.058,0.08923
2511.129,0.08939
2509.201,0.08964
2507.272,0.08990
2505.343,0.09007
2503.415,0.09019
2501.486,0.09033
2499.557,0.09045
2497.628,0.09047
2495.700,0.09042
2493.771,0.09042
2491.842,0.09053
2489.914,0.09067
2487.985,0.09078
2486.056,0.09094
2484.128,0.09119
2482.199,0.09141
2480.270,0.09147
2478.342,0.09141
2476.413,0.09138
2474.484,0.09144
2472.556,0.09148
2470.627,0.09146
2468.698,0.09142
2466.770,0.09139
2464.841,0.09127
2462.912,0.09103
2460.984,0.09078
2459.055,0.09064
2457.126,0.09059
2455.198,0.09053
2453.269,0.09043
2451.340,0.09030
2449.412,0.09016
2447.483,0.08995
2445.554,0.08967
2443.626,0.08938
2441.697,0.08916
2439.768,0.08898
2437.840,0.08882
2435.911,0.08872
2433.982,0.08876
2432.054,0.08892
2430.125,0.08909
2428.196,0.08923
2426.268,0.08937
2424.339,0.08954
2422.410,0.08963
2420.482,0.08953
2418.553,0.08929
2416.624,0.08902
2414.696,0.08881
2412.767,0.08864
2410.838,0.08851
2408.910,0.08847
2406.981,0.08849
2405.052,0.08846
2403.124,0.08834
2401.195,0.08820
2399.266,0.08812
2397.338,0.08811
2395.409,0.08810
2393.480,0.08814
2391.552,0.08830
2389.623,0.08858
2387.694,0.08891
2385.766,0.08924
2383.837,0.08961
2381.908,0.08999
2379.980,0.09027
2378.051,0.09038
2376.122,0.09031
2374.194,0.09012
2372.265,0.08988
2370.336,0.08961
2368.408,0.08936
2366.479,0.08921
2364.550,0.08916
2362.622,0.08916
2360.693,0.08915
2358.764,0.08913
2356.836,0.08915
2354.907,0.08919
2352.978,0.08921
2351.050,0.08919
2349.121,0.08917
2347.192,0.08911
2345.264,0.08895
2343.335,0.08866
2341.406,0.08822
2339.478,0.08770
2337.549,0.08715
2335.620,0.08663
2333.691,0.08620
2331.763,0.08588
2329.834,0.08566
2327.905,0.08550
2325.977,0.08537
2324.048,0.08528
2322.119,0.08527
2320.191,0.08531
2318.262,0.08537
2316.333,0.08546
2314.405,0.08562
2312.476,0.08584
2310.547,0.08611
2308.619,0.08639
2306.690,0.08670
2304.761,0.08702
2302.833,0.08732
2300.904,0.08753
2298.975,0.08763
2297.047,0.08759
2295.118,0.08742
2293.189,0.08712
2291.261,0.08675
2289.332,0.08640
2287.403,0.08613
2285.475,0.08595
2283.546,0.08581
2281.617,0.08570
2279.689,0.08561
2277.760,0.08555
2275.831,0.08548
2273.903,0.08540
2271.974,0.08532
2270.045,0.08529
2268.117,0.08530
2266.188,0.08527
2264.259,0.08515
2262.331,0.08502
2260.402,0.08491
2258.473,0.08480
2256.545,0.08465
2254.616,0.08449
2252.687,0.08439
2250.759,0.08432
2248.830,0.08420
2246.901,0.08400
2244.973,0.08382
2243.044,0.08368
2241.115,0.08354
2239.187,0.08335
2237.258,0.08319
2235.329,0.08312
2233.401,0.08308
2231.472,0.08297
2229.543,0.08280
2227.615,0.08267
2225.686,0.08261
2223.757,0.08253
2221.829,0.08241
2219.900,0.08233
2217.971,0.08234
2216.043,0.08236
2214.114,0.08231
2212.185,0.08223
2210.257,0.08225
2208.328,0.08234
2206.399,0.08238
2204.471,0.08241
2202.542,0.08258
2200.613,0.08288
2198.685,0.08317
2196.756,0.08331
2194.827,0.08339
2192.899,0.08350
2190.970,0.08354
2189.041,0.08341
2187.113,0.08320
2185.184,0.08309
2183.255,0.08310
2181.327,0.08307
2179.398,0.08294
2177.469,0.08284
2175.540,0.08287
2173.612,0.08292
2171.683,0.08290
2169.754,0.08289
2167.826,0.08301
2165.897,0.08319
2163.968,0.08326
2162.040,0.08318
2160.111,0.08309
2158.182,0.08305
2156.254,0.08292
2154.325,0.08266
2152.396,0.08244
2150.468,0.08239
2148.539,0.08239
2146.610,0.08229
2144.682,0.08212
2142.753,0.08205
2140.824,0.08209
2138.896,0.08208
2136.967,0.08198
2135.038,0.08196
2133.110,0.08212
2131.181,0.08228
2129.252,0.08227
2127.324,0.08217
2125.395,0.08214
2123.466,0.08211
2121.538,0.08195
2119.609,0.08171
2117.680,0.08162
2115.752,0.08172
2113.823,0.08179
2111.894,0.08170
2109.966,0.08159
2108.037,0.08162
2106.108,0.08169
2104.180,0.08164
2102.251,0.08154
2100.322,0.08154
2098.394,0.08161
2096.465,0.08154
2094.536,0.08131
2092.608,0.08111
2090.679,0.08100
2088.750,0.08083
2086.822,0.08053
2084.893,0.08026
2082.964,0.08021
2081.036,0.08032
2079.107,0.08040
2077.178,0.08047
2075.250,0.08074
2073.321,0.08120
2071.392,0.08159
2069.464,0.08181
2067.535,0.08197
2065.606,0.08219
2063.678,0.08230
2061.749,0.08217
2059.820,0.08190
2057.892,0.08174
2055.963,0.08169
2054.034,0.08155
2052.106,0.08129
2050.177,0.08109
2048.248,0.08103
2046.320,0.08096
2044.391,0.08079
2042.462,0.08066
2040.534,0.08073
2038.605,0.08092
2036.676,0.08101
2034.748,0.08106
2032.819,0.08126
2030.890,0.08160
2028.962,0.08185
2027.033,0.08189
2025.104,0.08186
2023.176,0.08189
2021.247,0.08189
2019.318,0.08173
2017.390,0.08153
2015.461,0.08151
2013.532,0.08165
2011.603,0.08174
2009.675,0.08174
2007.746,0.08181
2005.817,0.08200
2003.889,0.08210
2001.960,0.08199
2000.031,0.08183
1998.103,0.08185
1996.174,0.08196
1994.245,0.08198
1992.317,0.08191
1990.388,0.08197
1988.459,0.08220
1986.531,0.08241
1984.602,0.08248
1982.673,0.08259
1980.745,0.08286
1978.816,0.08311
1976.887,0.08316
1974.959,0.08309
1973.030,0.08316
1971.101,0.08333
1969.173,0.08341
1967.244,0.08335
1965.315,0.08337
1963.387,0.08356
1961.458,0.08372
1959.529,0.08369
1957.601,0.08359
1955.672,0.08363
1953.743,0.08374
1951.815,0.08373
1949.886,0.08365
1947.957,0.08374
1946.029,0.08399
1944.100,0.08415
1942.171,0.08406
1940.243,0.08392
1938.314,0.08394
1936.385,0.08397
1934.457,0.08383
1932.528,0.08367
1930.599,0.08371
1928.671,0.08389
1926.742,0.08399
1924.813,0.08399
1922.885,0.08408
1920.956,0.08433
1919.027,0.08456
1917.099,0.08456
1915.170,0.08445
1913.241,0.08450
1911.313,0.08461
1909.384,0.08453
1907.455,0.08431
1905.527,0.08422
1903.598,0.08428
1901.669,0.08426
1899.741,0.08411
1897.812,0.08405
1895.883,0.08419
1893.955,0.08437
1892.026,0.08444
1890.097,0.08451
1888.169,0.08473
1886.240,0.08504
1884.311,0.08526
1882.383,0.08537
1880.454,0.08557
1878.525,0.08592
1876.597,0.08618
1874.668,0.08621
1872.739,0.08622
1870.811,0.08643
1868.882,0.08667
1866.953,0.08665
1865.025,0.08650
1863.096,0.08651
1861.167,0.08666
1859.239,0.08668
1857.310,0.08651
1855.381,0.08640
1853.452,0.08647
1851.524,0.08659
1849.595,0.08665
1847.666,0.08679
1845.738,0.08718
1843.809,0.08761
1841.880,0.08778
1839.952,0.08784
1838.023,0.08804
1836.094,0.08837
1834.166,0.08865
1832.237,0.08884
1830.308,0.08909
1828.380,0.08946
1826.451,0.08984
1824.522,0.09006
1822.594,0.09020
1820.665,0.09054
1818.736,0.09105
1816.808,0.09148
1814.879,0.09182
1812.950,0.09231
1811.022,0.09295
1809.093,0.09348
1807.164,0.09378
1805.236,0.09403
1803.307,0.09443
1801.378,0.09481
1799.450,0.09497
1797.521,0.09504
1795.592,0.09535
1793.664,0.09587
1791.735,0.09626
1789.806,0.09644
1787.878,0.09678
1785.949,0.09744
1784.020,0.09815
1782.092,0.09877
1780.163,0.09947
1778.234,0.10037
1776.306,0.10138
1774.377,0.10226
1772.448,0.10291
1770.520,0.10343
1768.591,0.10384
1766.662,0.10405
1764.734,0.10422
1762.805,0.10468
1760.876,0.10547
1758.948,0.10642
1757.019,0.10750
1755.090,0.10894
1753.162,0.11114
1751.233,0.11422
1749.304,0.11812
1747.376,0.12306
1745.447,0.12912
1743.518,0.13549
1741.590,0.14064
1739.661,0.14330
1737.732,0.14329
1735.804,0.14121
1733.875,0.13771
1731.946,0.13361
1730.018,0.12993
1728.089,0.12729
1726.160,0.12562
1724.232,0.12460
1722.303,0.12408
1720.374,0.12417
1718.446,0.12472
1716.517,0.12527
1714.588,0.12567
1712.660,0.12614
1710.731,0.12685
1708.802,0.12767
1706.874,0.12833
1704.945,0.12887
1703.016,0.12959
1701.088,0.13042
1699.159,0.13094
1697.230,0.13126
1695.302,0.13176
1693.373,0.13251
1691.444,0.13335
1689.515,0.13412
1687.587,0.13496
1685.658,0.13608
1683.729,0.13721
1681.801,0.13807
1679.872,0.13897
1677.943,0.14028
1676.015,0.14185
1674.086,0.14331
1672.157,0.14471
1670.229,0.14630
1668.300,0.14804
1666.371,0.14982
1664.443,0.15173
1662.514,0.15386
1660.585,0.15623
1658.657,0.15873
1656.728,0.16135
1654.799,0.16424
1652.871,0.16732
1650.942,0.17039
1649.013,0.17345
1647.085,0.17644
1645.156,0.17929
1643.227,0.18210
1641.299,0.18486
1639.370,0.18764
1637.441,0.19077
1635.513,0.19434
1633.584,0.19816
1631.655,0.20228
1629.727,0.20692
1627.798,0.21218
1625.869,0.21793
1623.941,0.22399
1622.012,0.23043
1620.083,0.23763
1618.155,0.24585
1616.226,0.25491
1614.297,0.26487
1612.369,0.27648
1610.440,0.29079
1608.511,0.30898
1606.583,0.33259
1604.654,0.36300
1602.725,0.39932
1600.797,0.43609
1598.868,0.46495
1596.939,0.48202
1595.011,0.49134
1593.082,0.49445
1591.153,0.48207
1589.225,0.44849
1587.296,0.40605
1585.367,0.37265
1583.439,0.35735
1581.510,0.36086
1579.581,0.37919
1577.653,0.40417
1575.724,0.42470
1573.795,0.43135
1571.867,0.42024
1569.938,0.39283
1568.009,0.35478
1566.081,0.31367
1564.152,0.27519
1562.223,0.24194
1560.295,0.21442
1558.366,0.19249
1556.437,0.17624
1554.509,0.16607
1552.580,0.16220
1550.651,0.16458
1548.723,0.17362
1546.794,0.19079
1544.865,0.21777
1542.937,0.25287
1541.008,0.28745
1539.079,0.31164
1537.151,0.32677
1535.222,0.34051
1533.293,0.35000
1531.364,0.34386
1529.436,0.31979
1527.507,0.28754
1525.578,0.25694
1523.650,0.23193
1521.721,0.21234
1519.792,0.19682
1517.864,0.18441
1515.935,0.17440
1514.006,0.16616
1512.078,0.15930
1510.149,0.15367
1508.220,0.14897
1506.292,0.14456
1504.363,0.14000
1502.434,0.13566
1500.506,0.13217
1498.577,0.12975
1496.648,0.12801
1494.720,0.12647
1492.791,0.12514
1490.862,0.12413
1488.934,0.12323
1487.005,0.12237
1485.076,0.12208
1483.148,0.12305
1481.219,0.12534
1479.290,0.12851
1477.362,0.13243
1475.433,0.13743
1473.504,0.14393
1471.576,0.15232
1469.647,0.16357
1467.718,0.17973
1465.790,0.20399
1463.861,0.23850
1461.932,0.27727
1460.004,0.30100
1458.075,0.29143
1456.146,0.25423
1454.218,0.21138
1452.289,0.17819
1450.360,0.15823
1448.432,0.14959
1446.503,0.14954
1444.574,0.15633
1442.646,0.16963
1440.717,0.18986
1438.788,0.21586
1436.860,0.24166
1434.931,0.25726
1433.002,0.25748
1431.074,0.24837
1429.145,0.24095
1427.216,0.24229
1425.288,0.25065
1423.359,0.25370
1421.430,0.23853
1419.502,0.20885
1417.573,0.18009
1415.644,0.16166
1413.716,0.15364
1411.787,0.15264
1409.858,0.15586
1407.930,0.16216
1406.001,0.17136
1404.072,0.18359
1402.144,0.19957
1400.215,0.22089
1398.286,0.24869
1396.358,0.28116
1394.429,0.31288
1392.500,0.33798
1390.572,0.35211
1388.643,0.35048
1386.714,0.33069
1384.786,0.29788
1382.857,0.26191
1380.928,0.23156
1379.000,0.21124
1377.071,0.19780
1375.142,0.18251
1373.214,0.16274
1371.285,0.14547
1369.356,0.13623
1367.427,0.13408
1365.499,0.13653
1363.570,0.14294
1361.641,0.15382
1359.713,0.16984
1357.784,0.19163
1355.855,0.21802
1353.927,0.24305
1351.998,0.25644
1350.069,0.25186
1348.141,0.23423
1346.212,0.21429
1344.283,0.19879
1342.355,0.18895
1340.426,0.18455
1338.497,0.18518
1336.569,0.18868
1334.640,0.19250
1332.711,0.19688
1330.783,0.20445
1328.854,0.21692
1326.925,0.23347
1324.997,0.25146
1323.068,0.26739
1321.139,0.27848
1319.211,0.28473
1317.282,0.28938
1315.353,0.29577
1313.425,0.30298
1311.496,0.30488
1309.567,0.29530
1307.639,0.27483
1305.710,0.25042
1303.781,0.22892
1301.853,0.21314
1299.924,0.20295
1297.995,0.19764
1296.067,0.19672
1294.138,0.19941
1292.209,0.20495
1290.281,0.21348
1288.352,0.22611
1286.423,0.24422
1284.495,0.26962
1282.566,0.30529
1280.637,0.35405
1278.709,0.41335
1276.780,0.47114
1274.851,0.51349
1272.923,0.54134
1270.994,0.56545
1269.065,0.58249
1267.137,0.57373
1265.208,0.53173
1263.279,0.47241
1261.351,0.41532
1259.422,0.36848
1257.493,0.33123
1255.565,0.30160
1253.636,0.27927
1251.707,0.26461
1249.779,0.25623
1247.850,0.25043
1245.921,0.24501
1243.993,0.24243
1242.064,0.24678
1240.135,0.25986
1238.207,0.27971
1236.278,0.30008
1234.349,0.31287
1232.421,0.31388
1230.492,0.30550
1228.563,0.29359
1226.635,0.28347
1224.706,0.27884
1222.777,0.28189
1220.849,0.29145
1218.920,0.30095
1216.991,0.30176
1215.063,0.29109
1213.134,0.27366
1211.205,0.25547
1209.277,0.23928
1207.348,0.22504
1205.419,0.21239
1203.490,0.20172
1201.562,0.19319
1199.633,0.18590
1197.704,0.17903
1195.776,0.17291
1193.847,0.16818
1191.918,0.16436
1189.990,0.16042
1188.061,0.15644
1186.132,0.15334
1184.204,0.15117
1182.275,0.14883
1180.346,0.14581
1178.418,0.14300
1176.489,0.14102
1174.560,0.13905
1172.632,0.13621
1170.703,0.13307
1168.774,0.13061
1166.846,0.12853
1164.917,0.12577
1162.988,0.12251
1161.060,0.11993
1159.131,0.11827
1157.202,0.11634
1155.274,0.11361
1153.345,0.11105
1151.416,0.10938
1149.488,0.10772
1147.559,0.10513
1145.630,0.10234
1143.702,0.10058
1141.773,0.09952
1139.844,0.09797
1137.916,0.09605
1135.987,0.09510
1134.058,0.09539
1132.130,0.09553
1130.201,0.09451
1128.272,0.09298
1126.344,0.09174
1124.415,0.09024
1122.486,0.08777
1120.558,0.08512
1118.629,0.08358
1116.700,0.08280
1114.772,0.08142
1112.843,0.07942
1110.914,0.07819
1108.986,0.07809
1107.057,0.07785
1105.128,0.07675
1103.200,0.07582
1101.271,0.07593
1099.342,0.07621
1097.414,0.07556
1095.485,0.07468
1093.556,0.07490
1091.628,0.07594
1089.699,0.07640
1087.770,0.07614
1085.842,0.07637
1083.913,0.07729
1081.984,0.07755
1080.056,0.07660
1078.127,0.07575
1076.198,0.07614
1074.270,0.07701
1072.341,0.07729
1070.412,0.07768
1068.484,0.07955
1066.555,0.08265
1064.626,0.08563
1062.698,0.08852
1060.769,0.09264
1058.840,0.09838
1056.912,0.10485
1054.983,0.11202
1053.054,0.12172
1051.126,0.13578
1049.197,0.15484
1047.268,0.18025
1045.339,0.21547
1043.411,0.26164
1041.482,0.30696
1039.553,0.32617
1037.625,0.30782
1035.696,0.26990
1033.767,0.23278
1031.839,0.20319
1029.910,0.18199
1027.981,0.16978
1026.053,0.16611
1024.124,0.16845
1022.195,0.17307
1020.267,0.17684
1018.338,0.17765
1016.409,0.17397
1014.481,0.16529
1012.552,0.15313
1010.623,0.14045
1008.695,0.12912
1006.766,0.11881
1004.837,0.10876
1002.909,0.09985
1000.980,0.09337
999.051,0.08885
997.123,0.08480
995.194,0.08111
993.265,0.07892
991.337,0.07830
989.408,0.07787
987.479,0.07706
985.551,0.07703
983.622,0.07849
981.693,0.08049
979.765,0.08209
977.836,0.08413
975.907,0.08784
973.979,0.09274
972.050,0.09757
970.121,0.10256
968.193,0.10904
966.264,0.11722
964.335,0.12591
962.407,0.13477
960.478,0.14516
958.549,0.15807
956.621,0.17282
954.692,0.18858
952.763,0.20603
950.835,0.22546
948.906,0.24321
946.977,0.25296
945.049,0.25253
943.120,0.24662
941.191,0.24158
939.263,0.24116
937.334,0.24766
935.405,0.26373
933.477,0.29140
931.548,0.33025
929.619,0.37622
927.691,0.42011
925.762,0.44866
923.833,0.45386
921.905,0.44231
919.976,0.42833
918.047,0.42053
916.119,0.41818
914.190,0.41539
912.261,0.40676
910.333,0.39061
908.404,0.36887
906.475,0.34440
904.547,0.31929
902.618,0.29531
900.689,0.27401
898.761,0.25570
896.832,0.23933
894.903,0.22423
892.975,0.21151
891.046,0.20310
889.117,0.20147
887.189,0.21045
885.260,0.23115
883.331,0.25381
881.402,0.26202
879.474,0.25126
877.545,0.23175
875.616,0.21332
873.688,0.19863
871.759,0.18628
869.830,0.17500
867.902,0.16524
865.973,0.15753
864.044,0.15097
862.116,0.14452
860.187,0.13914
858.258,0.13777
856.330,0.14374
854.401,0.15555
852.472,0.16430
850.544,0.16618
848.615,0.17004
846.686,0.18219
844.758,0.19550
842.829,0.19789
840.900,0.18667
838.972,0.16945
837.043,0.15328
835.114,0.14077
833.186,0.13239
831.257,0.12686
829.328,0.12207
827.400,0.11748
825.471,0.11412
823.542,0.11213
821.614,0.11014
819.685,0.10749
817.756,0.10518
815.828,0.10398
813.899,0.10292
811.970,0.10086
810.042,0.09850
808.113,0.09728
806.184,0.09704
804.256,0.09684
802.327,0.09744
800.398,0.10102
798.470,0.10878
796.541,0.12121
794.612,0.14050
792.684,0.17066
790.755,0.21329
788.826,0.26255
786.898,0.30605
784.969,0.33456
783.040,0.34620
781.112,0.33863
779.183,0.31084
777.254,0.27197
775.326,0.23500
773.397,0.20584
771.468,0.18340
769.540,0.16535
767.611,0.15107
765.682,0.14038
763.754,0.13240
761.825,0.12801
759.896,0.13309
757.968,0.15590
756.039,0.19406
754.110,0.22351
752.182,0.22092
750.253,0.19608
748.324,0.17138
746.396,0.15501
744.467,0.14621
742.538,0.14468
740.610,0.14937
738.681,0.15462
736.752,0.15404
734.824,0.14764
732.895,0.14012
730.966,0.13399
729.038,0.12870
727.109,0.12389
725.180,0.12019
723.251,0.11757
721.323,0.11493
719.394,0.11188
717.465,0.10932
715.537,0.10780
713.608,0.10642
711.679,0.10438
709.751,0.10233
707.822,0.10116
705.893,0.10037
703.965,0.09893
702.036,0.09707
700.107,0.09587
698.179,0.09528
696.250,0.09432
694.321,0.09281
692.393,0.09167
690.464,0.09126
688.535,0.09072
686.607,0.08958
684.678,0.08870
682.749,0.08882
680.821,0.08959
678.892,0.09056
676.963,0.09250
675.035,0.09622
673.106,0.10048
671.177,0.10254
669.249,0.10120
667.320,0.09788
665.391,0.09440
663.463,0.09112
661.534,0.08798
659.605,0.08551
657.677,0.08401
655.748,0.08285
653.819,0.08143
651.891,0.08011
649.962,0.07950
648.033,0.07934
646.105,0.07887
644.176,0.07812
642.247,0.07776
640.319,0.07782
638.390,0.07758
636.461,0.07685
634.533,0.07633
632.604,0.07658
630.675,0.07729
628.747,0.07819
626.818,0.07980
624.889,0.08259
622.961,0.08637
621.032,0.09091
619.103,0.09681
617.175,0.10513
615.246,0.11648
613.317,0.13121
611.389,0.14954
609.460,0.17026
607.531,0.18932
605.603,0.20152
603.674,0.20441
601.745,0.19977
599.817,0.19153
597.888,0.18470
595.959,0.18492
594.031,0.19388
592.102,0.20499
590.173,0.21046
588.245,0.20966
586.316,0.20385
584.387,0.19253
582.459,0.17751
580.530,0.16240
578.601,0.14944
576.673,0.13925
574.744,0.13140
572.815,0.12503
570.887,0.11972
568.958,0.11548
567.029,0.11212
565.101,0.10907
563.172,0.10610
561.243,0.10357
559.314,0.10166
557.386,0.09999
555.457,0.09826
553.528,0.09665
551.600,0.09547
549.671,0.09449
547.742,0.09328
545.814,0.09200
543.885,0.09104
541.956,0.09026
540.028,0.08925
538.099,0.08815
536.170,0.08747
534.242,0.08708
532.313,0.08631
530.384,0.08523
528.456,0.08461
526.527,0.08456
524.598,0.08428
522.670,0.08348
520.741,0.08298
518.812,0.08321
516.884,0.08349
514.955,0.08337
513.026,0.08338
511.098,0.08410
509.169,0.08517
507.240,0.08606
505.312,0.08735
503.383,0.08991
501.454,0.09345
499.526,0.09713
497.597,0.10101
495.668,0.10585
493.740,0.11148
491.811,0.11653
489.882,0.12036
487.954,0.12338
486.025,0.12558
484.096,0.12601
482.168,0.12454
480.239,0.12245
478.310,0.12065
476.382,0.11888
474.453,0.11729
472.524,0.11711
470.596,0.11975
468.667,0.12558
466.738,0.13419
464.810,0.14463
462.881,0.15404
460.952,0.15826
459.024,0.15578
457.095,0.14935
455.166,0.14274
453.238,0.13726
451.309,0.13189
449.380,0.12642
447.452,0.12237
445.523,0.12001
443.594,0.11737
441.666,0.11362
439.737,0.11030
437.808,0.10851
435.880,0.10703
433.951,0.10461
432.022,0.10228
430.094,0.10152
428.165,0.10173
426.236,0.10154
424.308,0.10126
422.379,0.10256
420.450,0.10637
418.522,0.11241
416.593,0.12162
414.664,0.13491
412.736,0.14829
410.807,0.15674
408.878,0.16106
406.950,0.16415
405.021,0.16482
403.092,0.16128
401.163,0.16101
399.235,0.17124
