6999.146,0.26552
6997.217,0.26542
6995.288,0.26555
6993.360,0.26559
6991.431,0.26539
6989.502,0.26521
6987.574,0.26520
6985.645,0.26525
6983.716,0.26515
6981.788,0.26489
6979.859,0.26457
6977.930,0.26442
6976.002,0.26450
6974.073,0.26461
6972.144,0.26455
6970.216,0.26439
6968.287,0.26425
6966.358,0.26411
6964.430,0.26400
6962.501,0.26398
6960.572,0.26395
6958.644,0.26383
6956.715,0.26370
6954.786,0.26362
6952.858,0.26357
6950.929,0.26346
6949.000,0.26330
6947.072,0.26323
6945.143,0.26318
6943.214,0.26300
6941.286,0.26280
6939.357,0.26268
6937.428,0.26257
6935.500,0.26244
6933.571,0.26234
6931.642,0.26230
6929.714,0.26233
6927.785,0.26232
6925.856,0.26224
6923.928,0.26211
6921.999,0.26204
6920.070,0.26202
6918.142,0.26196
6916.213,0.26184
6914.284,0.26168
6912.356,0.26149
6910.427,0.26138
6908.498,0.26137
6906.570,0.26137
6904.641,0.26127
6902.712,0.26103
6900.784,0.26080
6898.855,0.26069
6896.926,0.26070
6894.998,0.26074
6893.069,0.26073
6891.140,0.26073
6889.212,0.26069
6887.283,0.26052
6885.354,0.26031
6883.426,0.26016
6881.497,0.26007
6879.568,0.26004
6877.640,0.26000
6875.711,0.25996
6873.782,0.25993
6871.854,0.25986
6869.925,0.25967
6867.996,0.25942
6866.068,0.25922
6864.139,0.25911
6862.210,0.25901
6860.282,0.25893
6858.353,0.25885
6856.424,0.25880
6854.496,0.25879
6852.567,0.25873
6850.638,0.25856
6848.709,0.25837
6846.781,0.25820
6844.852,0.25802
6842.923,0.25786
6840.995,0.25777
6839.066,0.25771
6837.137,0.25764
6835.209,0.25755
6833.280,0.25741
6831.351,0.25727
6829.423,0.25725
6827.494,0.25730
6825.565,0.25725
6823.637,0.25711
6821.708,0.25692
6819.779,0.25671
6817.851,0.25654
6815.922,0.25648
6813.993,0.25644
6812.065,0.25634
6810.136,0.25625
6808.207,0.25617
6806.279,0.25608
6804.350,0.25599
6802.421,0.25593
6800.493,0.25590
6798.564,0.25586
6796.635,0.25577
6794.707,0.25560
6792.778,0.25544
6790.849,0.25534
6788.921,0.25525
6786.992,0.25509
6785.063,0.25493
6783.135,0.25487
6781.206,0.25479
6779.277,0.25465
6777.349,0.25454
6775.420,0.25442
6773.491,0.25423
6771.563,0.25403
6769.634,0.25390
6767.705,0.25386
6765.777,0.25383
6763.848,0.25376
6761.919,0.25362
6759.991,0.25346
6758.062,0.25333
6756.133,0.25328
6754.205,0.25324
6752.276,0.25317
6750.347,0.25300
6748.419,0.25278
6746.490,0.25265
6744.561,0.25262
6742.633,0.25255
6740.704,0.25240
6738.775,0.25224
6736.847,0.25218
6734.918,0.25212
6732.989,0.25193
6731.061,0.25171
6729.132,0.25162
6727.203,0.25165
6725.275,0.25169
6723.346,0.25158
6721.417,0.25136
6719.489,0.25119
6717.560,0.25111
6715.631,0.25100
6713.703,0.25087
6711.774,0.25082
6709.845,0.25080
6707.917,0.25070
6705.988,0.25052
6704.059,0.25035
6702.131,0.25025
6700.202,0.25017
6698.273,0.25003
6696.345,0.24991
6694.416,0.24991
6692.487,0.24997
6690.558,0.24990
6688.630,0.24966
6686.701,0.24945
6684.772,0.24930
6682.844,0.24915
6680.915,0.24907
6678.986,0.24903
6677.058,0.24891
6675.129,0.24873
6673.200,0.24863
6671.272,0.24859
6669.343,0.24850
6667.414,0.24836
6665.486,0.24823
6663.557,0.24806
6661.628,0.24788
6659.700,0.24784
6657.771,0.24795
6655.842,0.24798
6653.914,0.24780
6651.985,0.24753
6650.056,0.24740
6648.128,0.24740
6646.199,0.24740
6644.270,0.24733
6642.342,0.24720
6640.413,0.24700
6638.484,0.24680
6636.556,0.24670
6634.627,0.24666
6632.698,0.24655
6630.770,0.24639
6628.841,0.24627
6626.912,0.24620
6624.984,0.24614
6623.055,0.24606
6621.126,0.24599
6619.198,0.24594
6617.269,0.24587
6615.340,0.24580
6613.412,0.24574
6611.483,0.24563
6609.554,0.24549
6607.626,0.24538
6605.697,0.24527
6603.768,0.24519
6601.840,0.24516
6599.911,0.24515
6597.982,0.24506
6596.054,0.24488
6594.125,0.24473
6592.196,0.24466
6590.268,0.24469
6588.339,0.24471
6586.410,0.24463
6584.482,0.24449
6582.553,0.24438
6580.624,0.24429
6578.696,0.24419
6576.767,0.24410
6574.838,0.24397
6572.910,0.24381
6570.981,0.24379
6569.052,0.24391
6567.124,0.24394
6565.195,0.24384
6563.266,0.24373
6561.338,0.24366
6559.409,0.24363
6557.480,0.24369
6555.552,0.24379
6553.623,0.24390
6551.694,0.24397
6549.766,0.24390
6547.837,0.24370
6545.908,0.24347
6543.980,0.24327
6542.051,0.24306
6540.122,0.24283
6538.194,0.24260
6536.265,0.24236
6534.336,0.24210
6532.408,0.24194
6530.479,0.24190
6528.550,0.24184
6526.621,0.24167
6524.693,0.24147
6522.764,0.24132
6520.835,0.24115
6518.907,0.24095
6516.978,0.24080
6515.049,0.24071
6513.121,0.24063
6511.192,0.24055
6509.263,0.24048
6507.335,0.24040
6505.406,0.24031
6503.477,0.24026
6501.549,0.24020
6499.620,0.24012
6497.691,0.24010
6495.763,0.24008
6493.834,0.23992
6491.905,0.23972
6489.977,0.23956
6488.048,0.23945
6486.119,0.23933
6484.191,0.23920
6482.262,0.23904
6480.333,0.23890
6478.405,0.23873
6476.476,0.23858
6474.547,0.23853
6472.619,0.23853
6470.690,0.23851
6468.761,0.23839
6466.833,0.23825
6464.904,0.23817
6462.975,0.23810
6461.047,0.23795
6459.118,0.23778
6457.189,0.23765
6455.261,0.23761
6453.332,0.23759
6451.403,0.23752
6449.475,0.23739
6447.546,0.23725
6445.617,0.23711
6443.689,0.23700
6441.760,0.23697
6439.831,0.23692
6437.903,0.23677
6435.974,0.23660
6434.045,0.23647
6432.117,0.23637
6430.188,0.23627
6428.259,0.23614
6426.331,0.23601
6424.402,0.23592
6422.473,0.23583
6420.545,0.23571
6418.616,0.23563
6416.687,0.23561
6414.759,0.23556
6412.830,0.23545
6410.901,0.23539
6408.973,0.23538
6407.044,0.23530
6405.115,0.23508
6403.187,0.23491
6401.258,0.23485
6399.329,0.23480
6397.401,0.23473
6395.472,0.23463
6393.543,0.23451
6391.615,0.23438
6389.686,0.23425
6387.757,0.23416
6385.829,0.23408
6383.900,0.23399
6381.971,0.23387
6380.043,0.23376
6378.114,0.23364
6376.185,0.23352
6374.257,0.23345
6372.328,0.23341
6370.399,0.23330
6368.471,0.23320
6366.542,0.23317
6364.613,0.23312
6362.684,0.23301
6360.756,0.23286
6358.827,0.23274
6356.898,0.23266
6354.970,0.23258
6353.041,0.23253
6351.112,0.23244
6349.184,0.23228
6347.255,0.23212
6345.326,0.23203
6343.398,0.23196
6341.469,0.23185
6339.540,0.23178
6337.612,0.23179
6335.683,0.23177
6333.754,0.23166
6331.826,0.23151
6329.897,0.23136
6327.968,0.23124
6326.040,0.23118
6324.111,0.23112
6322.182,0.23098
6320.254,0.23082
6318.325,0.23071
6316.396,0.23066
6314.468,0.23059
6312.539,0.23052
6310.610,0.23044
6308.682,0.23029
6306.753,0.23018
6304.824,0.23015
6302.896,0.23013
6300.967,0.23004
6299.038,0.22988
6297.110,0.22969
6295.181,0.22952
6293.252,0.22944
6291.324,0.22941
6289.395,0.22936
6287.466,0.22931
6285.538,0.22923
6283.609,0.22910
6281.680,0.22902
6279.752,0.22900
6277.823,0.22891
6275.894,0.22871
6273.966,0.22863
6272.037,0.22868
6270.108,0.22867
6268.180,0.22857
6266.251,0.22847
6264.322,0.22835
6262.394,0.22816
6260.465,0.22796
6258.536,0.22784
6256.608,0.22776
6254.679,0.22766
6252.750,0.22757
6250.822,0.22746
6248.893,0.22734
6246.964,0.22729
6245.036,0.22734
6243.107,0.22732
6241.178,0.22717
6239.250,0.22700
6237.321,0.22691
6235.392,0.22685
6233.464,0.22678
6231.535,0.22673
6229.606,0.22669
6227.678,0.22662
6225.749,0.22651
6223.820,0.22640
6221.892,0.22629
6219.963,0.22617
6218.034,0.22606
6216.106,0.22594
6214.177,0.22579
6212.248,0.22567
6210.320,0.22558
6208.391,0.22548
6206.462,0.22535
6204.533,0.22523
6202.605,0.22513
6200.676,0.22508
6198.747,0.22509
6196.819,0.22503
6194.890,0.22489
6192.961,0.22476
6191.033,0.22468
6189.104,0.22457
6187.175,0.22442
6185.247,0.22425
6183.318,0.22413
6181.389,0.22407
6179.461,0.22403
6177.532,0.22397
6175.603,0.22389
6173.675,0.22383
6171.746,0.22380
6169.817,0.22376
6167.889,0.22370
6165.960,0.22361
6164.031,0.22346
6162.103,0.22330
6160.174,0.22324
6158.245,0.22321
6156.317,0.22314
6154.388,0.22305
6152.459,0.22299
6150.531,0.22295
6148.602,0.22290
6146.673,0.22288
6144.745,0.22282
6142.816,0.22269
6140.887,0.22256
6138.959,0.22245
6137.030,0.22237
6135.101,0.22235
6133.173,0.22238
6131.244,0.22237
6129.315,0.22231
6127.387,0.22225
6125.458,0.22221
6123.529,0.22214
6121.601,0.22204
6119.672,0.22195
6117.743,0.22188
6115.815,0.22181
6113.886,0.22176
6111.957,0.22170
6110.029,0.22159
6108.100,0.22145
6106.171,0.22136
6104.243,0.22132
6102.314,0.22127
6100.385,0.22124
6098.457,0.22119
6096.528,0.22107
6094.599,0.22093
6092.671,0.22084
6090.742,0.22077
6088.813,0.22071
6086.885,0.22067
6084.956,0.22062
6083.027,0.22058
6081.099,0.22054
6079.170,0.22048
6077.241,0.22043
6075.313,0.22041
6073.384,0.22043
6071.455,0.22045
6069.527,0.22043
6067.598,0.22039
6065.669,0.22038
6063.741,0.22040
6061.812,0.22042
6059.883,0.22050
6057.955,0.22072
6056.026,0.22099
6054.097,0.22126
6052.169,0.22155
6050.240,0.22181
6048.311,0.22195
6046.383,0.22190
6044.454,0.22158
6042.525,0.22107
6040.596,0.22053
6038.668,0.22008
6036.739,0.21971
6034.810,0.21940
6032.882,0.21914
6030.953,0.21894
6029.024,0.21885
6027.096,0.21883
6025.167,0.21879
6023.238,0.21872
6021.310,0.21865
6019.381,0.21864
6017.452,0.21876
6015.524,0.21892
6013.595,0.21898
6011.666,0.21890
6009.738,0.21871
6007.809,0.21845
6005.880,0.21822
6003.952,0.21803
6002.023,0.21786
6000.094,0.21771
5998.166,0.21766
5996.237,0.21769
5994.308,0.21770
5992.380,0.21768
5990.451,0.21770
5988.522,0.21775
5986.594,0.21781
5984.665,0.21787
5982.736,0.21798
5980.808,0.21822
5978.879,0.21854
5976.950,0.21887
5975.022,0.21925
5973.093,0.21960
5971.164,0.21978
5969.236,0.21974
5967.307,0.21947
5965.378,0.21900
5963.450,0.21845
5961.521,0.21795
5959.592,0.21757
5957.664,0.21732
5955.735,0.21717
5953.806,0.21707
5951.878,0.21697
5949.949,0.21691
5948.020,0.21688
5946.092,0.21687
5944.163,0.21691
5942.234,0.21698
5940.306,0.21703
5938.377,0.21705
5936.448,0.21706
5934.520,0.21708
5932.591,0.21714
5930.662,0.21721
5928.734,0.21728
5926.805,0.21733
5924.876,0.21738
5922.948,0.21749
5921.019,0.21763
5919.090,0.21770
5917.162,0.21768
5915.233,0.21764
5913.304,0.21760
5911.376,0.21752
5909.447,0.21740
5907.518,0.21725
5905.590,0.21711
5903.661,0.21699
5901.732,0.21684
5899.804,0.21670
5897.875,0.21661
5895.946,0.21660
5894.018,0.21667
5892.089,0.21674
5890.160,0.21681
5888.232,0.21690
5886.303,0.21699
5884.374,0.21709
5882.445,0.21718
5880.517,0.21724
5878.588,0.21736
5876.659,0.21754
5874.731,0.21768
5872.802,0.21775
5870.873,0.21779
5868.945,0.21786
5867.016,0.21802
5865.087,0.21823
5863.159,0.21844
5861.230,0.21863
5859.301,0.21877
5857.373,0.21888
5855.444,0.21900
5853.515,0.21910
5851.587,0.21914
5849.658,0.21922
5847.729,0.21934
5845.801,0.21941
5843.872,0.21942
5841.943,0.21940
5840.015,0.21933
5838.086,0.21928
5836.157,0.21922
5834.229,0.21911
5832.300,0.21887
5830.371,0.21854
5828.443,0.21821
5826.514,0.21792
5824.585,0.21762
5822.657,0.21728
5820.728,0.21697
5818.799,0.21673
5816.871,0.21657
5814.942,0.21639
5813.013,0.21621
5811.085,0.21603
5809.156,0.21581
5807.227,0.21561
5805.299,0.21548
5803.370,0.21536
5801.441,0.21514
5799.513,0.21486
5797.584,0.21461
5795.655,0.21435
5793.727,0.21406
5791.798,0.21379
5789.869,0.21354
5787.941,0.21332
5786.012,0.21310
5784.083,0.21290
5782.155,0.21273
5780.226,0.21262
5778.297,0.21247
5776.369,0.21224
5774.440,0.21195
5772.511,0.21164
5770.583,0.21130
5768.654,0.21094
5766.725,0.21055
5764.797,0.21022
5762.868,0.20995
5760.939,0.20972
5759.011,0.20954
5757.082,0.20937
5755.153,0.20921
5753.225,0.20907
5751.296,0.20889
5749.367,0.20872
5747.439,0.20863
5745.510,0.20858
5743.581,0.20850
5741.653,0.20837
5739.724,0.20822
5737.795,0.20809
5735.867,0.20797
5733.938,0.20786
5732.009,0.20780
5730.081,0.20783
5728.152,0.20794
5726.223,0.20810
5724.295,0.20826
5722.366,0.20838
5720.437,0.20848
5718.508,0.20863
5716.580,0.20882
5714.651,0.20906
5712.722,0.20933
5710.794,0.20964
5708.865,0.21001
5706.936,0.21038
5705.008,0.21074
5703.079,0.21108
5701.150,0.21135
5699.222,0.21143
5697.293,0.21127
5695.364,0.21084
5693.436,0.21021
5691.507,0.20951
5689.578,0.20886
5687.650,0.20825
5685.721,0.20765
5683.792,0.20712
5681.864,0.20668
5679.935,0.20630
5678.006,0.20592
5676.078,0.20555
5674.149,0.20522
5672.220,0.20495
5670.292,0.20474
5668.363,0.20454
5666.434,0.20432
5664.506,0.20409
5662.577,0.20387
5660.648,0.20363
5658.720,0.20339
5656.791,0.20320
5654.862,0.20302
5652.934,0.20281
5651.005,0.20258
5649.076,0.20238
5647.148,0.20222
5645.219,0.20206
5643.290,0.20190
5641.362,0.20176
5639.433,0.20164
5637.504,0.20149
5635.576,0.20133
5633.647,0.20118
5631.718,0.20105
5629.790,0.20093
5627.861,0.20081
5625.932,0.20069
5624.004,0.20058
5622.075,0.20047
5620.146,0.20038
5618.218,0.20030
5616.289,0.20022
5614.360,0.20013
5612.432,0.20001
5610.503,0.19988
5608.574,0.19979
5606.646,0.19968
5604.717,0.19955
5602.788,0.19944
5600.860,0.19937
5598.931,0.19930
5597.002,0.19921
5595.074,0.19908
5593.145,0.19890
5591.216,0.19873
5589.288,0.19865
5587.359,0.19863
5585.430,0.19859
5583.502,0.19846
5581.573,0.19831
5579.644,0.19820
5577.716,0.19814
5575.787,0.19811
5573.858,0.19807
5571.930,0.19802
5570.001,0.19793
5568.072,0.19783
5566.144,0.19774
5564.215,0.19765
5562.286,0.19758
5560.357,0.19751
5558.429,0.19742
5556.500,0.19735
5554.571,0.19730
5552.643,0.19723
5550.714,0.19714
5548.785,0.19707
5546.857,0.19704
5544.928,0.19699
5542.999,0.19693
5541.071,0.19686
5539.142,0.19679
5537.213,0.19670
5535.285,0.19663
5533.356,0.19655
5531.427,0.19645
5529.499,0.19633
5527.570,0.19620
5525.641,0.19606
5523.713,0.19591
5521.784,0.19578
5519.855,0.19570
5517.927,0.19565
5515.998,0.19559
5514.069,0.19549
5512.141,0.19537
5510.212,0.19523
5508.283,0.19508
5506.355,0.19497
5504.426,0.19489
5502.497,0.19482
5500.569,0.19473
5498.640,0.19467
5496.711,0.19459
5494.783,0.19447
5492.854,0.19434
5490.925,0.19425
5488.997,0.19418
5487.068,0.19415
5485.139,0.19415
5483.211,0.19411
5481.282,0.19401
5479.353,0.19387
5477.425,0.19371
5475.496,0.19358
5473.567,0.19354
5471.639,0.19354
5469.710,0.19348
5467.781,0.19338
5465.853,0.19329
5463.924,0.19321
5461.995,0.19312
5460.067,0.19307
5458.138,0.19303
5456.209,0.19300
5454.281,0.19295
5452.352,0.19286
5450.423,0.19272
5448.495,0.19262
5446.566,0.19253
5444.637,0.19243
5442.709,0.19232
5440.780,0.19225
5438.851,0.19220
5436.923,0.19207
5434.994,0.19195
5433.065,0.19192
5431.137,0.19189
5429.208,0.19179
5427.279,0.19173
5425.351,0.19170
5423.422,0.19166
5421.493,0.19161
5419.565,0.19155
5417.636,0.19144
5415.707,0.19128
5413.779,0.19115
5411.850,0.19110
5409.921,0.19109
5407.993,0.19109
5406.064,0.19103
5404.135,0.19092
5402.207,0.19082
5400.278,0.19075
5398.349,0.19068
5396.420,0.19056
5394.492,0.19045
5392.563,0.19041
5390.634,0.19039
5388.706,0.19032
5386.777,0.19023
5384.848,0.19017
5382.920,0.19015
5380.991,0.19009
5379.062,0.18998
5377.134,0.18986
5375.205,0.18981
5373.276,0.18982
5371.348,0.18980
5369.419,0.18973
5367.490,0.18967
5365.562,0.18962
5363.633,0.18955
5361.704,0.18950
5359.776,0.18949
5357.847,0.18946
5355.918,0.18937
5353.990,0.18926
5352.061,0.18922
5350.132,0.18917
5348.204,0.18906
5346.275,0.18894
5344.346,0.18889
5342.418,0.18889
5340.489,0.18882
5338.560,0.18875
5336.632,0.18873
5334.703,0.18872
5332.774,0.18868
5330.846,0.18861
5328.917,0.18850
5326.988,0.18840
5325.060,0.18835
5323.131,0.18829
5321.202,0.18820
5319.274,0.18811
5317.345,0.18801
5315.416,0.18793
5313.488,0.18785
5311.559,0.18776
5309.630,0.18762
5307.702,0.18749
5305.773,0.18740
5303.844,0.18732
5301.916,0.18725
5299.987,0.18718
5298.058,0.18709
5296.130,0.18700
5294.201,0.18690
5292.272,0.18678
5290.344,0.18667
5288.415,0.18659
5286.486,0.18652
5284.558,0.18644
5282.629,0.18634
5280.700,0.18623
5278.772,0.18618
5276.843,0.18616
5274.914,0.18613
5272.986,0.18604
5271.057,0.18592
5269.128,0.18580
5267.200,0.18569
5265.271,0.18557
5263.342,0.18550
5261.414,0.18545
5259.485,0.18537
5257.556,0.18526
5255.628,0.18518
5253.699,0.18518
5251.770,0.18517
5249.842,0.18503
5247.913,0.18485
5245.984,0.18474
5244.056,0.18469
5242.127,0.18466
5240.198,0.18461
5238.269,0.18460
5236.341,0.18460
5234.412,0.18452
5232.483,0.18437
5230.555,0.18426
5228.626,0.18419
5226.697,0.18412
5224.769,0.18406
5222.840,0.18404
5220.911,0.18402
5218.983,0.18398
5217.054,0.18395
5215.125,0.18393
5213.197,0.18389
5211.268,0.18378
5209.339,0.18361
5207.411,0.18348
5205.482,0.18347
5203.553,0.18351
5201.625,0.18351
5199.696,0.18343
5197.767,0.18333
5195.839,0.18329
5193.910,0.18326
5191.981,0.18318
5190.053,0.18308
5188.124,0.18299
5186.195,0.18291
5184.267,0.18288
5182.338,0.18288
5180.409,0.18286
5178.481,0.18280
5176.552,0.18274
5174.623,0.18268
5172.695,0.18264
5170.766,0.18260
5168.837,0.18255
5166.909,0.18246
5164.980,0.18236
5163.051,0.18228
5161.123,0.18222
5159.194,0.18215
5157.265,0.18208
5155.337,0.18200
5153.408,0.18193
5151.479,0.18187
5149.551,0.18180
5147.622,0.18175
5145.693,0.18170
5143.765,0.18162
5141.836,0.18154
5139.907,0.18148
5137.979,0.18147
5136.050,0.18148
5134.121,0.18145
5132.193,0.18139
5130.264,0.18136
5128.335,0.18134
5126.407,0.18132
5124.478,0.18130
5122.549,0.18125
5120.621,0.18117
5118.692,0.18110
5116.763,0.18103
5114.835,0.18094
5112.906,0.18083
5110.977,0.18071
5109.049,0.18061
5107.120,0.18049
5105.191,0.18037
5103.263,0.18025
5101.334,0.18015
5099.405,0.18006
5097.477,0.17998
5095.548,0.17991
5093.619,0.17985
5091.691,0.17980
5089.762,0.17977
5087.833,0.17974
5085.905,0.17971
5083.976,0.17965
5082.047,0.17954
5080.119,0.17940
5078.190,0.17927
5076.261,0.17916
5074.332,0.17905
5072.404,0.17890
5070.475,0.17875
5068.546,0.17866
5066.618,0.17858
5064.689,0.17845
5062.760,0.17829
5060.832,0.17819
5058.903,0.17815
5056.974,0.17812
5055.046,0.17803
5053.117,0.17792
5051.188,0.17786
5049.260,0.17783
5047.331,0.17778
5045.402,0.17770
5043.474,0.17762
5041.545,0.17753
5039.616,0.17744
5037.688,0.17735
5035.759,0.17728
5033.830,0.17722
5031.902,0.17715
5029.973,0.17708
5028.044,0.17700
5026.116,0.17692
5024.187,0.17684
5022.258,0.17675
5020.330,0.17668
5018.401,0.17665
5016.472,0.17660
5014.544,0.17649
5012.615,0.17638
5010.686,0.17627
5008.758,0.17618
5006.829,0.17611
5004.900,0.17605
5002.972,0.17598
5001.043,0.17590
4999.114,0.17583
4997.186,0.17577
4995.257,0.17571
4993.328,0.17564
4991.400,0.17556
4989.471,0.17550
4987.542,0.17543
4985.614,0.17536
4983.685,0.17527
4981.756,0.17517
4979.828,0.17509
4977.899,0.17501
4975.970,0.17491
4974.042,0.17483
4972.113,0.17477
4970.184,0.17470
4968.256,0.17463
4966.327,0.17455
4964.398,0.17448
4962.470,0.17441
4960.541,0.17435
4958.612,0.17429
4956.684,0.17422
4954.755,0.17412
4952.826,0.17403
4950.898,0.17395
4948.969,0.17388
4947.040,0.17382
4945.112,0.17377
4943.183,0.17372
4941.254,0.17365
4939.326,0.17357
4937.397,0.17350
4935.468,0.17345
4933.540,0.17339
4931.611,0.17330
4929.682,0.17320
4927.754,0.17313
4925.825,0.17307
4923.896,0.17300
4921.968,0.17292
4920.039,0.17287
4918.110,0.17287
4916.181,0.17286
4914.253,0.17281
4912.324,0.17272
4910.395,0.17266
4908.467,0.17258
4906.538,0.17248
4904.609,0.17242
4902.681,0.17237
4900.752,0.17231
4898.823,0.17225
4896.895,0.17222
4894.966,0.17224
4893.037,0.17234
4891.109,0.17251
4889.180,0.17273
4887.251,0.17294
4885.323,0.17306
4883.394,0.17299
4881.465,0.17274
4879.537,0.17239
4877.608,0.17207
4875.679,0.17181
4873.751,0.17160
4871.822,0.17139
4869.893,0.17121
4867.965,0.17108
4866.036,0.17099
4864.107,0.17092
4862.179,0.17087
4860.250,0.17082
4858.321,0.17072
4856.393,0.17062
4854.464,0.17058
4852.535,0.17056
4850.607,0.17049
4848.678,0.17039
4846.749,0.17032
4844.821,0.17023
4842.892,0.17012
4840.963,0.17006
4839.035,0.17002
4837.106,0.16997
4835.177,0.16988
4833.249,0.16977
4831.320,0.16969
4829.391,0.16964
4827.463,0.16963
4825.534,0.16962
4823.605,0.16958
4821.677,0.16949
4819.748,0.16944
4817.819,0.16944
4815.891,0.16939
4813.962,0.16928
4812.033,0.16919
4810.105,0.16917
4808.176,0.16915
4806.247,0.16912
4804.319,0.16907
4802.390,0.16901
4800.461,0.16893
4798.533,0.16886
4796.604,0.16879
4794.675,0.16871
4792.747,0.16861
4790.818,0.16852
4788.889,0.16844
4786.961,0.16835
4785.032,0.16824
4783.103,0.16815
4781.175,0.16811
4779.246,0.16809
4777.317,0.16805
4775.389,0.16799
4773.460,0.16792
4771.531,0.16782
4769.603,0.16772
4767.674,0.16765
4765.745,0.16758
4763.817,0.16751
4761.888,0.16744
4759.959,0.16737
4758.031,0.16730
4756.102,0.16724
4754.173,0.16719
4752.244,0.16713
4750.316,0.16706
4748.387,0.16699
4746.458,0.16696
4744.530,0.16692
4742.601,0.16684
4740.672,0.16676
4738.744,0.16671
4736.815,0.16667
4734.886,0.16660
4732.958,0.16654
4731.029,0.16649
4729.100,0.16643
4727.172,0.16636
4725.243,0.16631
4723.314,0.16626
4721.386,0.16618
4719.457,0.16611
4717.528,0.16604
4715.600,0.16596
4713.671,0.16590
4711.742,0.16587
4709.814,0.16584
4707.885,0.16579
4705.956,0.16576
4704.028,0.16572
4702.099,0.16565
4700.170,0.16560
4698.242,0.16562
4696.313,0.16569
4694.384,0.16575
4692.456,0.16579
4690.527,0.16583
4688.598,0.16585
4686.670,0.16582
4684.741,0.16580
4682.812,0.16582
4680.884,0.16584
4678.955,0.16585
4677.026,0.16588
4675.098,0.16590
4673.169,0.16589
4671.240,0.16586
4669.312,0.16578
4667.383,0.16565
4665.454,0.16552
4663.526,0.16541
4661.597,0.16533
4659.668,0.16525
4657.740,0.16518
4655.811,0.16512
4653.882,0.16508
4651.954,0.16500
4650.025,0.16486
4648.096,0.16472
4646.168,0.16464
4644.239,0.16458
4642.310,0.16452
4640.382,0.16448
4638.453,0.16447
4636.524,0.16447
4634.596,0.16446
4632.667,0.16440
4630.738,0.16430
4628.810,0.16416
4626.881,0.16403
4624.952,0.16392
4623.024,0.16382
4621.095,0.16369
4619.166,0.16352
4617.238,0.16334
4615.309,0.16319
4613.380,0.16306
4611.452,0.16295
4609.523,0.16284
4607.594,0.16273
4605.666,0.16266
4603.737,0.16263
4601.808,0.16259
4599.880,0.16253
4597.951,0.16246
4596.022,0.16239
4594.093,0.16236
4592.165,0.16233
4590.236,0.16230
4588.307,0.16228
4586.379,0.16227
4584.450,0.16226
4582.521,0.16225
4580.593,0.16224
4578.664,0.16222
4576.735,0.16220
4574.807,0.16217
4572.878,0.16214
4570.949,0.16213
4569.021,0.16212
4567.092,0.16213
4565.163,0.16212
4563.235,0.16206
4561.306,0.16200
4559.377,0.16195
4557.449,0.16189
4555.520,0.16186
4553.591,0.16183
4551.663,0.16179
4549.734,0.16172
4547.805,0.16166
4545.877,0.16161
4543.948,0.16155
4542.019,0.16152
4540.091,0.16150
4538.162,0.16150
4536.233,0.16150
4534.305,0.16152
4532.376,0.16158
4530.447,0.16169
4528.519,0.16184
4526.590,0.16204
4524.661,0.16229
4522.733,0.16246
4520.804,0.16242
4518.875,0.16216
4516.947,0.16182
4515.018,0.16152
4513.089,0.16130
4511.161,0.16121
4509.232,0.16119
4507.303,0.16119
4505.375,0.16126
4503.446,0.16143
4501.517,0.16165
4499.589,0.16188
4497.660,0.16215
4495.731,0.16249
4493.803,0.16287
4491.874,0.16329
4489.945,0.16382
4488.017,0.16459
4486.088,0.16580
4484.159,0.16767
4482.231,0.17032
4480.302,0.17333
4478.373,0.17552
4476.445,0.17574
4474.516,0.17393
4472.587,0.17121
4470.659,0.16883
4468.730,0.16737
4466.801,0.16681
4464.873,0.16692
4462.944,0.16743
4461.015,0.16799
4459.087,0.16827
4457.158,0.16813
4455.229,0.16768
4453.301,0.16711
4451.372,0.16635
4449.443,0.16533
4447.515,0.16410
4445.586,0.16288
4443.657,0.16184
4441.729,0.16104
4439.800,0.16048
4437.871,0.16010
4435.943,0.15982
4434.014,0.15964
4432.085,0.15956
4430.156,0.15955
4428.228,0.15960
4426.299,0.15969
4424.370,0.15978
4422.442,0.15977
4420.513,0.15969
4418.584,0.15964
4416.656,0.15961
4414.727,0.15956
4412.798,0.15947
4410.870,0.15938
4408.941,0.15928
4407.012,0.15918
4405.084,0.15912
4403.155,0.15910
4401.226,0.15910
4399.298,0.15912
4397.369,0.15920
4395.440,0.15935
4393.512,0.15958
4391.583,0.15988
4389.654,0.16012
4387.726,0.16017
4385.797,0.16006
4383.868,0.15994
4381.940,0.15990
4380.011,0.15993
4378.082,0.15999
4376.154,0.16008
4374.225,0.16017
4372.296,0.16017
4370.368,0.16003
4368.439,0.15978
4366.510,0.15950
4364.582,0.15925
4362.653,0.15907
4360.724,0.15897
4358.796,0.15897
4356.867,0.15905
4354.938,0.15918
4353.010,0.15928
4351.081,0.15935
4349.152,0.15945
4347.224,0.15965
4345.295,0.15992
4343.366,0.16020
4341.438,0.16049
4339.509,0.16085
4337.580,0.16132
4335.652,0.16192
4333.723,0.16266
4331.794,0.16355
4329.866,0.16462
4327.937,0.16585
4326.008,0.16709
4324.080,0.16798
4322.151,0.16803
4320.222,0.16704
4318.294,0.16540
4316.365,0.16376
4314.436,0.16250
4312.508,0.16170
4310.579,0.16121
4308.650,0.16085
4306.722,0.16049
4304.793,0.16011
4302.864,0.15981
4300.936,0.15966
4299.007,0.15967
4297.078,0.15985
4295.150,0.16016
4293.221,0.16050
4291.292,0.16076
4289.364,0.16086
4287.435,0.16075
4285.506,0.16049
4283.578,0.16025
4281.649,0.16023
4279.720,0.16051
4277.792,0.16111
4275.863,0.16189
4273.934,0.16263
4272.005,0.16298
4270.077,0.16274
4268.148,0.16200
4266.219,0.16113
4264.291,0.16043
4262.362,0.16001
4260.433,0.15991
4258.505,0.16003
4256.576,0.16025
4254.647,0.16041
4252.719,0.16035
4250.790,0.15986
4248.861,0.15894
4246.933,0.15788
4245.004,0.15696
4243.075,0.15632
4241.147,0.15596
4239.218,0.15582
4237.289,0.15583
4235.361,0.15592
4233.432,0.15604
4231.503,0.15618
4229.575,0.15632
4227.646,0.15647
4225.717,0.15664
4223.789,0.15688
4221.860,0.15717
4219.931,0.15740
4218.003,0.15749
4216.074,0.15744
4214.145,0.15722
4212.217,0.15692
4210.288,0.15662
4208.359,0.15639
4206.431,0.15626
4204.502,0.15626
4202.573,0.15640
4200.645,0.15659
4198.716,0.15678
4196.787,0.15697
4194.859,0.15718
4192.930,0.15740
4191.001,0.15757
4189.073,0.15770
4187.144,0.15779
4185.215,0.15787
4183.287,0.15792
4181.358,0.15795
4179.429,0.15791
4177.501,0.15776
4175.572,0.15749
4173.643,0.15719
4171.715,0.15696
4169.786,0.15691
4167.857,0.15713
4165.929,0.15764
4164.000,0.15812
4162.071,0.15808
4160.143,0.15736
4158.214,0.15631
4156.285,0.15536
4154.357,0.15467
4152.428,0.15422
4150.499,0.15392
4148.571,0.15372
4146.642,0.15356
4144.713,0.15338
4142.785,0.15319
4140.856,0.15299
4138.927,0.15282
4136.999,0.15268
4135.070,0.15255
4133.141,0.15241
4131.213,0.15226
4129.284,0.15213
4127.355,0.15203
4125.427,0.15196
4123.498,0.15191
4121.569,0.15184
4119.641,0.15177
4117.712,0.15173
4115.783,0.15175
4113.855,0.15176
4111.926,0.15173
4109.997,0.15172
4108.068,0.15173
4106.140,0.15173
4104.211,0.15172
4102.282,0.15169
4100.354,0.15162
4098.425,0.15153
4096.496,0.15144
4094.568,0.15131
4092.639,0.15114
4090.710,0.15094
4088.782,0.15075
4086.853,0.15059
4084.924,0.15045
4082.996,0.15037
4081.067,0.15040
4079.138,0.15056
4077.210,0.15085
4075.281,0.15134
4073.352,0.15209
4071.424,0.15315
4069.495,0.15441
4067.566,0.15554
4065.638,0.15607
4063.709,0.15580
4061.780,0.15499
4059.852,0.15409
4057.923,0.15336
4055.994,0.15277
4054.066,0.15220
4052.137,0.15155
4050.208,0.15088
4048.280,0.15027
4046.351,0.14977
4044.422,0.14944
4042.494,0.14927
4040.565,0.14926
4038.636,0.14939
4036.708,0.14967
4034.779,0.15016
4032.850,0.15090
4030.922,0.15181
4028.993,0.15269
4027.064,0.15324
4025.136,0.15334
4023.207,0.15309
4021.278,0.15269
4019.350,0.15223
4017.421,0.15169
4015.492,0.15100
4013.564,0.15017
4011.635,0.14929
4009.706,0.14853
4007.778,0.14795
4005.849,0.14754
4003.920,0.14726
4001.992,0.14714
4000.063,0.14711
3998.134,0.14715
3996.206,0.14727
3994.277,0.14750
3992.348,0.14782
3990.420,0.14820
3988.491,0.14857
3986.562,0.14882
3984.634,0.14895
3982.705,0.14907
3980.776,0.14927
3978.848,0.14949
3976.919,0.14955
3974.990,0.14942
3973.062,0.14920
3971.133,0.14906
3969.204,0.14913
3967.276,0.14952
3965.347,0.15020
3963.418,0.15109
3961.490,0.15205
3959.561,0.15282
3957.632,0.15312
3955.704,0.15276
3953.775,0.15180
3951.846,0.15054
3949.917,0.14927
3947.989,0.14819
3946.060,0.14734
3944.131,0.14668
3942.203,0.14622
3940.274,0.14595
3938.345,0.14579
3936.417,0.14567
3934.488,0.14558
3932.559,0.14566
3930.631,0.14600
3928.702,0.14645
3926.773,0.14692
3924.845,0.14749
3922.916,0.14815
3920.987,0.14870
3919.059,0.14899
3917.130,0.14901
3915.201,0.14872
3913.273,0.14808
3911.344,0.14726
3909.415,0.14642
3907.487,0.14558
3905.558,0.14480
3903.629,0.14424
3901.701,0.14394
3899.772,0.14383
3897.843,0.14386
3895.915,0.14384
3893.986,0.14365
3892.057,0.14346
3890.129,0.14338
3888.200,0.14323
3886.271,0.14302
3884.343,0.14294
3882.414,0.14288
3880.485,0.14283
3878.557,0.14291
3876.628,0.14292
3874.699,0.14282
3872.771,0.14270
3870.842,0.14258
3868.913,0.14257
3866.985,0.14263
3865.056,0.14263
3863.127,0.14270
3861.199,0.14288
3859.270,0.14289
3857.341,0.14246
3855.413,0.14183
3853.484,0.14162
3851.555,0.14196
3849.627,0.14230
3847.698,0.14237
3845.769,0.14223
3843.841,0.14198
3841.912,0.14171
3839.983,0.14148
3838.055,0.14132
3836.126,0.14120
3834.197,0.14110
3832.269,0.14109
3830.340,0.14113
3828.411,0.14109
3826.483,0.14101
3824.554,0.14088
3822.625,0.14064
3820.697,0.14051
3818.768,0.14052
3816.839,0.14047
3814.911,0.14040
3812.982,0.14037
3811.053,0.14025
3809.125,0.14001
3807.196,0.13981
3805.267,0.13973
3803.339,0.13958
3801.410,0.13938
3799.481,0.13926
3797.553,0.13919
3795.624,0.13919
3793.695,0.13922
3791.767,0.13921
3789.838,0.13917
3787.909,0.13908
3785.980,0.13897
3784.052,0.13892
3782.123,0.13888
3780.194,0.13880
3778.266,0.13884
3776.337,0.13896
3774.408,0.13896
3772.480,0.13880
3770.551,0.13863
3768.622,0.13859
3766.694,0.13860
3764.765,0.13860
3762.836,0.13857
3760.908,0.13849
3758.979,0.13841
3757.050,0.13838
3755.122,0.13825
3753.193,0.13796
3751.264,0.13768
3749.336,0.13759
3747.407,0.13747
3745.478,0.13724
3743.550,0.13732
3741.621,0.13764
3739.692,0.13765
3737.764,0.13731
3735.835,0.13706
3733.906,0.13720
3731.978,0.13753
3730.049,0.13768
3728.120,0.13759
3726.192,0.13746
3724.263,0.13740
3722.334,0.13736
3720.406,0.13737
3718.477,0.13745
3716.548,0.13746
3714.620,0.13731
3712.691,0.13715
3710.762,0.13719
3708.834,0.13741
3706.905,0.13765
3704.976,0.13776
3703.048,0.13779
3701.119,0.13789
3699.190,0.13810
3697.262,0.13826
3695.333,0.13828
3693.404,0.13817
3691.476,0.13808
3689.547,0.13818
3687.618,0.13839
3685.690,0.13855
3683.761,0.13864
3681.832,0.13863
3679.904,0.13851
3677.975,0.13828
3676.046,0.13815
3674.118,0.13821
3672.189,0.13829
3670.260,0.13835
3668.332,0.13857
3666.403,0.13885
3664.474,0.13905
3662.546,0.13923
3660.617,0.13938
3658.688,0.13940
3656.760,0.13945
3654.831,0.13967
3652.902,0.13980
3650.974,0.13985
3649.045,0.14015
3647.116,0.14077
3645.188,0.14141
3643.259,0.14184
3641.330,0.14201
3639.402,0.14196
3637.473,0.14176
3635.544,0.14158
3633.616,0.14148
3631.687,0.14137
3629.758,0.14137
3627.830,0.14181
3625.901,0.14248
3623.972,0.14299
3622.043,0.14333
3620.115,0.14374
3618.186,0.14437
3616.257,0.14510
3614.329,0.14578
3612.400,0.14641
3610.471,0.14696
3608.543,0.14749
3606.614,0.14812
3604.685,0.14866
3602.757,0.14887
3600.828,0.14887
3598.899,0.14888
3596.971,0.14894
3595.042,0.14910
3593.113,0.14940
3591.185,0.14970
3589.256,0.14993
3587.327,0.15030
3585.399,0.15093
3583.470,0.15156
3581.541,0.15206
3579.613,0.15252
3577.684,0.15303
3575.755,0.15352
3573.827,0.15392
3571.898,0.15418
3569.969,0.15432
3568.041,0.15448
3566.112,0.15489
3564.183,0.15547
3562.255,0.15600
3560.326,0.15639
3558.397,0.15675
3556.469,0.15714
3554.540,0.15749
3552.611,0.15780
3550.683,0.15815
3548.754,0.15852
3546.825,0.15888
3544.897,0.15928
3542.968,0.15974
3541.039,0.16021
3539.111,0.16061
3537.182,0.16098
3535.253,0.16140
3533.325,0.16182
3531.396,0.16217
3529.467,0.16250
3527.539,0.16289
3525.610,0.16329
3523.681,0.16368
3521.753,0.16412
3519.824,0.16454
3517.895,0.16489
3515.967,0.16521
3514.038,0.16553
3512.109,0.16584
3510.181,0.16617
3508.252,0.16655
3506.323,0.16696
3504.395,0.16733
3502.466,0.16770
3500.537,0.16815
3498.609,0.16862
3496.680,0.16904
3494.751,0.16948
3492.823,0.16997
3490.894,0.17052
3488.965,0.17109
3487.037,0.17166
3485.108,0.17219
3483.179,0.17259
3481.251,0.17286
3479.322,0.17308
3477.393,0.17327
3475.465,0.17344
3473.536,0.17364
3471.607,0.17390
3469.679,0.17423
3467.750,0.17460
3465.821,0.17496
3463.892,0.17534
3461.964,0.17572
3460.035,0.17612
3458.106,0.17652
3456.178,0.17692
3454.249,0.17729
3452.320,0.17767
3450.392,0.17806
3448.463,0.17841
3446.534,0.17873
3444.606,0.17901
3442.677,0.17922
3440.748,0.17936
3438.820,0.17945
3436.891,0.17956
3434.962,0.17966
3433.034,0.17974
3431.105,0.17980
3429.176,0.17986
3427.248,0.17985
3425.319,0.17980
3423.390,0.17977
3421.462,0.17974
3419.533,0.17968
3417.604,0.17959
3415.676,0.17945
3413.747,0.17929
3411.818,0.17912
3409.890,0.17895
3407.961,0.17877
3406.032,0.17856
3404.104,0.17833
3402.175,0.17811
3400.246,0.17786
3398.318,0.17756
3396.389,0.17724
3394.460,0.17695
3392.532,0.17663
3390.603,0.17630
3388.674,0.17594
3386.746,0.17557
3384.817,0.17517
3382.888,0.17475
3380.960,0.17433
3379.031,0.17387
3377.102,0.17335
3375.174,0.17281
3373.245,0.17226
3371.316,0.17166
3369.388,0.17100
3367.459,0.17034
3365.530,0.16971
3363.602,0.16908
3361.673,0.16843
3359.744,0.16781
3357.816,0.16722
3355.887,0.16664
3353.958,0.16611
3352.030,0.16564
3350.101,0.16517
3348.172,0.16467
3346.244,0.16421
3344.315,0.16380
3342.386,0.16339
3340.458,0.16301
3338.529,0.16270
3336.600,0.16242
3334.672,0.16209
3332.743,0.16180
3330.814,0.16163
3328.886,0.16152
3326.957,0.16140
3325.028,0.16131
3323.100,0.16128
3321.171,0.16124
3319.242,0.16118
3317.314,0.16119
3315.385,0.16135
3313.456,0.16162
3311.528,0.16201
3309.599,0.16251
3307.670,0.16292
3305.742,0.16305
3303.813,0.16300
3301.884,0.16300
3299.955,0.16312
3298.027,0.16337
3296.098,0.16371
3294.169,0.16395
3292.241,0.16400
3290.312,0.16403
3288.383,0.16438
3286.455,0.16523
3284.526,0.16663
3282.597,0.16885
3280.669,0.17235
3278.740,0.17705
3276.811,0.18173
3274.883,0.18448
3272.954,0.18348
3271.025,0.17850
3269.097,0.17200
3267.168,0.16683
3265.239,0.16375
3263.311,0.16202
3261.382,0.16102
3259.453,0.16045
3257.525,0.16004
3255.596,0.15969
3253.667,0.15940
3251.739,0.15918
3249.810,0.15893
3247.881,0.15863
3245.953,0.15835
3244.024,0.15808
3242.095,0.15775
3240.167,0.15742
3238.238,0.15715
3236.309,0.15687
3234.381,0.15652
3232.452,0.15622
3230.523,0.15600
3228.595,0.15574
3226.666,0.15548
3224.737,0.15529
3222.809,0.15510
3220.880,0.15479
3218.951,0.15449
3217.023,0.15428
3215.094,0.15408
3213.165,0.15380
3211.237,0.15353
3209.308,0.15332
3207.379,0.15308
3205.451,0.15282
3203.522,0.15263
3201.593,0.15243
3199.665,0.15213
3197.736,0.15182
3195.807,0.15160
3193.879,0.15139
3191.950,0.15116
3190.021,0.15099
3188.093,0.15088
3186.164,0.15072
3184.235,0.15054
3182.307,0.15047
3180.378,0.15043
3178.449,0.15031
3176.521,0.15020
3174.592,0.15012
3172.663,0.14997
3170.735,0.14971
3168.806,0.14949
3166.877,0.14932
3164.949,0.14907
3163.020,0.14877
3161.091,0.14855
3159.163,0.14836
3157.234,0.14815
3155.305,0.14799
3153.377,0.14797
3151.448,0.14797
3149.519,0.14794
3147.591,0.14803
3145.662,0.14830
3143.733,0.14863
3141.804,0.14909
3139.876,0.14984
3137.947,0.15077
3136.018,0.15152
3134.090,0.15183
3132.161,0.15166
3130.232,0.15109
3128.304,0.15038
3126.375,0.14982
3124.446,0.14942
3122.518,0.14901
3120.589,0.14856
3118.660,0.14816
3116.732,0.14774
3114.803,0.14723
3112.874,0.14678
3110.946,0.14651
3109.017,0.14635
3107.088,0.14623
3105.160,0.14617
3103.231,0.14612
3101.302,0.14595
3099.374,0.14566
3097.445,0.14536
3095.516,0.14503
3093.588,0.14469
3091.659,0.14445
3089.730,0.14439
3087.802,0.14443
3085.873,0.14451
3083.944,0.14468
3082.016,0.14490
3080.087,0.14514
3078.158,0.14542
3076.230,0.14583
3074.301,0.14628
3072.372,0.14675
3070.444,0.14729
3068.515,0.14790
3066.586,0.14851
3064.658,0.14912
3062.729,0.14980
3060.800,0.15051
3058.872,0.15119
3056.943,0.15184
3055.014,0.15253
3053.086,0.15322
3051.157,0.15387
3049.228,0.15449
3047.300,0.15510
3045.371,0.15574
3043.442,0.15658
3041.514,0.15780
3039.585,0.15948
3037.656,0.16170
3035.728,0.16477
3033.799,0.16920
3031.870,0.17584
3029.942,0.18602
3028.013,0.20067
3026.084,0.21721
3024.156,0.22693
3022.227,0.22152
3020.298,0.20407
3018.370,0.18557
3016.441,0.17285
3014.512,0.16604
3012.584,0.16294
3010.655,0.16176
3008.726,0.16167
3006.798,0.16238
3004.869,0.16376
3002.940,0.16576
3001.012,0.16848
2999.083,0.17208
2997.154,0.17689
2995.226,0.18355
2993.297,0.19330
2991.368,0.20809
2989.440,0.22989
2987.511,0.25621
2985.582,0.27442
2983.654,0.27053
2981.725,0.24894
2979.796,0.22703
2977.867,0.21438
2975.939,0.21036
2974.010,0.21190
2972.081,0.21704
2970.153,0.22465
2968.224,0.23406
2966.295,0.24489
2964.367,0.25672
2962.438,0.26875
2960.509,0.27974
2958.581,0.28816
2956.652,0.29246
2954.723,0.29181
2952.795,0.28717
2950.866,0.28176
2948.937,0.27953
2947.009,0.28277
2945.080,0.29162
2943.151,0.30528
2941.223,0.32295
2939.294,0.34412
2937.365,0.36843
2935.437,0.39571
2933.508,0.42602
2931.579,0.45944
2929.651,0.49626
2927.722,0.53776
2925.793,0.58604
2923.865,0.64204
2921.936,0.70237
2920.007,0.75597
2918.079,0.78092
2916.150,0.75460
2914.221,0.68453
2912.293,0.60586
2910.364,0.54371
2908.435,0.50147
2906.507,0.47191
2904.578,0.44835
2902.649,0.42740
2900.721,0.40571
2898.792,0.38028
2896.863,0.35204
2894.935,0.32498
2893.006,0.30206
2891.077,0.28342
2889.149,0.26771
2887.220,0.25375
2885.291,0.24118
2883.363,0.23025
2881.434,0.22147
2879.505,0.21540
2877.577,0.21228
2875.648,0.21155
2873.719,0.21179
2871.791,0.21158
2869.862,0.21095
2867.933,0.21196
2866.005,0.21729
2864.076,0.22874
2862.147,0.24671
2860.219,0.27094
2858.290,0.30234
2856.361,0.34463
2854.433,0.40316
2852.504,0.47630
2850.575,0.53589
2848.647,0.52986
2846.718,0.45516
2844.789,0.36681
2842.861,0.29927
2840.932,0.25457
2839.003,0.22505
2837.075,0.20444
2835.146,0.18932
2833.217,0.17793
2831.289,0.16908
2829.360,0.16192
2827.431,0.15605
2825.503,0.15120
2823.574,0.14705
2821.645,0.14346
2819.716,0.14041
2817.788,0.13779
2815.859,0.13540
2813.930,0.13326
2812.002,0.13142
2810.073,0.12976
2808.144,0.12818
2806.216,0.12678
2804.287,0.12555
2802.358,0.12437
2800.430,0.12322
2798.501,0.12221
2796.572,0.12128
2794.644,0.12035
2792.715,0.11952
2790.786,0.11889
2788.858,0.11837
2786.929,0.11794
2785.000,0.11772
2783.072,0.11771
2781.143,0.11778
2779.214,0.11799
2777.286,0.11851
2775.357,0.11938
2773.428,0.12049
2771.500,0.12169
2769.571,0.12264
2767.642,0.12277
2765.714,0.12177
2763.785,0.11995
2761.856,0.11791
2759.928,0.11603
2757.999,0.11449
2756.070,0.11333
2754.142,0.11248
2752.213,0.11185
2750.284,0.11145
2748.356,0.11128
2746.427,0.11123
2744.498,0.11119
2742.570,0.11114
2740.641,0.11108
2738.712,0.11095
2736.784,0.11079
2734.855,0.11069
2732.926,0.11065
2730.998,0.11057
2729.069,0.11042
2727.140,0.11024
2725.212,0.11004
2723.283,0.10981
2721.354,0.10962
2719.426,0.10946
2717.497,0.10935
2715.568,0.10927
2713.640,0.10925
2711.711,0.10926
2709.782,0.10930
2707.854,0.10935
2705.925,0.10944
2703.996,0.10957
2702.068,0.10979
2700.139,0.11013
2698.210,0.11055
2696.282,0.11100
2694.353,0.11147
2692.424,0.11200
2690.496,0.11261
2688.567,0.11333
2686.638,0.11416
2684.710,0.11511
2682.781,0.11621
2680.852,0.11742
2678.924,0.11866
2676.995,0.11994
2675.066,0.12131
2673.138,0.12266
2671.209,0.12372
2669.280,0.12434
2667.352,0.12467
2665.423,0.12498
2663.494,0.12533
2661.566,0.12554
2659.637,0.12524
2657.708,0.12412
2655.779,0.12229
2653.851,0.12020
2651.922,0.11826
2649.993,0.11669
2648.065,0.11557
2646.136,0.11488
2644.207,0.11453
2642.279,0.11440
2640.350,0.11438
2638.421,0.11433
2636.493,0.11409
2634.564,0.11363
2632.635,0.11305
2630.707,0.11240
2628.778,0.11165
2626.849,0.11082
2624.921,0.10999
2622.992,0.10918
2621.063,0.10842
2619.135,0.10781
2617.206,0.10738
2615.277,0.10710
2613.349,0.10697
2611.420,0.10706
2609.491,0.10734
2607.563,0.10777
2605.634,0.10837
2603.705,0.10910
2601.777,0.10984
2599.848,0.11046
2597.919,0.11097
2595.991,0.11140
2594.062,0.11176
2592.133,0.11210
2590.205,0.11247
2588.276,0.11285
2586.347,0.11321
2584.419,0.11358
2582.490,0.11390
2580.561,0.11403
2578.633,0.11398
2576.704,0.11394
2574.775,0.11413
2572.847,0.11463
2570.918,0.11559
2568.989,0.11710
2567.061,0.11909
2565.132,0.12137
2563.203,0.12369
2561.275,0.12557
2559.346,0.12639
2557.417,0.12581
2555.489,0.12411
2553.560,0.12200
2551.631,0.12017
2549.703,0.11919
2547.774,0.11942
2545.845,0.12063
2543.917,0.12180
2541.988,0.12182
2540.059,0.12054
2538.131,0.11850
2536.202,0.11599
2534.273,0.11319
2532.345,0.11070
2530.416,0.10902
2528.487,0.10820
2526.559,0.10802
2524.630,0.10817
2522.701,0.10840
2520.773,0.10861
2518.844,0.10872
2516.915,0.10874
2514.987,0.10878
2513.058,0.10899
2511.129,0.10929
2509.201,0.10946
2507.272,0.10937
2505.343,0.10903
2503.415,0.10860
2501.486,0.10824
2499.557,0.10807
2497.628,0.10799
2495.700,0.10786
2493.771,0.10764
2491.842,0.10741
2489.914,0.10715
2487.985,0.10686
2486.056,0.10664
2484.128,0.10650
2482.199,0.10637
2480.270,0.10626
2478.342,0.10623
2476.413,0.10621
2474.484,0.10610
2472.556,0.10602
2470.627,0.10603
2468.698,0.10608
2466.770,0.10608
2464.841,0.10606
2462.912,0.10601
2460.984,0.10583
2459.055,0.10554
2457.126,0.10525
2455.198,0.10496
2453.269,0.10468
2451.340,0.10452
2449.412,0.10455
2447.483,0.10470
2445.554,0.10488
2443.626,0.10509
2441.697,0.10532
2439.768,0.10546
2437.840,0.10552
2435.911,0.10560
2433.982,0.10572
2432.054,0.10582
2430.125,0.10595
2428.196,0.10617
2426.268,0.10642
2424.339,0.10670
2422.410,0.10711
2420.482,0.10768
2418.553,0.10834
2416.624,0.10907
2414.696,0.10990
2412.767,0.11076
2410.838,0.11161
2408.910,0.11252
2406.981,0.11355
2405.052,0.11450
2403.124,0.11508
2401.195,0.11507
2399.266,0.11439
2397.338,0.11317
2395.409,0.11180
2393.480,0.11063
2391.552,0.10977
2389.623,0.10915
2387.694,0.10872
2385.766,0.10844
2383.837,0.10822
2381.908,0.10796
2379.980,0.10769
2378.051,0.10750
2376.122,0.10740
2374.194,0.10738
2372.265,0.10745
2370.336,0.10759
2368.408,0.10770
2366.479,0.10778
2364.550,0.10787
2362.622,0.10803
2360.693,0.10826
2358.764,0.10859
2356.836,0.10904
2354.907,0.10954
2352.978,0.11001
2351.050,0.11047
2349.121,0.11087
2347.192,0.11115
2345.264,0.11135
2343.335,0.11161
2341.406,0.11192
2339.478,0.11209
2337.549,0.11209
2335.620,0.11212
2333.691,0.11225
2331.763,0.11237
2329.834,0.11241
2327.905,0.11235
2325.977,0.11213
2324.048,0.11181
2322.119,0.11147
2320.191,0.11118
2318.262,0.11088
2316.333,0.11060
2314.405,0.11040
2312.476,0.11028
2310.547,0.11021
2308.619,0.11022
2306.690,0.11034
2304.761,0.11050
2302.833,0.11061
2300.904,0.11062
2298.975,0.11053
2297.047,0.11033
2295.118,0.11006
2293.189,0.10986
2291.261,0.10976
2289.332,0.10971
2287.403,0.10973
2285.475,0.10983
2283.546,0.11001
2281.617,0.11023
2279.689,0.11051
2277.760,0.11082
2275.831,0.11101
2273.903,0.11100
2271.974,0.11090
2270.045,0.11081
2268.117,0.11070
2266.188,0.11061
2264.259,0.11062
2262.331,0.11063
2260.402,0.11052
2258.473,0.11035
2256.545,0.11025
2254.616,0.11017
2252.687,0.11013
2250.759,0.11019
2248.830,0.11038
2246.901,0.11059
2244.973,0.11080
2243.044,0.11105
2241.115,0.11130
2239.187,0.11147
2237.258,0.11161
2235.329,0.11182
2233.401,0.11204
2231.472,0.11222
2229.543,0.11247
2227.615,0.11282
2225.686,0.11313
2223.757,0.11334
2221.829,0.11349
2219.900,0.11353
2217.971,0.11341
2216.043,0.11324
2214.114,0.11314
2212.185,0.11304
2210.257,0.11287
2208.328,0.11269
2206.399,0.11258
2204.471,0.11247
2202.542,0.11235
2200.613,0.11238
2198.685,0.11254
2196.756,0.11273
2194.827,0.11295
2192.899,0.11328
2190.970,0.11363
2189.041,0.11382
2187.113,0.11393
2185.184,0.11403
2183.255,0.11405
2181.327,0.11398
2179.398,0.11398
2177.469,0.11405
2175.540,0.11405
2173.612,0.11404
2171.683,0.11413
2169.754,0.11428
2167.826,0.11437
2165.897,0.11449
2163.968,0.11473
2162.040,0.11501
2160.111,0.11527
2158.182,0.11559
2156.254,0.11596
2154.325,0.11625
2152.396,0.11647
2150.468,0.11673
2148.539,0.11697
2146.610,0.11707
2144.682,0.11711
2142.753,0.11720
2140.824,0.11726
2138.896,0.11724
2136.967,0.11728
2135.038,0.11740
2133.110,0.11749
2131.181,0.11753
2129.252,0.11761
2127.324,0.11770
2125.395,0.11771
2123.466,0.11771
2121.538,0.11780
2119.609,0.11790
2117.680,0.11797
2115.752,0.11817
2113.823,0.11852
2111.894,0.11891
2109.966,0.11926
2108.037,0.11956
2106.108,0.11964
2104.180,0.11940
2102.251,0.11905
2100.322,0.11890
2098.394,0.11891
2096.465,0.11898
2094.536,0.11910
2092.608,0.11924
2090.679,0.11929
2088.750,0.11923
2086.822,0.11918
2084.893,0.11913
2082.964,0.11908
2081.036,0.11912
2079.107,0.11933
2077.178,0.11960
2075.250,0.11981
2073.321,0.12003
2071.392,0.12029
2069.464,0.12051
2067.535,0.12072
2065.606,0.12105
2063.678,0.12147
2061.749,0.12185
2059.820,0.12223
2057.892,0.12269
2055.963,0.12314
2054.034,0.12353
2052.106,0.12401
2050.177,0.12460
2048.248,0.12515
2046.320,0.12563
2044.391,0.12614
2042.462,0.12666
2040.534,0.12712
2038.605,0.12762
2036.676,0.12826
2034.748,0.12897
2032.819,0.12971
2030.890,0.13052
2028.962,0.13133
2027.033,0.13192
2025.104,0.13228
2023.176,0.13247
2021.247,0.13232
2019.318,0.13174
2017.390,0.13112
2015.461,0.13082
2013.532,0.13077
2011.603,0.13091
2009.675,0.13135
2007.746,0.13206
2005.817,0.13283
2003.889,0.13363
2001.960,0.13452
2000.031,0.13534
1998.103,0.13587
1996.174,0.13618
1994.245,0.13643
1992.317,0.13654
1990.388,0.13641
1988.459,0.13624
1986.531,0.13616
1984.602,0.13617
1982.673,0.13631
1980.745,0.13666
1978.816,0.13705
1976.887,0.13724
1974.959,0.13732
1973.030,0.13742
1971.101,0.13746
1969.173,0.13743
1967.244,0.13756
1965.315,0.13794
1963.387,0.13833
1961.458,0.13869
1959.529,0.13922
1957.601,0.13985
1955.672,0.14044
1953.743,0.14107
1951.815,0.14189
1949.886,0.14275
1947.957,0.14352
1946.029,0.14432
1944.100,0.14522
1942.171,0.14609
1940.243,0.14695
1938.314,0.14793
1936.385,0.14901
1934.457,0.15004
1932.528,0.15111
1930.599,0.15227
1928.671,0.15325
1926.742,0.15392
1924.813,0.15461
1922.885,0.15559
1920.956,0.15668
1919.027,0.15766
1917.099,0.15869
1915.170,0.15968
1913.241,0.16038
1911.313,0.16088
1909.384,0.16142
1907.455,0.16193
1905.527,0.16235
1903.598,0.16294
1901.669,0.16395
1899.741,0.16523
1897.812,0.16657
1895.883,0.16787
1893.955,0.16882
1892.026,0.16906
1890.097,0.16870
1888.169,0.16808
1886.240,0.16734
1884.311,0.16674
1882.383,0.16682
1880.454,0.16764
1878.525,0.16872
1876.597,0.16967
1874.668,0.17052
1872.739,0.17131
1870.811,0.17203
1868.882,0.17309
1866.953,0.17487
1865.025,0.17702
1863.096,0.17889
1861.167,0.18017
1859.239,0.18069
1857.310,0.18039
1855.381,0.17987
1853.452,0.17997
1851.524,0.18086
1849.595,0.18202
1847.666,0.18321
1845.738,0.18459
1843.809,0.18616
1841.880,0.18765
1839.952,0.18901
1838.023,0.19040
1836.094,0.19173
1834.166,0.19286
1832.237,0.19398
1830.308,0.19531
1828.380,0.19671
1826.451,0.19814
1824.522,0.19986
1822.594,0.20186
1820.665,0.20384
1818.736,0.20586
1816.808,0.20818
1814.879,0.21062
1812.950,0.21289
1811.022,0.21517
1809.093,0.21758
1807.164,0.21981
1805.236,0.22170
1803.307,0.22365
1801.378,0.22592
1799.450,0.22830
1797.521,0.23073
1795.592,0.23339
1793.664,0.23612
1791.735,0.23878
1789.806,0.24158
1787.878,0.24459
1785.949,0.24748
1784.020,0.25024
1782.092,0.25319
1780.163,0.25642
1778.234,0.25964
1776.306,0.26290
1774.377,0.26654
1772.448,0.27061
1770.520,0.27492
1768.591,0.27963
1766.662,0.28490
1764.734,0.29035
1762.805,0.29576
1760.876,0.30151
1758.948,0.30767
1757.019,0.31398
1755.090,0.32050
1753.162,0.32739
1751.233,0.33441
1749.304,0.34116
1747.376,0.34758
1745.447,0.35359
1743.518,0.35883
1741.590,0.36321
1739.661,0.36711
1737.732,0.37064
1735.804,0.37375
1733.875,0.37698
1731.946,0.38081
1730.018,0.38498
1728.089,0.38925
1726.160,0.39394
1724.232,0.39943
1722.303,0.40570
1720.374,0.41261
1718.446,0.42036
1716.517,0.42900
1714.588,0.43828
1712.660,0.44825
1710.731,0.45905
1708.802,0.47051
1706.874,0.48265
1704.945,0.49583
1703.016,0.50997
1701.088,0.52482
1699.159,0.54056
1697.230,0.55737
1695.302,0.57540
1693.373,0.59495
1691.444,0.61663
1689.515,0.64119
1687.587,0.66903
1685.658,0.70062
1683.729,0.73703
1681.801,0.77968
1679.872,0.82998
1677.943,0.88849
1676.015,0.95539
1674.086,1.03424
1672.157,1.13411
1670.229,1.26555
1668.300,1.43516
1666.371,1.64305
1664.443,1.87811
1662.514,2.10607
1660.585,2.27242
1658.657,2.34905
1656.728,2.36564
1654.799,2.36777
1652.871,2.38413
1650.942,2.43529
1649.013,2.53196
1647.085,2.65918
1645.156,2.72083
1643.227,2.54945
1641.299,2.21944
1639.370,1.90362
1637.441,1.64990
1635.513,1.45288
1633.584,1.29921
1631.655,1.17633
1629.727,1.07391
1627.798,0.98550
1625.869,0.90843
1623.941,0.84135
1622.012,0.78229
1620.083,0.72956
1618.155,0.68247
1616.226,0.64092
1614.297,0.60549
1612.369,0.57961
1610.440,0.56451
1608.511,0.54909
1606.583,0.52138
1604.654,0.48701
1602.725,0.45644
1600.797,0.43135
1598.868,0.40981
1596.939,0.39090
1595.011,0.37425
1593.082,0.35932
1591.153,0.34559
1589.225,0.33278
1587.296,0.32056
1585.367,0.30873
1583.439,0.29763
1581.510,0.28768
1579.581,0.27875
1577.653,0.27058
1575.724,0.26323
1573.795,0.25649
1571.867,0.24981
1569.938,0.24306
1568.009,0.23660
1566.081,0.23049
1564.152,0.22475
1562.223,0.21966
1560.295,0.21537
1558.366,0.21189
1556.437,0.20918
1554.509,0.20706
1552.580,0.20511
1550.651,0.20291
1548.723,0.20040
1546.794,0.19751
1544.865,0.19389
1542.937,0.18936
1541.008,0.18415
1539.079,0.17846
1537.151,0.17238
1535.222,0.16629
1533.293,0.16083
1531.364,0.15617
1529.436,0.15192
1527.507,0.14799
1525.578,0.14449
1523.650,0.14123
1521.721,0.13820
1519.792,0.13581
1517.864,0.13434
1515.935,0.13423
1514.006,0.13660
1512.078,0.14211
1510.149,0.14840
1508.220,0.15011
1506.292,0.14463
1504.363,0.13554
1502.434,0.12739
1500.506,0.12156
1498.577,0.11770
1496.648,0.11547
1494.720,0.11473
1492.791,0.11567
1490.862,0.11899
1488.934,0.12596
1487.005,0.13915
1485.076,0.16378
1483.148,0.20742
1481.219,0.27519
1479.290,0.36053
1477.362,0.44357
1475.433,0.50424
1473.504,0.52581
1471.576,0.50151
1469.647,0.45420
1467.718,0.40878
1465.790,0.36855
1463.861,0.32493
1461.932,0.27193
1460.004,0.22047
1458.075,0.18583
1456.146,0.16802
1454.218,0.15807
1452.289,0.15059
1450.360,0.14442
1448.432,0.13942
1446.503,0.13526
1444.574,0.13159
1442.646,0.12833
1440.717,0.12558
1438.788,0.12330
1436.860,0.12158
1434.931,0.12068
1433.002,0.12056
1431.074,0.12118
1429.145,0.12279
1427.216,0.12557
1425.288,0.12943
1423.359,0.13414
1421.430,0.13947
1419.502,0.14529
1417.573,0.15153
1415.644,0.15810
1413.716,0.16525
1411.787,0.17369
1409.858,0.18417
1407.930,0.19758
1406.001,0.21515
1404.072,0.23839
1402.144,0.26825
1400.215,0.30296
1398.286,0.33481
1396.358,0.35081
1394.429,0.34341
1392.500,0.32188
1390.572,0.30444
1388.643,0.29880
1386.714,0.29429
1384.786,0.27446
1382.857,0.23922
1380.928,0.20352
1379.000,0.17750
1377.071,0.16114
1375.142,0.15143
1373.214,0.14661
1371.285,0.14549
1369.356,0.14665
1367.427,0.14886
1365.499,0.15150
1363.570,0.15460
1361.641,0.15846
1359.713,0.16307
1357.784,0.16823
1355.855,0.17373
1353.927,0.17939
1351.998,0.18511
1350.069,0.19097
1348.141,0.19713
1346.212,0.20384
1344.283,0.21142
1342.355,0.22004
1340.426,0.22967
1338.497,0.24029
1336.569,0.25198
1334.640,0.26479
1332.711,0.27881
1330.783,0.29421
1328.854,0.31093
1326.925,0.32871
1324.997,0.34782
1323.068,0.36935
1321.139,0.39459
1319.211,0.42476
1317.282,0.46156
1315.353,0.50795
1313.425,0.56903
1311.496,0.65198
1309.567,0.76053
1307.639,0.87396
1305.710,0.91943
1303.781,0.84914
1301.853,0.74281
1299.924,0.68313
1297.995,0.69149
1296.067,0.76128
1294.138,0.88563
1292.209,1.06887
1290.281,1.32189
1288.352,1.64375
1286.423,1.96865
1284.495,2.00492
1282.566,1.69904
1280.637,1.43191
1278.709,1.31919
1276.780,1.36379
1274.851,1.54376
1272.923,1.79873
1270.994,1.93969
1269.065,1.75397
1267.137,1.44953
1265.208,1.19769
1263.279,1.01084
1261.351,0.87349
1259.422,0.77452
1257.493,0.70003
1255.565,0.63457
1253.636,0.57398
1251.707,0.52224
1249.779,0.48032
1247.850,0.44588
1245.921,0.41682
1243.993,0.39191
1242.064,0.37014
1240.135,0.35040
1238.207,0.33194
1236.278,0.31482
1234.349,0.29929
1232.421,0.28520
1230.492,0.27238
1228.563,0.26088
1226.635,0.25045
1224.706,0.24076
1222.777,0.23188
1220.849,0.22389
1218.920,0.21654
1216.991,0.20969
1215.063,0.20348
1213.134,0.19773
1211.205,0.19212
1209.277,0.18687
1207.348,0.18225
1205.419,0.17790
1203.490,0.17362
1201.562,0.17012
1199.633,0.16854
1197.704,0.16993
1195.776,0.17419
1193.847,0.17851
1191.918,0.17842
1189.990,0.17232
1188.061,0.16286
1186.132,0.15332
1184.204,0.14504
1182.275,0.13828
1180.346,0.13321
1178.418,0.12965
1176.489,0.12721
1174.560,0.12587
1172.632,0.12555
1170.703,0.12546
1168.774,0.12494
1166.846,0.12434
1164.917,0.12413
1162.988,0.12426
1161.060,0.12477
1159.131,0.12534
1157.202,0.12435
1155.274,0.12031
1153.345,0.11413
1151.416,0.10806
1149.488,0.10324
1147.559,0.09975
1145.630,0.09748
1143.702,0.09599
1141.773,0.09482
1139.844,0.09405
1137.916,0.09386
1135.987,0.09387
1134.058,0.09367
1132.130,0.09334
1130.201,0.09290
1128.272,0.09212
1126.344,0.09110
1124.415,0.09018
1122.486,0.08937
1120.558,0.08868
1118.629,0.08844
1116.700,0.08857
1114.772,0.08836
1112.843,0.08757
1110.914,0.08674
1108.986,0.08612
1107.057,0.08561
1105.128,0.08541
1103.200,0.08570
1101.271,0.08617
1099.342,0.08667
1097.414,0.08747
1095.485,0.08851
1093.556,0.08945
1091.628,0.09041
1089.699,0.09178
1087.770,0.09348
1085.842,0.09542
1083.913,0.09791
1081.984,0.10093
1080.056,0.10396
1078.127,0.10691
1076.198,0.11011
1074.270,0.11352
1072.341,0.11707
1070.412,0.12124
1068.484,0.12640
1066.555,0.13229
1064.626,0.13882
1062.698,0.14642
1060.769,0.15530
1058.840,0.16548
1056.912,0.17753
1054.983,0.19221
1053.054,0.20997
1051.126,0.23170
1049.197,0.25945
1047.268,0.29609
1045.339,0.34574
1043.411,0.41461
1041.482,0.50743
1039.553,0.61099
1037.625,0.66985
1035.696,0.62975
1033.767,0.52931
1031.839,0.43354
1029.910,0.36373
1027.981,0.31582
1026.053,0.28237
1024.124,0.25906
1022.195,0.24430
1020.267,0.23799
1018.338,0.24043
1016.409,0.25238
1014.481,0.27618
1012.552,0.31641
1010.623,0.38105
1008.695,0.48124
1006.766,0.62230
1004.837,0.78073
1002.909,0.88776
1000.980,0.88192
999.051,0.78213
997.123,0.64744
995.194,0.51987
993.265,0.41574
991.337,0.33694
989.408,0.28041
987.479,0.24123
985.551,0.21341
983.622,0.19220
981.693,0.17545
979.765,0.16210
977.836,0.15112
975.907,0.14186
973.979,0.13420
972.050,0.12837
970.121,0.12466
968.193,0.12294
966.264,0.12310
964.335,0.12543
962.407,0.13019
960.478,0.13738
958.549,0.14718
956.621,0.16004
954.692,0.17619
952.763,0.19564
950.835,0.21868
948.906,0.24585
946.977,0.27808
945.049,0.31639
943.120,0.35877
941.191,0.39527
939.263,0.41030
937.334,0.39674
935.405,0.36417
933.477,0.32750
931.548,0.29485
929.619,0.26766
927.691,0.24562
925.762,0.22906
923.833,0.21883
921.905,0.21522
919.976,0.21742
918.047,0.22397
916.119,0.23397
914.190,0.24721
912.261,0.26361
910.333,0.28311
908.404,0.30558
906.475,0.33038
904.547,0.35595
902.618,0.38005
900.689,0.40026
898.761,0.41489
896.832,0.42431
894.903,0.43119
892.975,0.43895
891.046,0.45034
889.117,0.46731
887.189,0.49150
885.260,0.52481
883.331,0.56989
881.402,0.63036
879.474,0.71061
877.545,0.81504
875.616,0.94663
873.688,1.10312
871.759,1.26706
869.830,1.38952
867.902,1.40853
865.973,1.34080
864.044,1.26977
862.116,1.24692
860.187,1.27874
858.258,1.34817
856.330,1.43086
854.401,1.50613
852.472,1.56172
850.544,1.59110
848.615,1.58922
846.686,1.55044
844.758,1.47610
842.829,1.38649
840.900,1.30789
838.972,1.24711
837.043,1.18665
835.114,1.10848
833.186,1.01564
831.257,0.92182
829.328,0.83626
827.400,0.76230
825.471,0.70009
823.542,0.64867
821.614,0.60676
819.685,0.57251
817.756,0.54357
815.828,0.51799
813.899,0.49450
811.970,0.47195
810.042,0.44949
808.113,0.42729
806.184,0.40590
804.256,0.38556
802.327,0.36650
800.398,0.34898
798.470,0.33289
796.541,0.31795
794.612,0.30407
792.684,0.29121
790.755,0.27913
788.826,0.26772
786.898,0.25709
784.969,0.24725
783.040,0.23803
781.112,0.22951
779.183,0.22197
777.254,0.21552
775.326,0.21046
773.397,0.20774
771.468,0.20844
769.540,0.21318
767.611,0.22260
765.682,0.23815
763.754,0.26365
761.825,0.30874
759.896,0.39252
757.968,0.53850
756.039,0.73125
754.110,0.81284
752.182,0.69642
750.253,0.58190
748.324,0.55225
746.396,0.56553
744.467,0.55703
742.538,0.51252
740.610,0.45713
738.681,0.40802
736.752,0.36951
734.824,0.34252
732.895,0.32777
730.966,0.31908
729.038,0.30331
727.109,0.27857
725.180,0.25709
723.251,0.24901
721.323,0.25332
719.394,0.25455
717.465,0.24104
715.537,0.22574
713.608,0.22720
711.679,0.25444
709.751,0.31693
707.822,0.42655
705.893,0.57662
703.965,0.70251
702.036,0.70926
700.107,0.62036
698.179,0.52049
696.250,0.44265
694.321,0.38723
692.393,0.34815
690.464,0.32027
688.535,0.29986
686.607,0.28424
684.678,0.27170
682.749,0.26117
680.821,0.25174
678.892,0.24298
676.963,0.23489
675.035,0.22746
673.106,0.22069
671.177,0.21471
669.249,0.20946
667.320,0.20450
665.391,0.19972
663.463,0.19539
661.534,0.19148
659.605,0.18770
657.677,0.18413
655.748,0.18092
653.819,0.17773
651.891,0.17433
649.962,0.17095
648.033,0.16766
646.105,0.16420
644.176,0.16062
642.247,0.15714
640.319,0.15365
638.390,0.15021
636.461,0.14735
634.533,0.14572
632.604,0.14688
630.675,0.15666
628.747,0.18952
626.818,0.26342
624.889,0.36918
622.961,0.44035
621.032,0.43657
619.103,0.40537
617.175,0.36479
615.246,0.31017
613.317,0.26164
611.389,0.23111
609.460,0.21304
607.531,0.20131
605.603,0.19304
603.674,0.18662
601.745,0.18144
599.817,0.17730
597.888,0.17369
595.959,0.17022
594.031,0.16705
592.102,0.16429
590.173,0.16175
588.245,0.15936
586.316,0.15723
584.387,0.15522
582.459,0.15335
580.530,0.15183
578.601,0.15056
576.673,0.14923
574.744,0.14789
572.815,0.14673
570.887,0.14565
568.958,0.14455
567.029,0.14348
565.101,0.14247
563.172,0.14147
561.243,0.14053
559.314,0.13968
557.386,0.13876
555.457,0.13776
553.528,0.13693
551.600,0.13631
549.671,0.13565
547.742,0.13494
545.814,0.13434
543.885,0.13379
541.956,0.13320
540.028,0.13263
538.099,0.13216
536.170,0.13172
534.242,0.13126
532.313,0.13085
530.384,0.13026
528.456,0.12942
526.527,0.12859
524.598,0.12797
522.670,0.12756
520.741,0.12728
518.812,0.12704
516.884,0.12677
514.955,0.12642
513.026,0.12609
511.098,0.12577
509.169,0.12537
507.240,0.12501
505.312,0.12475
503.383,0.12444
501.454,0.12419
499.526,0.12403
497.597,0.12368
495.668,0.12327
493.740,0.12315
491.811,0.12318
489.882,0.12300
487.954,0.12281
486.025,0.12290
484.096,0.12312
482.168,0.12321
480.239,0.12329
478.310,0.12351
476.382,0.12360
474.453,0.12358
472.524,0.12389
470.596,0.12474
468.667,0.12665
466.738,0.13087
464.810,0.13920
462.881,0.15356
460.952,0.17164
459.024,0.18301
457.095,0.17880
455.166,0.16364
453.238,0.14807
451.309,0.13697
449.380,0.13011
447.452,0.12612
445.523,0.12362
443.594,0.12168
441.666,0.12035
439.737,0.11996
437.808,0.11983
435.880,0.11923
433.951,0.11874
432.022,0.11884
430.094,0.11922
428.165,0.11974
426.236,0.11999
424.308,0.11947
422.379,0.11885
420.450,0.11922
418.522,0.12017
416.593,0.12021
414.664,0.11911
412.736,0.11869
410.807,0.12097
408.878,0.12542
406.950,0.12978
405.021,0.13338
403.092,0.13669
401.163,0.14103
399.235,0.14920
