6999.146,0.27545
6997.217,0.27534
6995.288,0.27531
6993.360,0.27529
6991.431,0.27516
6989.502,0.27496
6987.574,0.27476
6985.645,0.27461
6983.716,0.27443
6981.788,0.27417
6979.859,0.27410
6977.930,0.27426
6976.002,0.27436
6974.073,0.27428
6972.144,0.27418
6970.216,0.27410
6968.287,0.27396
6966.358,0.27376
6964.430,0.27358
6962.501,0.27351
6960.572,0.27346
6958.644,0.27333
6956.715,0.27319
6954.786,0.27311
6952.858,0.27307
6950.929,0.27302
6949.000,0.27293
6947.072,0.27281
6945.143,0.27267
6943.214,0.27252
6941.286,0.27245
6939.357,0.27237
6937.428,0.27213
6935.500,0.27194
6933.571,0.27191
6931.642,0.27190
6929.714,0.27180
6927.785,0.27161
6925.856,0.27143
6923.928,0.27137
6921.999,0.27130
6920.070,0.27114
6918.142,0.27099
6916.213,0.27097
6914.284,0.27099
6912.356,0.27094
6910.427,0.27089
6908.498,0.27088
6906.570,0.27077
6904.641,0.27057
6902.712,0.27036
6900.784,0.27010
6898.855,0.26988
6896.926,0.26983
6894.998,0.26984
6893.069,0.26982
6891.140,0.26979
6889.212,0.26965
6887.283,0.26949
6885.354,0.26943
6883.426,0.26940
6881.497,0.26927
6879.568,0.26907
6877.640,0.26898
6875.711,0.26905
6873.782,0.26902
6871.854,0.26881
6869.925,0.26859
6867.996,0.26839
6866.068,0.26819
6864.139,0.26805
6862.210,0.26795
6860.282,0.26790
6858.353,0.26796
6856.424,0.26801
6854.496,0.26794
6852.567,0.26783
6850.638,0.26771
6848.709,0.26750
6846.781,0.26724
6844.852,0.26700
6842.923,0.26687
6840.995,0.26683
6839.066,0.26671
6837.137,0.26657
6835.209,0.26658
6833.280,0.26661
6831.351,0.26649
6829.423,0.26633
6827.494,0.26628
6825.565,0.26622
6823.637,0.26602
6821.708,0.26570
6819.779,0.26541
6817.851,0.26526
6815.922,0.26519
6813.993,0.26509
6812.065,0.26501
6810.136,0.26500
6808.207,0.26493
6806.279,0.26479
6804.350,0.26469
6802.421,0.26465
6800.493,0.26459
6798.564,0.26453
6796.635,0.26450
6794.707,0.26446
6792.778,0.26437
6790.849,0.26419
6788.921,0.26395
6786.992,0.26380
6785.063,0.26371
6783.135,0.26356
6781.206,0.26342
6779.277,0.26331
6777.349,0.26319
6775.420,0.26306
6773.491,0.26295
6771.563,0.26282
6769.634,0.26268
6767.705,0.26254
6765.777,0.26241
6763.848,0.26229
6761.919,0.26217
6759.991,0.26202
6758.062,0.26191
6756.133,0.26188
6754.205,0.26181
6752.276,0.26171
6750.347,0.26161
6748.419,0.26146
6746.490,0.26123
6744.561,0.26098
6742.633,0.26079
6740.704,0.26068
6738.775,0.26058
6736.847,0.26050
6734.918,0.26046
6732.989,0.26036
6731.061,0.26013
6729.132,0.25998
6727.203,0.26003
6725.275,0.26009
6723.346,0.25999
6721.417,0.25974
6719.489,0.25944
6717.560,0.25926
6715.631,0.25924
6713.703,0.25927
6711.774,0.25920
6709.845,0.25905
6707.917,0.25890
6705.988,0.25875
6704.059,0.25862
6702.131,0.25855
6700.202,0.25847
6698.273,0.25835
6696.345,0.25828
6694.416,0.25824
6692.487,0.25813
6690.558,0.25796
6688.630,0.25781
6686.701,0.25772
6684.772,0.25764
6682.844,0.25754
6680.915,0.25733
6678.986,0.25704
6677.058,0.25680
6675.129,0.25670
6673.200,0.25673
6671.272,0.25680
6669.343,0.25677
6667.414,0.25664
6665.486,0.25655
6663.557,0.25647
6661.628,0.25632
6659.700,0.25615
6657.771,0.25602
6655.842,0.25596
6653.914,0.25588
6651.985,0.25577
6650.056,0.25570
6648.128,0.25563
6646.199,0.25552
6644.270,0.25541
6642.342,0.25529
6640.413,0.25514
6638.484,0.25504
6636.556,0.25496
6634.627,0.25484
6632.698,0.25475
6630.770,0.25465
6628.841,0.25447
6626.912,0.25430
6624.984,0.25427
6623.055,0.25429
6621.126,0.25423
6619.198,0.25402
6617.269,0.25376
6615.340,0.25363
6613.412,0.25367
6611.483,0.25370
6609.554,0.25367
6607.626,0.25361
6605.697,0.25348
6603.768,0.25332
6601.840,0.25325
6599.911,0.25320
6597.982,0.25306
6596.054,0.25289
6594.125,0.25278
6592.196,0.25274
6590.268,0.25273
6588.339,0.25264
6586.410,0.25249
6584.482,0.25236
6582.553,0.25220
6580.624,0.25201
6578.696,0.25192
6576.767,0.25193
6574.838,0.25194
6572.910,0.25187
6570.981,0.25176
6569.052,0.25172
6567.124,0.25169
6565.195,0.25163
6563.266,0.25158
6561.338,0.25159
6559.409,0.25167
6557.480,0.25178
6555.552,0.25182
6553.623,0.25179
6551.694,0.25177
6549.766,0.25174
6547.837,0.25163
6545.908,0.25146
6543.980,0.25120
6542.051,0.25092
6540.122,0.25064
6538.194,0.25037
6536.265,0.25013
6534.336,0.24988
6532.408,0.24965
6530.479,0.24952
6528.550,0.24945
6526.621,0.24934
6524.693,0.24917
6522.764,0.24899
6520.835,0.24887
6518.907,0.24878
6516.978,0.24865
6515.049,0.24854
6513.121,0.24845
6511.192,0.24829
6509.263,0.24812
6507.335,0.24797
6505.406,0.24782
6503.477,0.24770
6501.549,0.24762
6499.620,0.24754
6497.691,0.24748
6495.763,0.24740
6493.834,0.24727
6491.905,0.24713
6489.977,0.24701
6488.048,0.24698
6486.119,0.24697
6484.191,0.24689
6482.262,0.24671
6480.333,0.24652
6478.405,0.24638
6476.476,0.24627
6474.547,0.24617
6472.619,0.24606
6470.690,0.24598
6468.761,0.24586
6466.833,0.24566
6464.904,0.24553
6462.975,0.24550
6461.047,0.24543
6459.118,0.24525
6457.189,0.24509
6455.261,0.24503
6453.332,0.24502
6451.403,0.24491
6449.475,0.24467
6447.546,0.24448
6445.617,0.24438
6443.689,0.24430
6441.760,0.24426
6439.831,0.24420
6437.903,0.24409
6435.974,0.24394
6434.045,0.24380
6432.117,0.24366
6430.188,0.24358
6428.259,0.24347
6426.331,0.24330
6424.402,0.24315
6422.473,0.24301
6420.545,0.24290
6418.616,0.24288
6416.687,0.24290
6414.759,0.24285
6412.830,0.24273
6410.901,0.24261
6408.973,0.24249
6407.044,0.24230
6405.115,0.24210
6403.187,0.24203
6401.258,0.24203
6399.329,0.24199
6397.401,0.24191
6395.472,0.24177
6393.543,0.24158
6391.615,0.24135
6389.686,0.24120
6387.757,0.24118
6385.829,0.24119
6383.900,0.24113
6381.971,0.24103
6380.043,0.24089
6378.114,0.24067
6376.185,0.24051
6374.257,0.24050
6372.328,0.24058
6370.399,0.24055
6368.471,0.24039
6366.542,0.24020
6364.613,0.24008
6362.684,0.23999
6360.756,0.23991
6358.827,0.23982
6356.898,0.23974
6354.970,0.23969
6353.041,0.23962
6351.112,0.23946
6349.184,0.23932
6347.255,0.23924
6345.326,0.23915
6343.398,0.23904
6341.469,0.23894
6339.540,0.23888
6337.612,0.23880
6335.683,0.23860
6333.754,0.23836
6331.826,0.23818
6329.897,0.23808
6327.968,0.23806
6326.040,0.23809
6324.111,0.23807
6322.182,0.23792
6320.254,0.23775
6318.325,0.23767
6316.396,0.23763
6314.468,0.23750
6312.539,0.23734
6310.610,0.23719
6308.682,0.23704
6306.753,0.23696
6304.824,0.23700
6302.896,0.23709
6300.967,0.23705
6299.038,0.23687
6297.110,0.23666
6295.181,0.23649
6293.252,0.23639
6291.324,0.23637
6289.395,0.23632
6287.466,0.23620
6285.538,0.23604
6283.609,0.23588
6281.680,0.23577
6279.752,0.23567
6277.823,0.23557
6275.894,0.23550
6273.966,0.23549
6272.037,0.23543
6270.108,0.23530
6268.180,0.23521
6266.251,0.23515
6264.322,0.23505
6262.394,0.23494
6260.465,0.23483
6258.536,0.23467
6256.608,0.23449
6254.679,0.23438
6252.750,0.23435
6250.822,0.23427
6248.893,0.23412
6246.964,0.23404
6245.036,0.23401
6243.107,0.23393
6241.178,0.23377
6239.250,0.23364
6237.321,0.23356
6235.392,0.23346
6233.464,0.23333
6231.535,0.23322
6229.606,0.23314
6227.678,0.23305
6225.749,0.23295
6223.820,0.23289
6221.892,0.23280
6219.963,0.23262
6218.034,0.23243
6216.106,0.23230
6214.177,0.23222
6212.248,0.23212
6210.320,0.23198
6208.391,0.23184
6206.462,0.23172
6204.533,0.23164
6202.605,0.23159
6200.676,0.23153
6198.747,0.23143
6196.819,0.23129
6194.890,0.23116
6192.961,0.23108
6191.033,0.23100
6189.104,0.23090
6187.175,0.23079
6185.247,0.23070
6183.318,0.23060
6181.389,0.23048
6179.461,0.23036
6177.532,0.23031
6175.603,0.23029
6173.675,0.23022
6171.746,0.23010
6169.817,0.22998
6167.889,0.22988
6165.960,0.22982
6164.031,0.22977
6162.103,0.22971
6160.174,0.22960
6158.245,0.22945
6156.317,0.22937
6154.388,0.22937
6152.459,0.22935
6150.531,0.22925
6148.602,0.22916
6146.673,0.22912
6144.745,0.22905
6142.816,0.22890
6140.887,0.22875
6138.959,0.22863
6137.030,0.22852
6135.101,0.22846
6133.173,0.22843
6131.244,0.22844
6129.315,0.22842
6127.387,0.22836
6125.458,0.22828
6123.529,0.22819
6121.601,0.22806
6119.672,0.22798
6117.743,0.22798
6115.815,0.22796
6113.886,0.22787
6111.957,0.22773
6110.029,0.22759
6108.100,0.22750
6106.171,0.22742
6104.243,0.22736
6102.314,0.22733
6100.385,0.22728
6098.457,0.22721
6096.528,0.22710
6094.599,0.22697
6092.671,0.22685
6090.742,0.22677
6088.813,0.22672
6086.885,0.22667
6084.956,0.22659
6083.027,0.22653
6081.099,0.22651
6079.170,0.22646
6077.241,0.22641
6075.313,0.22638
6073.384,0.22636
6071.455,0.22635
6069.527,0.22636
6067.598,0.22640
6065.669,0.22640
6063.741,0.22635
6061.812,0.22635
6059.883,0.22645
6057.955,0.22665
6056.026,0.22689
6054.097,0.22712
6052.169,0.22739
6050.240,0.22764
6048.311,0.22777
6046.383,0.22772
6044.454,0.22744
6042.525,0.22698
6040.596,0.22643
6038.668,0.22590
6036.739,0.22546
6034.810,0.22513
6032.882,0.22489
6030.953,0.22468
6029.024,0.22453
6027.096,0.22446
6025.167,0.22442
6023.238,0.22439
6021.310,0.22437
6019.381,0.22442
6017.452,0.22456
6015.524,0.22466
6013.595,0.22460
6011.666,0.22445
6009.738,0.22428
6007.809,0.22409
6005.880,0.22390
6003.952,0.22375
6002.023,0.22358
6000.094,0.22340
5998.166,0.22330
5996.237,0.22331
5994.308,0.22335
5992.380,0.22339
5990.451,0.22344
5988.522,0.22346
5986.594,0.22346
5984.665,0.22351
5982.736,0.22368
5980.808,0.22394
5978.879,0.22425
5976.950,0.22456
5975.022,0.22486
5973.093,0.22514
5971.164,0.22532
5969.236,0.22528
5967.307,0.22501
5965.378,0.22457
5963.450,0.22407
5961.521,0.22361
5959.592,0.22325
5957.664,0.22294
5955.735,0.22272
5953.806,0.22261
5951.878,0.22254
5949.949,0.22247
5948.020,0.22239
5946.092,0.22237
5944.163,0.22241
5942.234,0.22247
5940.306,0.22252
5938.377,0.22256
5936.448,0.22258
5934.520,0.22258
5932.591,0.22259
5930.662,0.22264
5928.734,0.22275
5926.805,0.22287
5924.876,0.22295
5922.948,0.22303
5921.019,0.22313
5919.090,0.22318
5917.162,0.22315
5915.233,0.22308
5913.304,0.22299
5911.376,0.22290
5909.447,0.22282
5907.518,0.22270
5905.590,0.22253
5903.661,0.22236
5901.732,0.22220
5899.804,0.22205
5897.875,0.22195
5895.946,0.22191
5894.018,0.22195
5892.089,0.22204
5890.160,0.22213
5888.232,0.22220
5886.303,0.22227
5884.374,0.22239
5882.445,0.22250
5880.517,0.22256
5878.588,0.22262
5876.659,0.22270
5874.731,0.22282
5872.802,0.22293
5870.873,0.22305
5868.945,0.22318
5867.016,0.22332
5865.087,0.22349
5863.159,0.22368
5861.230,0.22386
5859.301,0.22399
5857.373,0.22408
5855.444,0.22415
5853.515,0.22424
5851.587,0.22434
5849.658,0.22444
5847.729,0.22450
5845.801,0.22452
5843.872,0.22451
5841.943,0.22445
5840.015,0.22437
5838.086,0.22435
5836.157,0.22435
5834.229,0.22426
5832.300,0.22405
5830.371,0.22372
5828.443,0.22333
5826.514,0.22294
5824.585,0.22255
5822.657,0.22221
5820.728,0.22194
5818.799,0.22174
5816.871,0.22157
5814.942,0.22142
5813.013,0.22128
5811.085,0.22113
5809.156,0.22093
5807.227,0.22069
5805.299,0.22047
5803.370,0.22032
5801.441,0.22015
5799.513,0.21993
5797.584,0.21969
5795.655,0.21940
5793.727,0.21906
5791.798,0.21870
5789.869,0.21837
5787.941,0.21811
5786.012,0.21792
5784.083,0.21778
5782.155,0.21761
5780.226,0.21739
5778.297,0.21716
5776.369,0.21697
5774.440,0.21678
5772.511,0.21649
5770.583,0.21616
5768.654,0.21584
5766.725,0.21549
5764.797,0.21514
5762.868,0.21486
5760.939,0.21464
5759.011,0.21440
5757.082,0.21415
5755.153,0.21398
5753.225,0.21390
5751.296,0.21381
5749.367,0.21369
5747.439,0.21357
5745.510,0.21344
5743.581,0.21328
5741.653,0.21311
5739.724,0.21296
5737.795,0.21286
5735.867,0.21280
5733.938,0.21273
5732.009,0.21267
5730.081,0.21266
5728.152,0.21272
5726.223,0.21281
5724.295,0.21292
5722.366,0.21304
5720.437,0.21320
5718.508,0.21341
5716.580,0.21365
5714.651,0.21389
5712.722,0.21415
5710.794,0.21446
5708.865,0.21479
5706.936,0.21511
5705.008,0.21544
5703.079,0.21578
5701.150,0.21602
5699.222,0.21609
5697.293,0.21597
5695.364,0.21556
5693.436,0.21491
5691.507,0.21420
5689.578,0.21357
5687.650,0.21297
5685.721,0.21236
5683.792,0.21176
5681.864,0.21127
5679.935,0.21087
5678.006,0.21051
5676.078,0.21014
5674.149,0.20980
5672.220,0.20952
5670.292,0.20927
5668.363,0.20905
5666.434,0.20884
5664.506,0.20863
5662.577,0.20838
5660.648,0.20814
5658.720,0.20796
5656.791,0.20779
5654.862,0.20757
5652.934,0.20731
5651.005,0.20705
5649.076,0.20681
5647.148,0.20665
5645.219,0.20653
5643.290,0.20639
5641.362,0.20624
5639.433,0.20610
5637.504,0.20594
5635.576,0.20574
5633.647,0.20557
5631.718,0.20546
5629.790,0.20539
5627.861,0.20527
5625.932,0.20510
5624.004,0.20493
5622.075,0.20478
5620.146,0.20466
5618.218,0.20458
5616.289,0.20452
5614.360,0.20448
5612.432,0.20441
5610.503,0.20428
5608.574,0.20407
5606.646,0.20389
5604.717,0.20379
5602.788,0.20375
5600.860,0.20371
5598.931,0.20362
5597.002,0.20349
5595.074,0.20336
5593.145,0.20322
5591.216,0.20310
5589.288,0.20302
5587.359,0.20298
5585.430,0.20290
5583.502,0.20277
5581.573,0.20264
5579.644,0.20252
5577.716,0.20240
5575.787,0.20230
5573.858,0.20223
5571.930,0.20219
5570.001,0.20213
5568.072,0.20203
5566.144,0.20191
5564.215,0.20181
5562.286,0.20175
5560.357,0.20169
5558.429,0.20159
5556.500,0.20150
5554.571,0.20142
5552.643,0.20133
5550.714,0.20127
5548.785,0.20124
5546.857,0.20124
5544.928,0.20120
5542.999,0.20115
5541.071,0.20106
5539.142,0.20094
5537.213,0.20083
5535.285,0.20075
5533.356,0.20065
5531.427,0.20052
5529.499,0.20039
5527.570,0.20026
5525.641,0.20012
5523.713,0.19993
5521.784,0.19978
5519.855,0.19970
5517.927,0.19964
5515.998,0.19956
5514.069,0.19949
5512.141,0.19939
5510.212,0.19924
5508.283,0.19908
5506.355,0.19901
5504.426,0.19896
5502.497,0.19888
5500.569,0.19878
5498.640,0.19869
5496.711,0.19855
5494.783,0.19840
5492.854,0.19831
5490.925,0.19827
5488.997,0.19820
5487.068,0.19811
5485.139,0.19804
5483.211,0.19798
5481.282,0.19791
5479.353,0.19779
5477.425,0.19762
5475.496,0.19752
5473.567,0.19754
5471.639,0.19751
5469.710,0.19736
5467.781,0.19718
5465.853,0.19706
5463.924,0.19698
5461.995,0.19691
5460.067,0.19686
5458.138,0.19685
5456.209,0.19681
5454.281,0.19675
5452.352,0.19666
5450.423,0.19654
5448.495,0.19641
5446.566,0.19630
5444.637,0.19619
5442.709,0.19608
5440.780,0.19601
5438.851,0.19597
5436.923,0.19586
5434.994,0.19573
5433.065,0.19566
5431.137,0.19557
5429.208,0.19547
5427.279,0.19548
5425.351,0.19551
5423.422,0.19547
5421.493,0.19538
5419.565,0.19527
5417.636,0.19511
5415.707,0.19488
5413.779,0.19472
5411.850,0.19471
5409.921,0.19474
5407.993,0.19476
5406.064,0.19473
5404.135,0.19465
5402.207,0.19458
5400.278,0.19452
5398.349,0.19438
5396.420,0.19420
5394.492,0.19409
5392.563,0.19408
5390.634,0.19408
5388.706,0.19397
5386.777,0.19383
5384.848,0.19377
5382.920,0.19377
5380.991,0.19371
5379.062,0.19357
5377.134,0.19346
5375.205,0.19344
5373.276,0.19347
5371.348,0.19344
5369.419,0.19337
5367.490,0.19331
5365.562,0.19326
5363.633,0.19323
5361.704,0.19319
5359.776,0.19313
5357.847,0.19299
5355.918,0.19281
5353.990,0.19272
5352.061,0.19274
5350.132,0.19275
5348.204,0.19264
5346.275,0.19247
5344.346,0.19241
5342.418,0.19243
5340.489,0.19233
5338.560,0.19221
5336.632,0.19222
5334.703,0.19223
5332.774,0.19217
5330.846,0.19207
5328.917,0.19195
5326.988,0.19190
5325.060,0.19190
5323.131,0.19187
5321.202,0.19176
5319.274,0.19160
5317.345,0.19146
5315.416,0.19138
5313.488,0.19132
5311.559,0.19121
5309.630,0.19105
5307.702,0.19092
5305.773,0.19082
5303.844,0.19071
5301.916,0.19060
5299.987,0.19053
5298.058,0.19049
5296.130,0.19044
5294.201,0.19033
5292.272,0.19019
5290.344,0.19006
5288.415,0.19000
5286.486,0.18992
5284.558,0.18981
5282.629,0.18970
5280.700,0.18959
5278.772,0.18951
5276.843,0.18946
5274.914,0.18940
5272.986,0.18931
5271.057,0.18919
5269.128,0.18907
5267.200,0.18894
5265.271,0.18881
5263.342,0.18875
5261.414,0.18875
5259.485,0.18872
5257.556,0.18862
5255.628,0.18851
5253.699,0.18847
5251.770,0.18842
5249.842,0.18825
5247.913,0.18810
5245.984,0.18802
5244.056,0.18800
5242.127,0.18799
5240.198,0.18795
5238.269,0.18789
5236.341,0.18783
5234.412,0.18774
5232.483,0.18763
5230.555,0.18751
5228.626,0.18739
5226.697,0.18727
5224.769,0.18723
5222.840,0.18725
5220.911,0.18720
5218.983,0.18712
5217.054,0.18710
5215.125,0.18712
5213.197,0.18706
5211.268,0.18687
5209.339,0.18665
5207.411,0.18653
5205.482,0.18658
5203.553,0.18668
5201.625,0.18666
5199.696,0.18654
5197.767,0.18644
5195.839,0.18639
5193.910,0.18636
5191.981,0.18630
5190.053,0.18626
5188.124,0.18618
5186.195,0.18606
5184.267,0.18599
5182.338,0.18598
5180.409,0.18598
5178.481,0.18595
5176.552,0.18587
5174.623,0.18577
5172.695,0.18568
5170.766,0.18563
5168.837,0.18559
5166.909,0.18549
5164.980,0.18538
5163.051,0.18533
5161.123,0.18528
5159.194,0.18521
5157.265,0.18514
5155.337,0.18506
5153.408,0.18496
5151.479,0.18489
5149.551,0.18485
5147.622,0.18484
5145.693,0.18475
5143.765,0.18460
5141.836,0.18449
5139.907,0.18448
5137.979,0.18447
5136.050,0.18445
5134.121,0.18442
5132.193,0.18437
5130.264,0.18431
5128.335,0.18425
5126.407,0.18418
5124.478,0.18414
5122.549,0.18411
5120.621,0.18405
5118.692,0.18400
5116.763,0.18397
5114.835,0.18389
5112.906,0.18375
5110.977,0.18360
5109.049,0.18347
5107.120,0.18335
5105.191,0.18323
5103.263,0.18312
5101.334,0.18302
5099.405,0.18293
5097.477,0.18287
5095.548,0.18281
5093.619,0.18275
5091.691,0.18273
5089.762,0.18269
5087.833,0.18261
5085.905,0.18253
5083.976,0.18244
5082.047,0.18232
5080.119,0.18218
5078.190,0.18209
5076.261,0.18201
5074.332,0.18192
5072.404,0.18180
5070.475,0.18164
5068.546,0.18150
5066.618,0.18137
5064.689,0.18122
5062.760,0.18109
5060.832,0.18100
5058.903,0.18093
5056.974,0.18083
5055.046,0.18072
5053.117,0.18063
5051.188,0.18058
5049.260,0.18054
5047.331,0.18048
5045.402,0.18040
5043.474,0.18031
5041.545,0.18019
5039.616,0.18007
5037.688,0.17998
5035.759,0.17993
5033.830,0.17989
5031.902,0.17984
5029.973,0.17978
5028.044,0.17971
5026.116,0.17962
5024.187,0.17951
5022.258,0.17939
5020.330,0.17931
5018.401,0.17926
5016.472,0.17922
5014.544,0.17915
5012.615,0.17906
5010.686,0.17897
5008.758,0.17886
5006.829,0.17875
5004.900,0.17866
5002.972,0.17861
5001.043,0.17855
4999.114,0.17846
4997.186,0.17837
4995.257,0.17829
4993.328,0.17821
4991.400,0.17812
4989.471,0.17805
4987.542,0.17797
4985.614,0.17787
4983.685,0.17778
4981.756,0.17769
4979.828,0.17761
4977.899,0.17755
4975.970,0.17748
4974.042,0.17741
4972.113,0.17735
4970.184,0.17727
4968.256,0.17717
4966.327,0.17708
4964.398,0.17702
4962.470,0.17698
4960.541,0.17690
4958.612,0.17680
4956.684,0.17667
4954.755,0.17656
4952.826,0.17649
4950.898,0.17643
4948.969,0.17635
4947.040,0.17629
4945.112,0.17625
4943.183,0.17618
4941.254,0.17609
4939.326,0.17600
4937.397,0.17594
4935.468,0.17590
4933.540,0.17585
4931.611,0.17579
4929.682,0.17571
4927.754,0.17563
4925.825,0.17554
4923.896,0.17546
4921.968,0.17539
4920.039,0.17534
4918.110,0.17533
4916.181,0.17530
4914.253,0.17521
4912.324,0.17511
4910.395,0.17501
4908.467,0.17492
4906.538,0.17484
4904.609,0.17478
4902.681,0.17471
4900.752,0.17465
4898.823,0.17460
4896.895,0.17458
4894.966,0.17460
4893.037,0.17469
4891.109,0.17482
4889.180,0.17501
4887.251,0.17525
4885.323,0.17539
4883.394,0.17532
4881.465,0.17506
4879.537,0.17471
4877.608,0.17438
4875.679,0.17411
4873.751,0.17389
4871.822,0.17369
4869.893,0.17351
4867.965,0.17338
4866.036,0.17328
4864.107,0.17320
4862.179,0.17315
4860.250,0.17309
4858.321,0.17300
4856.393,0.17290
4854.464,0.17283
4852.535,0.17278
4850.607,0.17271
4848.678,0.17262
4846.749,0.17257
4844.821,0.17253
4842.892,0.17245
4840.963,0.17233
4839.035,0.17225
4837.106,0.17218
4835.177,0.17210
4833.249,0.17199
4831.320,0.17189
4829.391,0.17184
4827.463,0.17184
4825.534,0.17182
4823.605,0.17174
4821.677,0.17165
4819.748,0.17160
4817.819,0.17158
4815.891,0.17154
4813.962,0.17149
4812.033,0.17143
4810.105,0.17137
4808.176,0.17130
4806.247,0.17126
4804.319,0.17122
4802.390,0.17113
4800.461,0.17101
4798.533,0.17092
4796.604,0.17085
4794.675,0.17077
4792.747,0.17067
4790.818,0.17060
4788.889,0.17055
4786.961,0.17045
4785.032,0.17033
4783.103,0.17025
4781.175,0.17022
4779.246,0.17020
4777.317,0.17015
4775.389,0.17007
4773.460,0.16997
4771.531,0.16987
4769.603,0.16981
4767.674,0.16978
4765.745,0.16970
4763.817,0.16961
4761.888,0.16952
4759.959,0.16945
4758.031,0.16938
4756.102,0.16933
4754.173,0.16929
4752.244,0.16922
4750.316,0.16912
4748.387,0.16901
4746.458,0.16893
4744.530,0.16887
4742.601,0.16879
4740.672,0.16875
4738.744,0.16873
4736.815,0.16869
4734.886,0.16861
4732.958,0.16854
4731.029,0.16847
4729.100,0.16840
4727.172,0.16832
4725.243,0.16823
4723.314,0.16815
4721.386,0.16810
4719.457,0.16808
4717.528,0.16804
4715.600,0.16794
4713.671,0.16784
4711.742,0.16779
4709.814,0.16776
4707.885,0.16772
4705.956,0.16766
4704.028,0.16761
4702.099,0.16756
4700.170,0.16755
4698.242,0.16758
4696.313,0.16764
4694.384,0.16769
4692.456,0.16772
4690.527,0.16775
4688.598,0.16777
4686.670,0.16775
4684.741,0.16771
4682.812,0.16771
4680.884,0.16772
4678.955,0.16772
4677.026,0.16773
4675.098,0.16773
4673.169,0.16772
4671.240,0.16769
4669.312,0.16763
4667.383,0.16752
4665.454,0.16738
4663.526,0.16725
4661.597,0.16716
4659.668,0.16711
4657.740,0.16706
4655.811,0.16698
4653.882,0.16688
4651.954,0.16678
4650.025,0.16664
4648.096,0.16652
4646.168,0.16644
4644.239,0.16638
4642.310,0.16633
4640.382,0.16627
4638.453,0.16623
4636.524,0.16622
4634.596,0.16622
4632.667,0.16621
4630.738,0.16612
4628.810,0.16597
4626.881,0.16582
4624.952,0.16572
4623.024,0.16560
4621.095,0.16546
4619.166,0.16531
4617.238,0.16515
4615.309,0.16500
4613.380,0.16486
4611.452,0.16473
4609.523,0.16459
4607.594,0.16447
4605.666,0.16438
4603.737,0.16431
4601.808,0.16426
4599.880,0.16422
4597.951,0.16417
4596.022,0.16411
4594.093,0.16404
4592.165,0.16398
4590.236,0.16396
4588.307,0.16395
4586.379,0.16395
4584.450,0.16394
4582.521,0.16391
4580.593,0.16387
4578.664,0.16386
4576.735,0.16384
4574.807,0.16381
4572.878,0.16379
4570.949,0.16378
4569.021,0.16376
4567.092,0.16374
4565.163,0.16371
4563.235,0.16367
4561.306,0.16363
4559.377,0.16359
4557.449,0.16355
4555.520,0.16350
4553.591,0.16345
4551.663,0.16340
4549.734,0.16334
4547.805,0.16327
4545.877,0.16323
4543.948,0.16319
4542.019,0.16314
4540.091,0.16308
4538.162,0.16306
4536.233,0.16306
4534.305,0.16305
4532.376,0.16309
4530.447,0.16320
4528.519,0.16338
4526.590,0.16361
4524.661,0.16387
4522.733,0.16404
4520.804,0.16398
4518.875,0.16370
4516.947,0.16334
4515.018,0.16303
4513.089,0.16281
4511.161,0.16269
4509.232,0.16267
4507.303,0.16270
4505.375,0.16274
4503.446,0.16285
4501.517,0.16305
4499.589,0.16329
4497.660,0.16359
4495.731,0.16394
4493.803,0.16434
4491.874,0.16477
4489.945,0.16530
4488.017,0.16606
4486.088,0.16725
4484.159,0.16911
4482.231,0.17176
4480.302,0.17478
4478.373,0.17699
4476.445,0.17721
4474.516,0.17539
4472.587,0.17266
4470.659,0.17026
4468.730,0.16878
4466.801,0.16821
4464.873,0.16831
4462.944,0.16883
4461.015,0.16940
4459.087,0.16968
4457.158,0.16953
4455.229,0.16909
4453.301,0.16847
4451.372,0.16769
4449.443,0.16668
4447.515,0.16546
4445.586,0.16425
4443.657,0.16320
4441.729,0.16238
4439.800,0.16180
4437.871,0.16140
4435.943,0.16112
4434.014,0.16093
4432.085,0.16085
4430.156,0.16087
4428.228,0.16093
4426.299,0.16100
4424.370,0.16106
4422.442,0.16104
4420.513,0.16097
4418.584,0.16091
4416.656,0.16090
4414.727,0.16085
4412.798,0.16076
4410.870,0.16065
4408.941,0.16056
4407.012,0.16047
4405.084,0.16040
4403.155,0.16036
4401.226,0.16033
4399.298,0.16035
4397.369,0.16044
4395.440,0.16062
4393.512,0.16085
4391.583,0.16112
4389.654,0.16132
4387.726,0.16136
4385.797,0.16125
4383.868,0.16113
4381.940,0.16110
4380.011,0.16111
4378.082,0.16116
4376.154,0.16125
4374.225,0.16133
4372.296,0.16132
4370.368,0.16122
4368.439,0.16103
4366.510,0.16077
4364.582,0.16049
4362.653,0.16027
4360.724,0.16017
4358.796,0.16019
4356.867,0.16028
4354.938,0.16040
4353.010,0.16050
4351.081,0.16055
4349.152,0.16063
4347.224,0.16081
4345.295,0.16107
4343.366,0.16136
4341.438,0.16167
4339.509,0.16202
4337.580,0.16247
4335.652,0.16305
4333.723,0.16376
4331.794,0.16464
4329.866,0.16571
4327.937,0.16695
4326.008,0.16822
4324.080,0.16915
4322.151,0.16921
4320.222,0.16818
4318.294,0.16650
4316.365,0.16486
4314.436,0.16364
4312.508,0.16283
4310.579,0.16232
4308.650,0.16194
4306.722,0.16156
4304.793,0.16118
4302.864,0.16087
4300.936,0.16071
4299.007,0.16071
4297.078,0.16087
4295.150,0.16117
4293.221,0.16152
4291.292,0.16180
4289.364,0.16190
4287.435,0.16180
4285.506,0.16154
4283.578,0.16130
4281.649,0.16126
4279.720,0.16155
4277.792,0.16214
4275.863,0.16292
4273.934,0.16366
4272.005,0.16403
4270.077,0.16380
4268.148,0.16307
4266.219,0.16217
4264.291,0.16143
4262.362,0.16101
4260.433,0.16090
4258.505,0.16101
4256.576,0.16122
4254.647,0.16138
4252.719,0.16133
4250.790,0.16087
4248.861,0.15997
4246.933,0.15887
4245.004,0.15792
4243.075,0.15726
4241.147,0.15688
4239.218,0.15673
4237.289,0.15675
4235.361,0.15686
4233.432,0.15699
4231.503,0.15710
4229.575,0.15720
4227.646,0.15731
4225.717,0.15748
4223.789,0.15775
4221.860,0.15805
4219.931,0.15825
4218.003,0.15831
4216.074,0.15823
4214.145,0.15803
4212.217,0.15774
4210.288,0.15745
4208.359,0.15723
4206.431,0.15712
4204.502,0.15713
4202.573,0.15725
4200.645,0.15744
4198.716,0.15764
4196.787,0.15784
4194.859,0.15805
4192.930,0.15826
4191.001,0.15843
4189.073,0.15855
4187.144,0.15862
4185.215,0.15868
4183.287,0.15872
4181.358,0.15874
4179.429,0.15874
4177.501,0.15863
4175.572,0.15835
4173.643,0.15803
4171.715,0.15779
4169.786,0.15771
4167.857,0.15793
4165.929,0.15844
4164.000,0.15890
4162.071,0.15884
4160.143,0.15811
4158.214,0.15706
4156.285,0.15611
4154.357,0.15543
4152.428,0.15497
4150.499,0.15466
4148.571,0.15443
4146.642,0.15424
4144.713,0.15408
4142.785,0.15391
4140.856,0.15374
4138.927,0.15357
4136.999,0.15339
4135.070,0.15324
4133.141,0.15310
4131.213,0.15298
4129.284,0.15288
4127.355,0.15279
4125.427,0.15269
4123.498,0.15262
4121.569,0.15256
4119.641,0.15250
4117.712,0.15247
4115.783,0.15246
4113.855,0.15244
4111.926,0.15240
4109.997,0.15238
4108.068,0.15238
4106.140,0.15239
4104.211,0.15239
4102.282,0.15238
4100.354,0.15232
4098.425,0.15221
4096.496,0.15209
4094.568,0.15195
4092.639,0.15177
4090.710,0.15157
4088.782,0.15139
4086.853,0.15123
4084.924,0.15109
4082.996,0.15102
4081.067,0.15106
4079.138,0.15120
4077.210,0.15144
4075.281,0.15190
4073.352,0.15267
4071.424,0.15374
4069.495,0.15500
4067.566,0.15613
4065.638,0.15667
4063.709,0.15640
4061.780,0.15559
4059.852,0.15470
4057.923,0.15397
4055.994,0.15336
4054.066,0.15277
4052.137,0.15212
4050.208,0.15145
4048.280,0.15084
4046.351,0.15033
4044.422,0.14999
4042.494,0.14983
4040.565,0.14981
4038.636,0.14993
4036.708,0.15022
4034.779,0.15071
4032.850,0.15143
4030.922,0.15234
4028.993,0.15320
4027.064,0.15375
4025.136,0.15386
4023.207,0.15361
4021.278,0.15320
4019.350,0.15275
4017.421,0.15221
4015.492,0.15153
4013.564,0.15070
4011.635,0.14982
4009.706,0.14904
4007.778,0.14843
4005.849,0.14801
4003.920,0.14775
4001.992,0.14762
4000.063,0.14757
3998.134,0.14759
3996.206,0.14772
3994.277,0.14795
3992.348,0.14828
3990.420,0.14865
3988.491,0.14899
3986.562,0.14923
3984.634,0.14936
3982.705,0.14951
3980.776,0.14973
3978.848,0.14994
3976.919,0.14998
3974.990,0.14984
3973.062,0.14961
3971.133,0.14946
3969.204,0.14952
3967.276,0.14991
3965.347,0.15059
3963.418,0.15148
3961.490,0.15241
3959.561,0.15317
3957.632,0.15347
3955.704,0.15310
3953.775,0.15215
3951.846,0.15089
3949.917,0.14961
3947.989,0.14854
3946.060,0.14768
3944.131,0.14700
3942.203,0.14654
3940.274,0.14627
3938.345,0.14611
3936.417,0.14598
3934.488,0.14587
3932.559,0.14592
3930.631,0.14626
3928.702,0.14673
3926.773,0.14717
3924.845,0.14771
3922.916,0.14838
3920.987,0.14892
3919.059,0.14919
3917.130,0.14922
3915.201,0.14899
3913.273,0.14841
3911.344,0.14759
3909.415,0.14672
3907.487,0.14578
3905.558,0.14485
3903.629,0.14421
3901.701,0.14392
3899.772,0.14389
3897.843,0.14403
3895.915,0.14407
3893.986,0.14385
3892.057,0.14360
3890.129,0.14353
3888.200,0.14337
3886.271,0.14310
3884.343,0.14303
3882.414,0.14299
3880.485,0.14296
3878.557,0.14307
3876.628,0.14307
3874.699,0.14291
3872.771,0.14273
3870.842,0.14256
3868.913,0.14257
3866.985,0.14266
3865.056,0.14267
3863.127,0.14278
3861.199,0.14302
3859.270,0.14301
3857.341,0.14241
3855.413,0.14151
3853.484,0.14126
3851.555,0.14183
3849.627,0.14240
3847.698,0.14253
3845.769,0.14235
3843.841,0.14203
3841.912,0.14169
3839.983,0.14142
3838.055,0.14126
3836.126,0.14119
3834.197,0.14114
3832.269,0.14115
3830.340,0.14122
3828.411,0.14120
3826.483,0.14112
3824.554,0.14094
3822.625,0.14060
3820.697,0.14044
3818.768,0.14050
3816.839,0.14049
3814.911,0.14049
3812.982,0.14053
3811.053,0.14040
3809.125,0.14008
3807.196,0.13984
3805.267,0.13974
3803.339,0.13952
3801.410,0.13930
3799.481,0.13923
3797.553,0.13920
3795.624,0.13923
3793.695,0.13932
3791.767,0.13935
3789.838,0.13932
3787.909,0.13921
3785.980,0.13907
3784.052,0.13901
3782.123,0.13894
3780.194,0.13883
3778.266,0.13888
3776.337,0.13905
3774.408,0.13908
3772.480,0.13887
3770.551,0.13864
3768.622,0.13860
3766.694,0.13864
3764.765,0.13866
3762.836,0.13861
3760.908,0.13846
3758.979,0.13835
3757.050,0.13832
3755.122,0.13813
3753.193,0.13769
3751.264,0.13731
3749.336,0.13722
3747.407,0.13705
3745.478,0.13672
3743.550,0.13689
3741.621,0.13743
3739.692,0.13747
3737.764,0.13698
3735.835,0.13668
3733.906,0.13690
3731.978,0.13736
3730.049,0.13763
3728.120,0.13754
3726.192,0.13738
3724.263,0.13732
3722.334,0.13729
3720.406,0.13733
3718.477,0.13744
3716.548,0.13742
3714.620,0.13717
3712.691,0.13692
3710.762,0.13698
3708.834,0.13731
3706.905,0.13764
3704.976,0.13777
3703.048,0.13774
3701.119,0.13786
3699.190,0.13813
3697.262,0.13831
3695.333,0.13830
3693.404,0.13810
3691.476,0.13791
3689.547,0.13798
3687.618,0.13828
3685.690,0.13856
3683.761,0.13866
3681.832,0.13861
3679.904,0.13840
3677.975,0.13805
3676.046,0.13783
3674.118,0.13795
3672.189,0.13807
3670.260,0.13814
3668.332,0.13846
3666.403,0.13888
3664.474,0.13914
3662.546,0.13934
3660.617,0.13947
3658.688,0.13944
3656.760,0.13945
3654.831,0.13962
3652.902,0.13965
3650.974,0.13956
3649.045,0.13984
3647.116,0.14062
3645.188,0.14145
3643.259,0.14197
3641.330,0.14215
3639.402,0.14208
3637.473,0.14186
3635.544,0.14167
3633.616,0.14154
3631.687,0.14129
3629.758,0.14115
3627.830,0.14164
3625.901,0.14246
3623.972,0.14301
3622.043,0.14325
3620.115,0.14354
3618.186,0.14416
3616.257,0.14489
3614.329,0.14554
3612.400,0.14614
3610.471,0.14665
3608.543,0.14718
3606.614,0.14788
3604.685,0.14844
3602.757,0.14860
3600.828,0.14852
3598.899,0.14848
3596.971,0.14849
3595.042,0.14862
3593.113,0.14889
3591.185,0.14909
3589.256,0.14918
3587.327,0.14951
3585.399,0.15019
3583.470,0.15089
3581.541,0.15136
3579.613,0.15175
3577.684,0.15221
3575.755,0.15270
3573.827,0.15309
3571.898,0.15331
3569.969,0.15332
3568.041,0.15336
3566.112,0.15374
3564.183,0.15439
3562.255,0.15498
3560.326,0.15538
3558.397,0.15572
3556.469,0.15607
3554.540,0.15637
3552.611,0.15665
3550.683,0.15698
3548.754,0.15733
3546.825,0.15765
3544.897,0.15804
3542.968,0.15853
3541.039,0.15900
3539.111,0.15937
3537.182,0.15970
3535.253,0.16009
3533.325,0.16047
3531.396,0.16077
3529.467,0.16106
3527.539,0.16142
3525.610,0.16181
3523.681,0.16220
3521.753,0.16261
3519.824,0.16301
3517.895,0.16334
3515.967,0.16364
3514.038,0.16396
3512.109,0.16425
3510.181,0.16452
3508.252,0.16486
3506.323,0.16524
3504.395,0.16557
3502.466,0.16591
3500.537,0.16632
3498.609,0.16675
3496.680,0.16714
3494.751,0.16757
3492.823,0.16808
3490.894,0.16862
3488.965,0.16914
3487.037,0.16970
3485.108,0.17023
3483.179,0.17061
3481.251,0.17085
3479.322,0.17107
3477.393,0.17127
3475.465,0.17144
3473.536,0.17162
3471.607,0.17185
3469.679,0.17213
3467.750,0.17242
3465.821,0.17273
3463.892,0.17310
3461.964,0.17350
3460.035,0.17388
3458.106,0.17427
3456.178,0.17465
3454.249,0.17500
3452.320,0.17534
3450.392,0.17569
3448.463,0.17603
3446.534,0.17635
3444.606,0.17662
3442.677,0.17681
3440.748,0.17692
3438.820,0.17699
3436.891,0.17708
3434.962,0.17719
3433.034,0.17726
3431.105,0.17732
3429.176,0.17737
3427.248,0.17737
3425.319,0.17731
3423.390,0.17723
3421.462,0.17718
3419.533,0.17713
3417.604,0.17707
3415.676,0.17699
3413.747,0.17688
3411.818,0.17671
3409.890,0.17652
3407.961,0.17635
3406.032,0.17618
3404.104,0.17600
3402.175,0.17580
3400.246,0.17554
3398.318,0.17524
3396.389,0.17494
3394.460,0.17467
3392.532,0.17439
3390.603,0.17405
3388.674,0.17369
3386.746,0.17334
3384.817,0.17299
3382.888,0.17263
3380.960,0.17227
3379.031,0.17186
3377.102,0.17137
3375.174,0.17084
3373.245,0.17034
3371.316,0.16983
3369.388,0.16926
3367.459,0.16866
3365.530,0.16808
3363.602,0.16747
3361.673,0.16686
3359.744,0.16629
3357.816,0.16574
3355.887,0.16521
3353.958,0.16471
3352.030,0.16428
3350.101,0.16385
3348.172,0.16339
3346.244,0.16299
3344.315,0.16264
3342.386,0.16227
3340.458,0.16190
3338.529,0.16161
3336.600,0.16136
3334.672,0.16109
3332.743,0.16085
3330.814,0.16069
3328.886,0.16058
3326.957,0.16047
3325.028,0.16041
3323.100,0.16043
3321.171,0.16043
3319.242,0.16040
3317.314,0.16043
3315.385,0.16061
3313.456,0.16089
3311.528,0.16130
3309.599,0.16183
3307.670,0.16226
3305.742,0.16240
3303.813,0.16235
3301.884,0.16234
3299.955,0.16245
3298.027,0.16271
3296.098,0.16307
3294.169,0.16333
3292.241,0.16340
3290.312,0.16345
3288.383,0.16382
3286.455,0.16468
3284.526,0.16608
3282.597,0.16829
3280.669,0.17181
3278.740,0.17652
3276.811,0.18120
3274.883,0.18396
3272.954,0.18297
3271.025,0.17802
3269.097,0.17152
3267.168,0.16635
3265.239,0.16323
3263.311,0.16147
3261.382,0.16047
3259.453,0.15990
3257.525,0.15951
3255.596,0.15916
3253.667,0.15889
3251.739,0.15869
3249.810,0.15845
3247.881,0.15813
3245.953,0.15781
3244.024,0.15754
3242.095,0.15724
3240.167,0.15695
3238.238,0.15672
3236.309,0.15645
3234.381,0.15611
3232.452,0.15580
3230.523,0.15560
3228.595,0.15536
3226.666,0.15509
3224.737,0.15488
3222.809,0.15469
3220.880,0.15441
3218.951,0.15409
3217.023,0.15386
3215.094,0.15365
3213.165,0.15338
3211.237,0.15312
3209.308,0.15292
3207.379,0.15268
3205.451,0.15241
3203.522,0.15222
3201.593,0.15204
3199.665,0.15175
3197.736,0.15144
3195.807,0.15123
3193.879,0.15103
3191.950,0.15080
3190.021,0.15064
3188.093,0.15055
3186.164,0.15037
3184.235,0.15014
3182.307,0.15002
3180.378,0.14998
3178.449,0.14987
3176.521,0.14975
3174.592,0.14969
3172.663,0.14956
3170.735,0.14930
3168.806,0.14905
3166.877,0.14885
3164.949,0.14860
3163.020,0.14831
3161.091,0.14810
3159.163,0.14792
3157.234,0.14768
3155.305,0.14749
3153.377,0.14747
3151.448,0.14749
3149.519,0.14745
3147.591,0.14750
3145.662,0.14773
3143.733,0.14806
3141.804,0.14853
3139.876,0.14928
3137.947,0.15020
3136.018,0.15094
3134.090,0.15124
3132.161,0.15104
3130.232,0.15047
3128.304,0.14975
3126.375,0.14917
3124.446,0.14877
3122.518,0.14834
3120.589,0.14787
3118.660,0.14747
3116.732,0.14709
3114.803,0.14660
3112.874,0.14612
3110.946,0.14583
3109.017,0.14565
3107.088,0.14550
3105.160,0.14540
3103.231,0.14534
3101.302,0.14517
3099.374,0.14491
3097.445,0.14461
3095.516,0.14427
3093.588,0.14391
3091.659,0.14366
3089.730,0.14361
3087.802,0.14366
3085.873,0.14373
3083.944,0.14388
3082.016,0.14411
3080.087,0.14434
3078.158,0.14461
3076.230,0.14501
3074.301,0.14547
3072.372,0.14593
3070.444,0.14647
3068.515,0.14710
3066.586,0.14770
3064.658,0.14828
3062.729,0.14894
3060.800,0.14968
3058.872,0.15037
3056.943,0.15103
3055.014,0.15171
3053.086,0.15239
3051.157,0.15302
3049.228,0.15364
3047.300,0.15425
3045.371,0.15489
3043.442,0.15570
3041.514,0.15691
3039.585,0.15860
3037.656,0.16082
3035.728,0.16385
3033.799,0.16822
3031.870,0.17480
3029.942,0.18489
3028.013,0.19949
3026.084,0.21611
3024.156,0.22607
3022.227,0.22086
3020.298,0.20344
3018.370,0.18485
3016.441,0.17204
3014.512,0.16518
3012.584,0.16205
3010.655,0.16086
3008.726,0.16076
3006.798,0.16147
3004.869,0.16286
3002.940,0.16487
3001.012,0.16757
2999.083,0.17115
2997.154,0.17595
2995.226,0.18259
2993.297,0.19232
2991.368,0.20706
2989.440,0.22879
2987.511,0.25509
2985.582,0.27344
2983.654,0.26975
2981.725,0.24821
2979.796,0.22620
2977.867,0.21347
2975.939,0.20943
2974.010,0.21094
2972.081,0.21603
2970.153,0.22363
2968.224,0.23304
2966.295,0.24387
2964.367,0.25572
2962.438,0.26778
2960.509,0.27881
2958.581,0.28724
2956.652,0.29155
2954.723,0.29088
2952.795,0.28618
2950.866,0.28073
2948.937,0.27848
2947.009,0.28170
2945.080,0.29052
2943.151,0.30412
2941.223,0.32175
2939.294,0.34287
2937.365,0.36714
2935.437,0.39439
2933.508,0.42464
2931.579,0.45797
2929.651,0.49473
2927.722,0.53618
2925.793,0.58447
2923.865,0.64060
2921.936,0.70126
2920.007,0.75540
2918.079,0.78095
2916.150,0.75491
2914.221,0.68458
2912.293,0.60544
2910.364,0.54295
2908.435,0.50055
2906.507,0.47088
2904.578,0.44725
2902.649,0.42628
2900.721,0.40462
2898.792,0.37922
2896.863,0.35097
2894.935,0.32388
2893.006,0.30093
2891.077,0.28228
2889.149,0.26656
2887.220,0.25258
2885.291,0.23999
2883.363,0.22902
2881.434,0.22020
2879.505,0.21410
2877.577,0.21095
2875.648,0.21022
2873.719,0.21048
2871.791,0.21027
2869.862,0.20964
2867.933,0.21065
2866.005,0.21601
2864.076,0.22747
2862.147,0.24540
2860.219,0.26956
2858.290,0.30087
2856.361,0.34307
2854.433,0.40160
2852.504,0.47507
2850.575,0.53540
2848.647,0.52992
2846.718,0.45504
2844.789,0.36621
2842.861,0.29829
2840.932,0.25339
2839.003,0.22378
2837.075,0.20314
2835.146,0.18800
2833.217,0.17659
2831.289,0.16773
2829.360,0.16057
2827.431,0.15471
2825.503,0.14986
2823.574,0.14572
2821.645,0.14212
2819.716,0.13905
2817.788,0.13641
2815.859,0.13403
2813.930,0.13189
2812.002,0.13006
2810.073,0.12840
2808.144,0.12682
2806.216,0.12541
2804.287,0.12420
2802.358,0.12304
2800.430,0.12187
2798.501,0.12083
2796.572,0.11991
2794.644,0.11900
2792.715,0.11817
2790.786,0.11753
2788.858,0.11701
2786.929,0.11657
2785.000,0.11634
2783.072,0.11633
2781.143,0.11641
2779.214,0.11662
2777.286,0.11713
2775.357,0.11799
2773.428,0.11910
2771.500,0.12029
2769.571,0.12124
2767.642,0.12140
2765.714,0.12042
2763.785,0.11859
2761.856,0.11655
2759.928,0.11469
2757.999,0.11314
2756.070,0.11197
2754.142,0.11113
2752.213,0.11050
2750.284,0.11010
2748.356,0.10994
2746.427,0.10992
2744.498,0.10988
2742.570,0.10983
2740.641,0.10977
2738.712,0.10964
2736.784,0.10947
2734.855,0.10936
2732.926,0.10932
2730.998,0.10923
2729.069,0.10908
2727.140,0.10892
2725.212,0.10872
2723.283,0.10847
2721.354,0.10827
2719.426,0.10814
2717.497,0.10803
2715.568,0.10794
2713.640,0.10791
2711.711,0.10794
2709.782,0.10798
2707.854,0.10802
2705.925,0.10811
2703.996,0.10825
2702.068,0.10846
2700.139,0.10877
2698.210,0.10918
2696.282,0.10964
2694.353,0.11013
2692.424,0.11066
2690.496,0.11128
2688.567,0.11200
2686.638,0.11282
2684.710,0.11376
2682.781,0.11486
2680.852,0.11607
2678.924,0.11732
2676.995,0.11861
2675.066,0.11997
2673.138,0.12131
2671.209,0.12237
2669.280,0.12301
2667.352,0.12335
2665.423,0.12365
2663.494,0.12400
2661.566,0.12422
2659.637,0.12390
2657.708,0.12278
2655.779,0.12097
2653.851,0.11890
2651.922,0.11694
2649.993,0.11535
2648.065,0.11423
2646.136,0.11353
2644.207,0.11316
2642.279,0.11303
2640.350,0.11301
2638.421,0.11297
2636.493,0.11275
2634.564,0.11231
2632.635,0.11175
2630.707,0.11111
2628.778,0.11035
2626.849,0.10951
2624.921,0.10866
2622.992,0.10784
2621.063,0.10707
2619.135,0.10646
2617.206,0.10604
2615.277,0.10576
2613.349,0.10563
2611.420,0.10571
2609.491,0.10599
2607.563,0.10643
2605.634,0.10701
2603.705,0.10774
2601.777,0.10849
2599.848,0.10914
2597.919,0.10965
2595.991,0.11008
2594.062,0.11043
2592.133,0.11077
2590.205,0.11113
2588.276,0.11149
2586.347,0.11185
2584.419,0.11223
2582.490,0.11255
2580.561,0.11267
2578.633,0.11262
2576.704,0.11260
2574.775,0.11280
2572.847,0.11330
2570.918,0.11425
2568.989,0.11575
2567.061,0.11775
2565.132,0.12004
2563.203,0.12235
2561.275,0.12422
2559.346,0.12503
2557.417,0.12445
2555.489,0.12275
2553.560,0.12063
2551.631,0.11879
2549.703,0.11781
2547.774,0.11803
2545.845,0.11924
2543.917,0.12043
2541.988,0.12045
2540.059,0.11916
2538.131,0.11712
2536.202,0.11461
2534.273,0.11182
2532.345,0.10933
2530.416,0.10765
2528.487,0.10683
2526.559,0.10666
2524.630,0.10683
2522.701,0.10705
2520.773,0.10724
2518.844,0.10736
2516.915,0.10738
2514.987,0.10742
2513.058,0.10763
2511.129,0.10793
2509.201,0.10809
2507.272,0.10798
2505.343,0.10764
2503.415,0.10720
2501.486,0.10686
2499.557,0.10670
2497.628,0.10663
2495.700,0.10648
2493.771,0.10625
2491.842,0.10601
2489.914,0.10575
2487.985,0.10545
2486.056,0.10523
2484.128,0.10513
2482.199,0.10503
2480.270,0.10493
2478.342,0.10489
2476.413,0.10485
2474.484,0.10475
2472.556,0.10466
2470.627,0.10467
2468.698,0.10470
2466.770,0.10469
2464.841,0.10467
2462.912,0.10463
2460.984,0.10446
2459.055,0.10417
2457.126,0.10388
2455.198,0.10359
2453.269,0.10329
2451.340,0.10311
2449.412,0.10315
2447.483,0.10331
2445.554,0.10348
2443.626,0.10370
2441.697,0.10395
2439.768,0.10410
2437.840,0.10416
2435.911,0.10425
2433.982,0.10438
2432.054,0.10447
2430.125,0.10459
2428.196,0.10480
2426.268,0.10507
2424.339,0.10535
2422.410,0.10576
2420.482,0.10634
2418.553,0.10700
2416.624,0.10771
2414.696,0.10852
2412.767,0.10938
2410.838,0.11023
2408.910,0.11114
2406.981,0.11217
2405.052,0.11312
2403.124,0.11370
2401.195,0.11367
2399.266,0.11298
2397.338,0.11177
2395.409,0.11041
2393.480,0.10924
2391.552,0.10839
2389.623,0.10779
2387.694,0.10737
2385.766,0.10710
2383.837,0.10687
2381.908,0.10658
2379.980,0.10630
2378.051,0.10610
2376.122,0.10600
2374.194,0.10595
2372.265,0.10600
2370.336,0.10611
2368.408,0.10621
2366.479,0.10628
2364.550,0.10637
2362.622,0.10651
2360.693,0.10674
2358.764,0.10708
2356.836,0.10755
2354.907,0.10806
2352.978,0.10856
2351.050,0.10904
2349.121,0.10944
2347.192,0.10970
2345.264,0.10988
2343.335,0.11014
2341.406,0.11044
2339.478,0.11060
2337.549,0.11060
2335.620,0.11063
2333.691,0.11074
2331.763,0.11087
2329.834,0.11095
2327.905,0.11091
2325.977,0.11070
2324.048,0.11037
2322.119,0.11004
2320.191,0.10974
2318.262,0.10944
2316.333,0.10917
2314.405,0.10898
2312.476,0.10886
2310.547,0.10881
2308.619,0.10883
2306.690,0.10895
2304.761,0.10911
2302.833,0.10922
2300.904,0.10924
2298.975,0.10913
2297.047,0.10892
2295.118,0.10867
2293.189,0.10847
2291.261,0.10837
2289.332,0.10832
2287.403,0.10832
2285.475,0.10843
2283.546,0.10861
2281.617,0.10884
2279.689,0.10913
2277.760,0.10944
2275.831,0.10963
2273.903,0.10963
2271.974,0.10951
2270.045,0.10939
2268.117,0.10927
2266.188,0.10919
2264.259,0.10919
2262.331,0.10921
2260.402,0.10911
2258.473,0.10894
2256.545,0.10882
2254.616,0.10876
2252.687,0.10874
2250.759,0.10881
2248.830,0.10899
2246.901,0.10920
2244.973,0.10940
2243.044,0.10964
2241.115,0.10989
2239.187,0.11005
2237.258,0.11019
2235.329,0.11040
2233.401,0.11062
2231.472,0.11081
2229.543,0.11107
2227.615,0.11142
2225.686,0.11174
2223.757,0.11195
2221.829,0.11209
2219.900,0.11214
2217.971,0.11203
2216.043,0.11185
2214.114,0.11174
2212.185,0.11165
2210.257,0.11149
2208.328,0.11132
2206.399,0.11120
2204.471,0.11108
2202.542,0.11097
2200.613,0.11099
2198.685,0.11115
2196.756,0.11133
2194.827,0.11154
2192.899,0.11187
2190.970,0.11222
2189.041,0.11242
2187.113,0.11253
2185.184,0.11262
2183.255,0.11262
2181.327,0.11255
2179.398,0.11255
2177.469,0.11261
2175.540,0.11262
2173.612,0.11261
2171.683,0.11269
2169.754,0.11283
2167.826,0.11291
2165.897,0.11304
2163.968,0.11330
2162.040,0.11358
2160.111,0.11386
2158.182,0.11418
2156.254,0.11452
2154.325,0.11480
2152.396,0.11503
2150.468,0.11531
2148.539,0.11555
2146.610,0.11564
2144.682,0.11566
2142.753,0.11574
2140.824,0.11580
2138.896,0.11580
2136.967,0.11584
2135.038,0.11595
2133.110,0.11602
2131.181,0.11606
2129.252,0.11617
2127.324,0.11627
2125.395,0.11628
2123.466,0.11628
2121.538,0.11636
2119.609,0.11644
2117.680,0.11650
2115.752,0.11669
2113.823,0.11704
2111.894,0.11744
2109.966,0.11779
2108.037,0.11807
2106.108,0.11813
2104.180,0.11789
2102.251,0.11758
2100.322,0.11744
2098.394,0.11745
2096.465,0.11751
2094.536,0.11762
2092.608,0.11775
2090.679,0.11779
2088.750,0.11774
2086.822,0.11769
2084.893,0.11765
2082.964,0.11760
2081.036,0.11764
2079.107,0.11784
2077.178,0.11810
2075.250,0.11832
2073.321,0.11855
2071.392,0.11880
2069.464,0.11902
2067.535,0.11923
2065.606,0.11955
2063.678,0.11995
2061.749,0.12033
2059.820,0.12072
2057.892,0.12119
2055.963,0.12165
2054.034,0.12206
2052.106,0.12255
2050.177,0.12313
2048.248,0.12368
2046.320,0.12416
2044.391,0.12467
2042.462,0.12518
2040.534,0.12565
2038.605,0.12616
2036.676,0.12681
2034.748,0.12753
2032.819,0.12828
2030.890,0.12910
2028.962,0.12990
2027.033,0.13050
2025.104,0.13087
2023.176,0.13106
2021.247,0.13089
2019.318,0.13029
2017.390,0.12964
2015.461,0.12934
2013.532,0.12931
2011.603,0.12945
2009.675,0.12988
2007.746,0.13057
2005.817,0.13134
2003.889,0.13216
2001.960,0.13307
2000.031,0.13392
1998.103,0.13447
1996.174,0.13477
1994.245,0.13498
1992.317,0.13506
1990.388,0.13496
1988.459,0.13481
1986.531,0.13474
1984.602,0.13474
1982.673,0.13486
1980.745,0.13519
1978.816,0.13559
1976.887,0.13583
1974.959,0.13592
1973.030,0.13600
1971.101,0.13603
1969.173,0.13601
1967.244,0.13615
1965.315,0.13652
1963.387,0.13693
1961.458,0.13733
1959.529,0.13786
1957.601,0.13848
1955.672,0.13907
1953.743,0.13971
1951.815,0.14051
1949.886,0.14135
1947.957,0.14211
1946.029,0.14290
1944.100,0.14377
1942.171,0.14464
1940.243,0.14552
1938.314,0.14652
1936.385,0.14760
1934.457,0.14864
1932.528,0.14971
1930.599,0.15087
1928.671,0.15186
1926.742,0.15253
1924.813,0.15319
1922.885,0.15414
1920.956,0.15522
1919.027,0.15619
1917.099,0.15724
1915.170,0.15830
1913.241,0.15903
1911.313,0.15949
1909.384,0.16000
1907.455,0.16053
1905.527,0.16099
1903.598,0.16160
1901.669,0.16260
1899.741,0.16388
1897.812,0.16521
1895.883,0.16649
1893.955,0.16743
1892.026,0.16764
1890.097,0.16726
1888.169,0.16667
1886.240,0.16597
1884.311,0.16537
1882.383,0.16544
1880.454,0.16626
1878.525,0.16735
1876.597,0.16830
1874.668,0.16915
1872.739,0.16990
1870.811,0.17058
1868.882,0.17162
1866.953,0.17343
1865.025,0.17563
1863.096,0.17752
1861.167,0.17881
1859.239,0.17933
1857.310,0.17903
1855.381,0.17850
1853.452,0.17862
1851.524,0.17950
1849.595,0.18064
1847.666,0.18179
1845.738,0.18312
1843.809,0.18470
1841.880,0.18626
1839.952,0.18766
1838.023,0.18904
1836.094,0.19037
1834.166,0.19150
1832.237,0.19258
1830.308,0.19387
1828.380,0.19528
1826.451,0.19671
1824.522,0.19844
1822.594,0.20049
1820.665,0.20250
1818.736,0.20450
1816.808,0.20681
1814.879,0.20926
1812.950,0.21153
1811.022,0.21379
1809.093,0.21622
1807.164,0.21847
1805.236,0.22036
1803.307,0.22228
1801.378,0.22451
1799.450,0.22689
1797.521,0.22937
1795.592,0.23202
1793.664,0.23471
1791.735,0.23737
1789.806,0.24022
1787.878,0.24326
1785.949,0.24615
1784.020,0.24888
1782.092,0.25180
1780.163,0.25501
1778.234,0.25824
1776.306,0.26148
1774.377,0.26509
1772.448,0.26912
1770.520,0.27343
1768.591,0.27821
1766.662,0.28357
1764.734,0.28904
1762.805,0.29439
1760.876,0.30012
1758.948,0.30632
1757.019,0.31267
1755.090,0.31920
1753.162,0.32601
1751.233,0.33293
1749.304,0.33970
1747.376,0.34620
1745.447,0.35223
1743.518,0.35743
1741.590,0.36181
1739.661,0.36573
1737.732,0.36925
1735.804,0.37230
1733.875,0.37550
1731.946,0.37941
1730.018,0.38366
1728.089,0.38794
1726.160,0.39264
1724.232,0.39815
1722.303,0.40438
1720.374,0.41119
1718.446,0.41884
1716.517,0.42745
1714.588,0.43680
1712.660,0.44683
1710.731,0.45764
1708.802,0.46908
1706.874,0.48122
1704.945,0.49440
1703.016,0.50850
1701.088,0.52331
1699.159,0.53904
1697.230,0.55586
1695.302,0.57394
1693.373,0.59360
1691.444,0.61537
1689.515,0.63997
1687.587,0.66779
1685.658,0.69927
1683.729,0.73549
1681.801,0.77794
1679.872,0.82805
1677.943,0.88635
1676.015,0.95301
1674.086,1.03178
1672.157,1.13169
1670.229,1.26308
1668.300,1.43271
1666.371,1.64100
1664.443,1.87684
1662.514,2.10583
1660.585,2.27256
1658.657,2.34941
1656.728,2.36709
1654.799,2.36977
1652.871,2.38552
1650.942,2.43632
1649.013,2.53424
1647.085,2.66424
1645.156,2.72871
1643.227,2.55525
1641.299,2.22044
1639.370,1.90179
1637.441,1.64687
1635.513,1.44943
1633.584,1.29574
1631.655,1.17301
1629.727,1.07068
1627.798,0.98227
1625.869,0.90517
1623.941,0.83805
1622.012,0.77902
1620.083,0.72637
1618.155,0.67936
1616.226,0.63786
1614.297,0.60247
1612.369,0.57661
1610.440,0.56156
1608.511,0.54623
1606.583,0.51862
1604.654,0.48426
1602.725,0.45363
1600.797,0.42849
1598.868,0.40699
1596.939,0.38816
1595.011,0.37160
1593.082,0.35673
1591.153,0.34302
1589.225,0.33021
1587.296,0.31801
1585.367,0.30623
1583.439,0.29515
1581.510,0.28520
1579.581,0.27625
1577.653,0.26803
1575.724,0.26068
1573.795,0.25402
1571.867,0.24736
1569.938,0.24058
1568.009,0.23413
1566.081,0.22808
1564.152,0.22237
1562.223,0.21720
1560.295,0.21277
1558.366,0.20925
1556.437,0.20667
1554.509,0.20471
1552.580,0.20284
1550.651,0.20065
1548.723,0.19815
1546.794,0.19525
1544.865,0.19154
1542.937,0.18689
1541.008,0.18161
1539.079,0.17599
1537.151,0.17002
1535.222,0.16394
1533.293,0.15847
1531.364,0.15386
1529.436,0.14964
1527.507,0.14568
1525.578,0.14216
1523.650,0.13886
1521.721,0.13577
1519.792,0.13341
1517.864,0.13203
1515.935,0.13200
1514.006,0.13441
1512.078,0.13992
1510.149,0.14614
1508.220,0.14776
1506.292,0.14233
1504.363,0.13339
1502.434,0.12535
1500.506,0.11950
1498.577,0.11560
1496.648,0.11341
1494.720,0.11273
1492.791,0.11364
1490.862,0.11689
1488.934,0.12387
1487.005,0.13715
1485.076,0.16186
1483.148,0.20556
1481.219,0.27336
1479.290,0.35868
1477.362,0.44164
1475.433,0.50219
1473.504,0.52370
1471.576,0.49935
1469.647,0.45201
1467.718,0.40658
1465.790,0.36645
1463.861,0.32295
1461.932,0.26991
1460.004,0.21824
1458.075,0.18343
1456.146,0.16563
1454.218,0.15583
1452.289,0.14847
1450.360,0.14232
1448.432,0.13732
1446.503,0.13320
1444.574,0.12957
1442.646,0.12633
1440.717,0.12356
1438.788,0.12121
1436.860,0.11945
1434.931,0.11863
1433.002,0.11861
1431.074,0.11925
1429.145,0.12084
1427.216,0.12363
1425.288,0.12750
1423.359,0.13219
1421.430,0.13747
1419.502,0.14325
1417.573,0.14956
1415.644,0.15623
1413.716,0.16343
1411.787,0.17187
1409.858,0.18237
1407.930,0.19577
1406.001,0.21330
1404.072,0.23652
1402.144,0.26638
1400.215,0.30105
1398.286,0.33287
1396.358,0.34890
1394.429,0.34156
1392.500,0.32011
1390.572,0.30265
1388.643,0.29690
1386.714,0.29234
1384.786,0.27258
1382.857,0.23740
1380.928,0.20170
1379.000,0.17564
1377.071,0.15925
1375.142,0.14954
1373.214,0.14474
1371.285,0.14365
1369.356,0.14483
1367.427,0.14707
1365.499,0.14972
1363.570,0.15279
1361.641,0.15664
1359.713,0.16131
1357.784,0.16653
1355.855,0.17208
1353.927,0.17777
1351.998,0.18349
1350.069,0.18934
1348.141,0.19550
1346.212,0.20219
1344.283,0.20977
1342.355,0.21838
1340.426,0.22801
1338.497,0.23865
1336.569,0.25040
1334.640,0.26324
1332.711,0.27727
1330.783,0.29269
1328.854,0.30946
1326.925,0.32726
1324.997,0.34633
1323.068,0.36782
1321.139,0.39304
1319.211,0.42318
1317.282,0.45992
1315.353,0.50622
1313.425,0.56724
1311.496,0.65017
1309.567,0.75871
1307.639,0.87220
1305.710,0.91790
1303.781,0.84774
1301.853,0.74133
1299.924,0.68151
1297.995,0.68970
1296.067,0.75920
1294.138,0.88305
1292.209,1.06565
1290.281,1.31834
1288.352,1.64086
1286.423,1.96762
1284.495,2.00514
1282.566,1.69848
1280.637,1.43054
1278.709,1.31729
1276.780,1.36157
1274.851,1.54118
1272.923,1.79497
1270.994,1.93418
1269.065,1.74922
1267.137,1.44625
1265.208,1.19517
1263.279,1.00852
1261.351,0.87112
1259.422,0.77201
1257.493,0.69743
1255.565,0.63199
1253.636,0.57144
1251.707,0.51971
1249.779,0.47783
1247.850,0.44345
1245.921,0.41442
1243.993,0.38948
1242.064,0.36769
1240.135,0.34797
1238.207,0.32955
1236.278,0.31245
1234.349,0.29689
1232.421,0.28275
1230.492,0.26992
1228.563,0.25845
1226.635,0.24805
1224.706,0.23836
1222.777,0.22947
1220.849,0.22151
1218.920,0.21419
1216.991,0.20735
1215.063,0.20115
1213.134,0.19542
1211.205,0.18981
1209.277,0.18454
1207.348,0.17993
1205.419,0.17563
1203.490,0.17136
1201.562,0.16780
1199.633,0.16619
1197.704,0.16756
1195.776,0.17181
1193.847,0.17614
1191.918,0.17611
1189.990,0.17005
1188.061,0.16060
1186.132,0.15108
1184.204,0.14282
1182.275,0.13604
1180.346,0.13095
1178.418,0.12740
1176.489,0.12497
1174.560,0.12362
1172.632,0.12327
1170.703,0.12318
1168.774,0.12269
1166.846,0.12210
1164.917,0.12188
1162.988,0.12201
1161.060,0.12250
1159.131,0.12308
1157.202,0.12212
1155.274,0.11810
1153.345,0.11191
1151.416,0.10583
1149.488,0.10103
1147.559,0.09757
1145.630,0.09530
1143.702,0.09381
1141.773,0.09268
1139.844,0.09194
1137.916,0.09176
1135.987,0.09175
1134.058,0.09154
1132.130,0.09119
1130.201,0.09077
1128.272,0.09005
1126.344,0.08908
1124.415,0.08814
1122.486,0.08729
1120.558,0.08657
1118.629,0.08631
1116.700,0.08644
1114.772,0.08624
1112.843,0.08549
1110.914,0.08471
1108.986,0.08413
1107.057,0.08362
1105.128,0.08341
1103.200,0.08370
1101.271,0.08418
1099.342,0.08469
1097.414,0.08547
1095.485,0.08651
1093.556,0.08746
1091.628,0.08846
1089.699,0.08986
1087.770,0.09158
1085.842,0.09352
1083.913,0.09601
1081.984,0.09904
1080.056,0.10212
1078.127,0.10513
1076.198,0.10836
1074.270,0.11181
1072.341,0.11539
1070.412,0.11957
1068.484,0.12471
1066.555,0.13058
1064.626,0.13712
1062.698,0.14475
1060.769,0.15365
1058.840,0.16384
1056.912,0.17589
1054.983,0.19058
1053.054,0.20835
1051.126,0.23010
1049.197,0.25782
1047.268,0.29440
1045.339,0.34403
1043.411,0.41289
1041.482,0.50569
1039.553,0.60925
1037.625,0.66824
1035.696,0.62820
1033.767,0.52768
1031.839,0.43186
1029.910,0.36206
1027.981,0.31417
1026.053,0.28070
1024.124,0.25735
1022.195,0.24258
1020.267,0.23629
1018.338,0.23871
1016.409,0.25064
1014.481,0.27439
1012.552,0.31455
1010.623,0.37905
1008.695,0.47907
1006.766,0.62004
1004.837,0.77868
1002.909,0.88612
1000.980,0.88036
999.051,0.78046
997.123,0.64572
995.194,0.51812
993.265,0.41392
991.337,0.33502
989.408,0.27842
987.479,0.23923
985.551,0.21146
983.622,0.19027
981.693,0.17353
979.765,0.16021
977.836,0.14925
975.907,0.14001
973.979,0.13236
972.050,0.12654
970.121,0.12280
968.193,0.12107
966.264,0.12123
964.335,0.12359
962.407,0.12838
960.478,0.13554
958.549,0.14529
956.621,0.15811
954.692,0.17422
952.763,0.19366
950.835,0.21671
948.906,0.24388
946.977,0.27605
945.049,0.31425
943.120,0.35660
941.191,0.39325
939.263,0.40854
937.334,0.39516
935.405,0.36264
933.477,0.32596
931.548,0.29332
929.619,0.26616
927.691,0.24412
925.762,0.22754
923.833,0.21726
921.905,0.21359
919.976,0.21572
918.047,0.22223
916.119,0.23220
914.190,0.24542
912.261,0.26180
910.333,0.28129
908.404,0.30379
906.475,0.32865
904.547,0.35425
902.618,0.37836
900.689,0.39863
898.761,0.41334
896.832,0.42277
894.903,0.42959
892.975,0.43732
891.046,0.44870
889.117,0.46560
887.189,0.48969
885.260,0.52291
883.331,0.56785
881.402,0.62813
879.474,0.70821
877.545,0.81255
875.616,0.94419
873.688,1.10103
871.759,1.26573
869.830,1.38890
867.902,1.40785
865.973,1.33957
864.044,1.26795
862.116,1.24459
860.187,1.27635
858.258,1.34634
856.330,1.42960
854.401,1.50474
852.472,1.55936
850.544,1.58760
848.615,1.58524
846.686,1.54673
844.758,1.47290
842.829,1.38351
840.900,1.30505
838.972,1.24451
837.043,1.18439
835.114,1.10641
833.186,1.01319
831.257,0.91891
829.328,0.83346
827.400,0.75983
825.471,0.69775
823.542,0.64637
821.614,0.60450
819.685,0.57018
817.756,0.54113
815.828,0.51558
813.899,0.49216
811.970,0.46955
810.042,0.44706
808.113,0.42489
806.184,0.40347
804.256,0.38313
802.327,0.36416
800.398,0.34672
798.470,0.33066
796.541,0.31568
794.612,0.30175
792.684,0.28889
790.755,0.27688
788.826,0.26555
786.898,0.25495
784.969,0.24507
783.040,0.23581
781.112,0.22729
779.183,0.21975
777.254,0.21334
775.326,0.20838
773.397,0.20574
771.468,0.20646
769.540,0.21124
767.611,0.22076
765.682,0.23643
763.754,0.26202
761.825,0.30712
759.896,0.39083
757.968,0.53668
756.039,0.72924
754.110,0.81082
752.182,0.69447
750.253,0.57985
748.324,0.55019
746.396,0.56366
744.467,0.55527
742.538,0.51067
740.610,0.45516
738.681,0.40601
736.752,0.36748
734.824,0.34046
732.895,0.32570
730.966,0.31710
729.038,0.30152
727.109,0.27682
725.180,0.25523
723.251,0.24707
721.323,0.25139
719.394,0.25266
717.465,0.23911
715.537,0.22376
713.608,0.22520
711.679,0.25235
709.751,0.31466
707.822,0.42409
705.893,0.57416
703.965,0.70042
702.036,0.70763
700.107,0.61882
698.179,0.51883
696.250,0.44084
694.321,0.38533
692.393,0.34617
690.464,0.31818
688.535,0.29772
686.607,0.28212
684.678,0.26962
682.749,0.25908
680.821,0.24960
678.892,0.24077
676.963,0.23264
675.035,0.22524
673.106,0.21847
671.177,0.21245
669.249,0.20719
667.320,0.20222
665.391,0.19737
663.463,0.19300
661.534,0.18914
659.605,0.18545
657.677,0.18191
655.748,0.17866
653.819,0.17545
651.891,0.17207
649.962,0.16864
648.033,0.16525
646.105,0.16175
644.176,0.15817
642.247,0.15473
640.319,0.15128
638.390,0.14782
636.461,0.14488
634.533,0.14317
632.604,0.14428
630.675,0.15394
628.747,0.18653
626.818,0.26019
624.889,0.36603
622.961,0.43772
621.032,0.43424
619.103,0.40298
617.175,0.36237
615.246,0.30773
613.317,0.25907
611.389,0.22845
609.460,0.21040
607.531,0.19872
605.603,0.19040
603.674,0.18388
601.745,0.17864
599.817,0.17442
597.888,0.17067
595.959,0.16719
594.031,0.16413
592.102,0.16148
590.173,0.15894
588.245,0.15651
586.316,0.15436
584.387,0.15236
582.459,0.15043
580.530,0.14881
578.601,0.14750
576.673,0.14621
574.744,0.14489
572.815,0.14374
570.887,0.14266
568.958,0.14150
567.029,0.14036
565.101,0.13939
563.172,0.13847
561.243,0.13752
559.314,0.13663
557.386,0.13575
555.457,0.13483
553.528,0.13399
551.600,0.13322
549.671,0.13241
547.742,0.13161
545.814,0.13098
543.885,0.13044
541.956,0.12990
540.028,0.12944
538.099,0.12903
536.170,0.12851
534.242,0.12791
532.313,0.12732
530.384,0.12667
528.456,0.12590
526.527,0.12518
524.598,0.12462
522.670,0.12424
520.741,0.12399
518.812,0.12375
516.884,0.12344
514.955,0.12315
513.026,0.12291
511.098,0.12257
509.169,0.12202
507.240,0.12152
505.312,0.12117
503.383,0.12074
501.454,0.12028
499.526,0.11993
497.597,0.11961
495.668,0.11933
493.740,0.11926
491.811,0.11929
489.882,0.11912
487.954,0.11892
486.025,0.11890
484.096,0.11887
482.168,0.11880
480.239,0.11907
478.310,0.11956
476.382,0.11964
474.453,0.11944
472.524,0.11956
470.596,0.12025
468.667,0.12204
466.738,0.12615
464.810,0.13437
462.881,0.14858
460.952,0.16659
459.024,0.17818
457.095,0.17412
455.166,0.15873
453.238,0.14281
451.309,0.13165
449.380,0.12509
447.452,0.12130
445.523,0.11878
443.594,0.11691
441.666,0.11547
439.737,0.11458
437.808,0.11434
435.880,0.11427
433.951,0.11380
432.022,0.11293
430.094,0.11221
428.165,0.11210
426.236,0.11253
424.308,0.11301
422.379,0.11312
420.450,0.11283
418.522,0.11193
416.593,0.11108
414.664,0.11199
412.736,0.11412
410.807,0.11606
408.878,0.11823
406.950,0.12136
405.021,0.12645
403.092,0.13263
401.163,0.13616
399.235,0.14061
