6999.146,0.31296
6997.217,0.31290
6995.288,0.31300
6993.360,0.31295
6991.431,0.31265
6989.502,0.31229
6987.574,0.31211
6985.645,0.31207
6983.716,0.31194
6981.788,0.31173
6979.859,0.31165
6977.930,0.31179
6976.002,0.31191
6974.073,0.31181
6972.144,0.31156
6970.216,0.31141
6968.287,0.31138
6966.358,0.31131
6964.430,0.31120
6962.501,0.31113
6960.572,0.31097
6958.644,0.31074
6956.715,0.31057
6954.786,0.31042
6952.858,0.31023
6950.929,0.31008
6949.000,0.31005
6947.072,0.31006
6945.143,0.30999
6943.214,0.30979
6941.286,0.30953
6939.357,0.30930
6937.428,0.30915
6935.500,0.30905
6933.571,0.30895
6931.642,0.30881
6929.714,0.30866
6927.785,0.30858
6925.856,0.30849
6923.928,0.30823
6921.999,0.30798
6920.070,0.30794
6918.142,0.30794
6916.213,0.30781
6914.284,0.30759
6912.356,0.30742
6910.427,0.30734
6908.498,0.30731
6906.570,0.30723
6904.641,0.30710
6902.712,0.30690
6900.784,0.30666
6898.855,0.30651
6896.926,0.30652
6894.998,0.30652
6893.069,0.30638
6891.140,0.30617
6889.212,0.30601
6887.283,0.30591
6885.354,0.30578
6883.426,0.30555
6881.497,0.30536
6879.568,0.30527
6877.640,0.30518
6875.711,0.30505
6873.782,0.30490
6871.854,0.30480
6869.925,0.30475
6867.996,0.30466
6866.068,0.30457
6864.139,0.30449
6862.210,0.30431
6860.282,0.30409
6858.353,0.30392
6856.424,0.30380
6854.496,0.30376
6852.567,0.30376
6850.638,0.30364
6848.709,0.30338
6846.781,0.30309
6844.852,0.30286
6842.923,0.30273
6840.995,0.30264
6839.066,0.30250
6837.137,0.30232
6835.209,0.30216
6833.280,0.30204
6831.351,0.30193
6829.423,0.30180
6827.494,0.30167
6825.565,0.30155
6823.637,0.30143
6821.708,0.30135
6819.779,0.30121
6817.851,0.30102
6815.922,0.30088
6813.993,0.30070
6812.065,0.30050
6810.136,0.30043
6808.207,0.30037
6806.279,0.30021
6804.350,0.29999
6802.421,0.29981
6800.493,0.29966
6798.564,0.29952
6796.635,0.29942
6794.707,0.29945
6792.778,0.29947
6790.849,0.29933
6788.921,0.29914
6786.992,0.29900
6785.063,0.29886
6783.135,0.29871
6781.206,0.29852
6779.277,0.29834
6777.349,0.29820
6775.420,0.29806
6773.491,0.29793
6771.563,0.29779
6769.634,0.29758
6767.705,0.29735
6765.777,0.29726
6763.848,0.29726
6761.919,0.29723
6759.991,0.29712
6758.062,0.29691
6756.133,0.29668
6754.205,0.29653
6752.276,0.29649
6750.347,0.29649
6748.419,0.29636
6746.490,0.29607
6744.561,0.29577
6742.633,0.29556
6740.704,0.29541
6738.775,0.29528
6736.847,0.29518
6734.918,0.29503
6732.989,0.29486
6731.061,0.29471
6729.132,0.29464
6727.203,0.29464
6725.275,0.29457
6723.346,0.29438
6721.417,0.29424
6719.489,0.29419
6717.560,0.29405
6715.631,0.29383
6713.703,0.29363
6711.774,0.29348
6709.845,0.29342
6707.917,0.29343
6705.988,0.29333
6704.059,0.29314
6702.131,0.29296
6700.202,0.29279
6698.273,0.29264
6696.345,0.29260
6694.416,0.29261
6692.487,0.29245
6690.558,0.29212
6688.630,0.29182
6686.701,0.29163
6684.772,0.29151
6682.844,0.29148
6680.915,0.29143
6678.986,0.29123
6677.058,0.29106
6675.129,0.29103
6673.200,0.29095
6671.272,0.29079
6669.343,0.29065
6667.414,0.29048
6665.486,0.29029
6663.557,0.29016
6661.628,0.29004
6659.700,0.28989
6657.771,0.28974
6655.842,0.28964
6653.914,0.28953
6651.985,0.28941
6650.056,0.28936
6648.128,0.28936
6646.199,0.28931
6644.270,0.28913
6642.342,0.28887
6640.413,0.28863
6638.484,0.28852
6636.556,0.28850
6634.627,0.28843
6632.698,0.28825
6630.770,0.28802
6628.841,0.28787
6626.912,0.28784
6624.984,0.28784
6623.055,0.28780
6621.126,0.28771
6619.198,0.28756
6617.269,0.28737
6615.340,0.28720
6613.412,0.28712
6611.483,0.28704
6609.554,0.28687
6607.626,0.28669
6605.697,0.28654
6603.768,0.28639
6601.840,0.28629
6599.911,0.28620
6597.982,0.28606
6596.054,0.28594
6594.125,0.28589
6592.196,0.28578
6590.268,0.28568
6588.339,0.28567
6586.410,0.28558
6584.482,0.28539
6582.553,0.28520
6580.624,0.28507
6578.696,0.28499
6576.767,0.28497
6574.838,0.28497
6572.910,0.28491
6570.981,0.28484
6569.052,0.28478
6567.124,0.28467
6565.195,0.28450
6563.266,0.28438
6561.338,0.28436
6559.409,0.28442
6557.480,0.28453
6555.552,0.28458
6553.623,0.28446
6551.694,0.28425
6549.766,0.28412
6547.837,0.28406
6545.908,0.28399
6543.980,0.28378
6542.051,0.28344
6540.122,0.28308
6538.194,0.28286
6536.265,0.28271
6534.336,0.28251
6532.408,0.28225
6530.479,0.28203
6528.550,0.28183
6526.621,0.28163
6524.693,0.28149
6522.764,0.28140
6520.835,0.28128
6518.907,0.28108
6516.978,0.28087
6515.049,0.28071
6513.121,0.28056
6511.192,0.28043
6509.263,0.28033
6507.335,0.28024
6505.406,0.28012
6503.477,0.27998
6501.549,0.27981
6499.620,0.27965
6497.691,0.27955
6495.763,0.27945
6493.834,0.27926
6491.905,0.27902
6489.977,0.27889
6488.048,0.27887
6486.119,0.27879
6484.191,0.27859
6482.262,0.27846
6480.333,0.27837
6478.405,0.27821
6476.476,0.27803
6474.547,0.27788
6472.619,0.27771
6470.690,0.27761
6468.761,0.27757
6466.833,0.27746
6464.904,0.27726
6462.975,0.27708
6461.047,0.27699
6459.118,0.27691
6457.189,0.27678
6455.261,0.27667
6453.332,0.27663
6451.403,0.27654
6449.475,0.27634
6447.546,0.27616
6445.617,0.27602
6443.689,0.27591
6441.760,0.27581
6439.831,0.27569
6437.903,0.27551
6435.974,0.27531
6434.045,0.27512
6432.117,0.27498
6430.188,0.27484
6428.259,0.27458
6426.331,0.27432
6424.402,0.27420
6422.473,0.27410
6420.545,0.27395
6418.616,0.27386
6416.687,0.27385
6414.759,0.27382
6412.830,0.27373
6410.901,0.27365
6408.973,0.27359
6407.044,0.27347
6405.115,0.27330
6403.187,0.27312
6401.258,0.27297
6399.329,0.27284
6397.401,0.27274
6395.472,0.27265
6393.543,0.27251
6391.615,0.27228
6389.686,0.27203
6387.757,0.27188
6385.829,0.27188
6383.900,0.27187
6381.971,0.27178
6380.043,0.27163
6378.114,0.27147
6376.185,0.27134
6374.257,0.27127
6372.328,0.27119
6370.399,0.27107
6368.471,0.27095
6366.542,0.27088
6364.613,0.27085
6362.684,0.27074
6360.756,0.27052
6358.827,0.27030
6356.898,0.27014
6354.970,0.27006
6353.041,0.27000
6351.112,0.26986
6349.184,0.26960
6347.255,0.26935
6345.326,0.26918
6343.398,0.26912
6341.469,0.26914
6339.540,0.26912
6337.612,0.26898
6335.683,0.26877
6333.754,0.26862
6331.826,0.26850
6329.897,0.26840
6327.968,0.26834
6326.040,0.26823
6324.111,0.26803
6322.182,0.26781
6320.254,0.26761
6318.325,0.26746
6316.396,0.26742
6314.468,0.26745
6312.539,0.26738
6310.610,0.26718
6308.682,0.26694
6306.753,0.26680
6304.824,0.26673
6302.896,0.26668
6300.967,0.26661
6299.038,0.26651
6297.110,0.26635
6295.181,0.26613
6293.252,0.26592
6291.324,0.26579
6289.395,0.26573
6287.466,0.26569
6285.538,0.26563
6283.609,0.26553
6281.680,0.26537
6279.752,0.26522
6277.823,0.26512
6275.894,0.26503
6273.966,0.26493
6272.037,0.26484
6270.108,0.26475
6268.180,0.26463
6266.251,0.26449
6264.322,0.26434
6262.394,0.26415
6260.465,0.26398
6258.536,0.26387
6256.608,0.26376
6254.679,0.26367
6252.750,0.26360
6250.822,0.26343
6248.893,0.26318
6246.964,0.26302
6245.036,0.26301
6243.107,0.26302
6241.178,0.26290
6239.250,0.26269
6237.321,0.26252
6235.392,0.26235
6233.464,0.26216
6231.535,0.26206
6229.606,0.26204
6227.678,0.26201
6225.749,0.26192
6223.820,0.26179
6221.892,0.26167
6219.963,0.26149
6218.034,0.26124
6216.106,0.26102
6214.177,0.26091
6212.248,0.26086
6210.320,0.26081
6208.391,0.26069
6206.462,0.26048
6204.533,0.26026
6202.605,0.26013
6200.676,0.26006
6198.747,0.25997
6196.819,0.25982
6194.890,0.25964
6192.961,0.25954
6191.033,0.25949
6189.104,0.25941
6187.175,0.25929
6185.247,0.25920
6183.318,0.25909
6181.389,0.25889
6179.461,0.25868
6177.532,0.25859
6175.603,0.25860
6173.675,0.25856
6171.746,0.25844
6169.817,0.25828
6167.889,0.25813
6165.960,0.25801
6164.031,0.25788
6162.103,0.25776
6160.174,0.25766
6158.245,0.25757
6156.317,0.25749
6154.388,0.25742
6152.459,0.25732
6150.531,0.25722
6148.602,0.25711
6146.673,0.25701
6144.745,0.25690
6142.816,0.25679
6140.887,0.25671
6138.959,0.25664
6137.030,0.25655
6135.101,0.25645
6133.173,0.25636
6131.244,0.25628
6129.315,0.25619
6127.387,0.25609
6125.458,0.25602
6123.529,0.25595
6121.601,0.25586
6119.672,0.25577
6117.743,0.25567
6115.815,0.25555
6113.886,0.25542
6111.957,0.25529
6110.029,0.25517
6108.100,0.25506
6106.171,0.25495
6104.243,0.25482
6102.314,0.25470
6100.385,0.25469
6098.457,0.25474
6096.528,0.25466
6094.599,0.25446
6092.671,0.25425
6090.742,0.25406
6088.813,0.25397
6086.885,0.25395
6084.956,0.25392
6083.027,0.25386
6081.099,0.25378
6079.170,0.25368
6077.241,0.25360
6075.313,0.25356
6073.384,0.25353
6071.455,0.25349
6069.527,0.25346
6067.598,0.25346
6065.669,0.25345
6063.741,0.25343
6061.812,0.25348
6059.883,0.25361
6057.955,0.25380
6056.026,0.25401
6054.097,0.25423
6052.169,0.25445
6050.240,0.25468
6048.311,0.25483
6046.383,0.25474
6044.454,0.25437
6042.525,0.25383
6040.596,0.25329
6038.668,0.25281
6036.739,0.25237
6034.810,0.25198
6032.882,0.25164
6030.953,0.25138
6029.024,0.25123
6027.096,0.25113
6025.167,0.25104
6023.238,0.25098
6021.310,0.25098
6019.381,0.25105
6017.452,0.25114
6015.524,0.25125
6013.595,0.25130
6011.666,0.25122
6009.738,0.25100
6007.809,0.25069
6005.880,0.25040
6003.952,0.25019
6002.023,0.25002
6000.094,0.24988
5998.166,0.24977
5996.237,0.24969
5994.308,0.24964
5992.380,0.24962
5990.451,0.24965
5988.522,0.24970
5986.594,0.24971
5984.665,0.24976
5982.736,0.24990
5980.808,0.25014
5978.879,0.25045
5976.950,0.25079
5975.022,0.25113
5973.093,0.25139
5971.164,0.25152
5969.236,0.25149
5967.307,0.25129
5965.378,0.25086
5963.450,0.25024
5961.521,0.24964
5959.592,0.24924
5957.664,0.24902
5955.735,0.24884
5953.806,0.24866
5951.878,0.24850
5949.949,0.24835
5948.020,0.24828
5946.092,0.24830
5944.163,0.24834
5942.234,0.24834
5940.306,0.24830
5938.377,0.24827
5936.448,0.24830
5934.520,0.24833
5932.591,0.24833
5930.662,0.24838
5928.734,0.24850
5926.805,0.24860
5924.876,0.24865
5922.948,0.24871
5921.019,0.24877
5919.090,0.24875
5917.162,0.24866
5915.233,0.24861
5913.304,0.24861
5911.376,0.24855
5909.447,0.24844
5907.518,0.24830
5905.590,0.24813
5903.661,0.24792
5901.732,0.24769
5899.804,0.24750
5897.875,0.24739
5895.946,0.24735
5894.018,0.24737
5892.089,0.24744
5890.160,0.24753
5888.232,0.24762
5886.303,0.24771
5884.374,0.24780
5882.445,0.24787
5880.517,0.24791
5878.588,0.24798
5876.659,0.24808
5874.731,0.24815
5872.802,0.24821
5870.873,0.24829
5868.945,0.24842
5867.016,0.24855
5865.087,0.24870
5863.159,0.24891
5861.230,0.24912
5859.301,0.24925
5857.373,0.24931
5855.444,0.24933
5853.515,0.24937
5851.587,0.24945
5849.658,0.24958
5847.729,0.24969
5845.801,0.24970
5843.872,0.24962
5841.943,0.24954
5840.015,0.24947
5838.086,0.24944
5836.157,0.24939
5834.229,0.24924
5832.300,0.24897
5830.371,0.24864
5828.443,0.24828
5826.514,0.24792
5824.585,0.24758
5822.657,0.24722
5820.728,0.24685
5818.799,0.24657
5816.871,0.24638
5814.942,0.24621
5813.013,0.24598
5811.085,0.24574
5809.156,0.24553
5807.227,0.24532
5805.299,0.24509
5803.370,0.24483
5801.441,0.24459
5799.513,0.24437
5797.584,0.24415
5795.655,0.24390
5793.727,0.24358
5791.798,0.24324
5789.869,0.24294
5787.941,0.24267
5786.012,0.24239
5784.083,0.24213
5782.155,0.24195
5780.226,0.24177
5778.297,0.24151
5776.369,0.24122
5774.440,0.24095
5772.511,0.24066
5770.583,0.24031
5768.654,0.23995
5766.725,0.23960
5764.797,0.23924
5762.868,0.23888
5760.939,0.23856
5759.011,0.23832
5757.082,0.23814
5755.153,0.23796
5753.225,0.23780
5751.296,0.23766
5749.367,0.23751
5747.439,0.23735
5745.510,0.23721
5743.581,0.23705
5741.653,0.23689
5739.724,0.23675
5737.795,0.23664
5735.867,0.23652
5733.938,0.23642
5732.009,0.23641
5730.081,0.23646
5728.152,0.23647
5726.223,0.23650
5724.295,0.23660
5722.366,0.23673
5720.437,0.23687
5718.508,0.23705
5716.580,0.23726
5714.651,0.23744
5712.722,0.23763
5710.794,0.23795
5708.865,0.23834
5706.936,0.23868
5705.008,0.23898
5703.079,0.23931
5701.150,0.23959
5699.222,0.23967
5697.293,0.23950
5695.364,0.23908
5693.436,0.23843
5691.507,0.23767
5689.578,0.23692
5687.650,0.23623
5685.721,0.23557
5683.792,0.23498
5681.864,0.23452
5679.935,0.23412
5678.006,0.23372
5676.078,0.23334
5674.149,0.23302
5672.220,0.23276
5670.292,0.23250
5668.363,0.23220
5666.434,0.23189
5664.506,0.23162
5662.577,0.23138
5660.648,0.23111
5658.720,0.23088
5656.791,0.23066
5654.862,0.23039
5652.934,0.23009
5651.005,0.22985
5649.076,0.22967
5647.148,0.22951
5645.219,0.22934
5643.290,0.22915
5641.362,0.22897
5639.433,0.22880
5637.504,0.22862
5635.576,0.22842
5633.647,0.22823
5631.718,0.22808
5629.790,0.22797
5627.861,0.22788
5625.932,0.22775
5624.004,0.22758
5622.075,0.22740
5620.146,0.22725
5618.218,0.22713
5616.289,0.22705
5614.360,0.22696
5612.432,0.22685
5610.503,0.22669
5608.574,0.22649
5606.646,0.22629
5604.717,0.22617
5602.788,0.22612
5600.860,0.22606
5598.931,0.22592
5597.002,0.22573
5595.074,0.22553
5593.145,0.22534
5591.216,0.22518
5589.288,0.22510
5587.359,0.22505
5585.430,0.22499
5583.502,0.22486
5581.573,0.22470
5579.644,0.22456
5577.716,0.22444
5575.787,0.22432
5573.858,0.22424
5571.930,0.22419
5570.001,0.22412
5568.072,0.22400
5566.144,0.22387
5564.215,0.22380
5562.286,0.22373
5560.357,0.22361
5558.429,0.22348
5556.500,0.22336
5554.571,0.22328
5552.643,0.22319
5550.714,0.22308
5548.785,0.22299
5546.857,0.22293
5544.928,0.22285
5542.999,0.22277
5541.071,0.22269
5539.142,0.22261
5537.213,0.22254
5535.285,0.22245
5533.356,0.22231
5531.427,0.22218
5529.499,0.22206
5527.570,0.22190
5525.641,0.22170
5523.713,0.22147
5521.784,0.22131
5519.855,0.22124
5517.927,0.22119
5515.998,0.22110
5514.069,0.22098
5512.141,0.22081
5510.212,0.22062
5508.283,0.22044
5506.355,0.22032
5504.426,0.22025
5502.497,0.22019
5500.569,0.22012
5498.640,0.22002
5496.711,0.21988
5494.783,0.21968
5492.854,0.21951
5490.925,0.21942
5488.997,0.21936
5487.068,0.21929
5485.139,0.21922
5483.211,0.21916
5481.282,0.21909
5479.353,0.21895
5477.425,0.21871
5475.496,0.21854
5473.567,0.21852
5471.639,0.21851
5469.710,0.21841
5467.781,0.21828
5465.853,0.21815
5463.924,0.21799
5461.995,0.21785
5460.067,0.21779
5458.138,0.21777
5456.209,0.21773
5454.281,0.21765
5452.352,0.21748
5450.423,0.21730
5448.495,0.21718
5446.566,0.21711
5444.637,0.21701
5442.709,0.21685
5440.780,0.21675
5438.851,0.21669
5436.923,0.21652
5434.994,0.21637
5433.065,0.21634
5431.137,0.21623
5429.208,0.21612
5427.279,0.21615
5425.351,0.21617
5423.422,0.21610
5421.493,0.21599
5419.565,0.21586
5417.636,0.21568
5415.707,0.21542
5413.779,0.21521
5411.850,0.21513
5409.921,0.21516
5407.993,0.21519
5406.064,0.21511
5404.135,0.21499
5402.207,0.21493
5400.278,0.21486
5398.349,0.21470
5396.420,0.21451
5394.492,0.21438
5392.563,0.21435
5390.634,0.21436
5388.706,0.21427
5386.777,0.21412
5384.848,0.21403
5382.920,0.21399
5380.991,0.21388
5379.062,0.21369
5377.134,0.21355
5375.205,0.21355
5373.276,0.21360
5371.348,0.21356
5369.419,0.21345
5367.490,0.21333
5365.562,0.21324
5363.633,0.21318
5361.704,0.21317
5359.776,0.21314
5357.847,0.21302
5355.918,0.21284
5353.990,0.21273
5352.061,0.21274
5350.132,0.21272
5348.204,0.21258
5346.275,0.21238
5344.346,0.21230
5342.418,0.21230
5340.489,0.21216
5338.560,0.21200
5336.632,0.21199
5334.703,0.21199
5332.774,0.21193
5330.846,0.21184
5328.917,0.21175
5326.988,0.21168
5325.060,0.21163
5323.131,0.21153
5321.202,0.21140
5319.274,0.21128
5317.345,0.21118
5315.416,0.21107
5313.488,0.21097
5311.559,0.21085
5309.630,0.21067
5307.702,0.21048
5305.773,0.21035
5303.844,0.21024
5301.916,0.21011
5299.987,0.20999
5298.058,0.20991
5296.130,0.20982
5294.201,0.20967
5292.272,0.20948
5290.344,0.20934
5288.415,0.20929
5286.486,0.20921
5284.558,0.20911
5282.629,0.20903
5280.700,0.20898
5278.772,0.20892
5276.843,0.20883
5274.914,0.20870
5272.986,0.20856
5271.057,0.20844
5269.128,0.20833
5267.200,0.20818
5265.271,0.20800
5263.342,0.20790
5261.414,0.20788
5259.485,0.20780
5257.556,0.20764
5255.628,0.20751
5253.699,0.20751
5251.770,0.20745
5249.842,0.20724
5247.913,0.20705
5245.984,0.20694
5244.056,0.20688
5242.127,0.20685
5240.198,0.20681
5238.269,0.20674
5236.341,0.20667
5234.412,0.20657
5232.483,0.20645
5230.555,0.20636
5228.626,0.20624
5226.697,0.20610
5224.769,0.20604
5222.840,0.20603
5220.911,0.20596
5218.983,0.20587
5217.054,0.20582
5215.125,0.20579
5213.197,0.20570
5211.268,0.20550
5209.339,0.20525
5207.411,0.20509
5205.482,0.20514
5203.553,0.20529
5201.625,0.20531
5199.696,0.20517
5197.767,0.20500
5195.839,0.20492
5193.910,0.20487
5191.981,0.20479
5190.053,0.20468
5188.124,0.20455
5186.195,0.20442
5184.267,0.20435
5182.338,0.20434
5180.409,0.20431
5178.481,0.20423
5176.552,0.20411
5174.623,0.20399
5172.695,0.20390
5170.766,0.20384
5168.837,0.20378
5166.909,0.20369
5164.980,0.20357
5163.051,0.20349
5161.123,0.20342
5159.194,0.20333
5157.265,0.20324
5155.337,0.20315
5153.408,0.20307
5151.479,0.20300
5149.551,0.20291
5147.622,0.20280
5145.693,0.20269
5143.765,0.20257
5141.836,0.20249
5139.907,0.20247
5137.979,0.20245
5136.050,0.20236
5134.121,0.20225
5132.193,0.20221
5130.264,0.20219
5128.335,0.20213
5126.407,0.20206
5124.478,0.20201
5122.549,0.20198
5120.621,0.20194
5118.692,0.20187
5116.763,0.20177
5114.835,0.20162
5112.906,0.20147
5110.977,0.20133
5109.049,0.20120
5107.120,0.20106
5105.191,0.20092
5103.263,0.20081
5101.334,0.20070
5099.405,0.20060
5097.477,0.20051
5095.548,0.20044
5093.619,0.20036
5091.691,0.20028
5089.762,0.20023
5087.833,0.20019
5085.905,0.20012
5083.976,0.19998
5082.047,0.19981
5080.119,0.19964
5078.190,0.19952
5076.261,0.19944
5074.332,0.19934
5072.404,0.19919
5070.475,0.19902
5068.546,0.19887
5066.618,0.19873
5064.689,0.19858
5062.760,0.19842
5060.832,0.19828
5058.903,0.19816
5056.974,0.19806
5055.046,0.19797
5053.117,0.19790
5051.188,0.19782
5049.260,0.19773
5047.331,0.19763
5045.402,0.19753
5043.474,0.19744
5041.545,0.19735
5039.616,0.19724
5037.688,0.19717
5035.759,0.19713
5033.830,0.19707
5031.902,0.19699
5029.973,0.19690
5028.044,0.19679
5026.116,0.19670
5024.187,0.19659
5022.258,0.19647
5020.330,0.19635
5018.401,0.19625
5016.472,0.19618
5014.544,0.19611
5012.615,0.19603
5010.686,0.19590
5008.758,0.19577
5006.829,0.19566
5004.900,0.19556
5002.972,0.19548
5001.043,0.19538
4999.114,0.19527
4997.186,0.19516
4995.257,0.19506
4993.328,0.19496
4991.400,0.19489
4989.471,0.19483
4987.542,0.19474
4985.614,0.19463
4983.685,0.19453
4981.756,0.19445
4979.828,0.19436
4977.899,0.19425
4975.970,0.19415
4974.042,0.19407
4972.113,0.19400
4970.184,0.19392
4968.256,0.19383
4966.327,0.19373
4964.398,0.19361
4962.470,0.19351
4960.541,0.19343
4958.612,0.19334
4956.684,0.19323
4954.755,0.19310
4952.826,0.19299
4950.898,0.19290
4948.969,0.19281
4947.040,0.19273
4945.112,0.19268
4943.183,0.19262
4941.254,0.19253
4939.326,0.19244
4937.397,0.19235
4935.468,0.19226
4933.540,0.19216
4931.611,0.19207
4929.682,0.19196
4927.754,0.19186
4925.825,0.19178
4923.896,0.19169
4921.968,0.19159
4920.039,0.19152
4918.110,0.19149
4916.181,0.19145
4914.253,0.19137
4912.324,0.19126
4910.395,0.19117
4908.467,0.19107
4906.538,0.19095
4904.609,0.19085
4902.681,0.19077
4900.752,0.19067
4898.823,0.19059
4896.895,0.19056
4894.966,0.19058
4893.037,0.19067
4891.109,0.19082
4889.180,0.19103
4887.251,0.19125
4885.323,0.19135
4883.394,0.19125
4881.465,0.19095
4879.537,0.19056
4877.608,0.19018
4875.679,0.18988
4873.751,0.18965
4871.822,0.18946
4869.893,0.18931
4867.965,0.18920
4866.036,0.18911
4864.107,0.18901
4862.179,0.18893
4860.250,0.18883
4858.321,0.18870
4856.393,0.18855
4854.464,0.18846
4852.535,0.18842
4850.607,0.18837
4848.678,0.18827
4846.749,0.18819
4844.821,0.18811
4842.892,0.18800
4840.963,0.18789
4839.035,0.18781
4837.106,0.18774
4835.177,0.18764
4833.249,0.18752
4831.320,0.18743
4829.391,0.18735
4827.463,0.18729
4825.534,0.18723
4823.605,0.18717
4821.677,0.18707
4819.748,0.18702
4817.819,0.18700
4815.891,0.18696
4813.962,0.18686
4812.033,0.18675
4810.105,0.18667
4808.176,0.18661
4806.247,0.18654
4804.319,0.18649
4802.390,0.18644
4800.461,0.18637
4798.533,0.18627
4796.604,0.18613
4794.675,0.18599
4792.747,0.18590
4790.818,0.18583
4788.889,0.18573
4786.961,0.18560
4785.032,0.18546
4783.103,0.18535
4781.175,0.18531
4779.246,0.18527
4777.317,0.18518
4775.389,0.18508
4773.460,0.18502
4771.531,0.18494
4769.603,0.18487
4767.674,0.18478
4765.745,0.18467
4763.817,0.18456
4761.888,0.18449
4759.959,0.18443
4758.031,0.18433
4756.102,0.18424
4754.173,0.18416
4752.244,0.18407
4750.316,0.18400
4748.387,0.18391
4746.458,0.18383
4744.530,0.18376
4742.601,0.18367
4740.672,0.18357
4738.744,0.18350
4736.815,0.18344
4734.886,0.18338
4732.958,0.18332
4731.029,0.18328
4729.100,0.18322
4727.172,0.18310
4725.243,0.18298
4723.314,0.18289
4721.386,0.18280
4719.457,0.18273
4717.528,0.18268
4715.600,0.18262
4713.671,0.18255
4711.742,0.18248
4709.814,0.18242
4707.885,0.18236
4705.956,0.18227
4704.028,0.18219
4702.099,0.18212
4700.170,0.18207
4698.242,0.18206
4696.313,0.18212
4694.384,0.18216
4692.456,0.18215
4690.527,0.18216
4688.598,0.18218
4686.670,0.18215
4684.741,0.18209
4682.812,0.18206
4680.884,0.18208
4678.955,0.18210
4677.026,0.18210
4675.098,0.18207
4673.169,0.18203
4671.240,0.18199
4669.312,0.18190
4667.383,0.18176
4665.454,0.18162
4663.526,0.18149
4661.597,0.18138
4659.668,0.18129
4657.740,0.18122
4655.811,0.18113
4653.882,0.18104
4651.954,0.18092
4650.025,0.18078
4648.096,0.18065
4646.168,0.18056
4644.239,0.18047
4642.310,0.18038
4640.382,0.18031
4638.453,0.18027
4636.524,0.18026
4634.596,0.18025
4632.667,0.18020
4630.738,0.18010
4628.810,0.17995
4626.881,0.17977
4624.952,0.17960
4623.024,0.17947
4621.095,0.17932
4619.166,0.17915
4617.238,0.17897
4615.309,0.17880
4613.380,0.17867
4611.452,0.17856
4609.523,0.17843
4607.594,0.17828
4605.666,0.17817
4603.737,0.17810
4601.808,0.17804
4599.880,0.17797
4597.951,0.17790
4596.022,0.17785
4594.093,0.17780
4592.165,0.17776
4590.236,0.17773
4588.307,0.17768
4586.379,0.17763
4584.450,0.17761
4582.521,0.17759
4580.593,0.17755
4578.664,0.17749
4576.735,0.17742
4574.807,0.17737
4572.878,0.17735
4570.949,0.17737
4569.021,0.17738
4567.092,0.17737
4565.163,0.17732
4563.235,0.17725
4561.306,0.17718
4559.377,0.17710
4557.449,0.17701
4555.520,0.17691
4553.591,0.17685
4551.663,0.17681
4549.734,0.17674
4547.805,0.17667
4545.877,0.17660
4543.948,0.17655
4542.019,0.17648
4540.091,0.17640
4538.162,0.17634
4536.233,0.17632
4534.305,0.17633
4532.376,0.17640
4530.447,0.17650
4528.519,0.17664
4526.590,0.17684
4524.661,0.17708
4522.733,0.17722
4520.804,0.17715
4518.875,0.17688
4516.947,0.17652
4515.018,0.17618
4513.089,0.17593
4511.161,0.17580
4509.232,0.17575
4507.303,0.17576
4505.375,0.17581
4503.446,0.17595
4501.517,0.17614
4499.589,0.17637
4497.660,0.17666
4495.731,0.17699
4493.803,0.17736
4491.874,0.17777
4489.945,0.17827
4488.017,0.17901
4486.088,0.18018
4484.159,0.18201
4482.231,0.18460
4480.302,0.18759
4478.373,0.18984
4476.445,0.19010
4474.516,0.18830
4472.587,0.18556
4470.659,0.18311
4468.730,0.18156
4466.801,0.18095
4464.873,0.18106
4462.944,0.18158
4461.015,0.18215
4459.087,0.18242
4457.158,0.18226
4455.229,0.18177
4453.301,0.18114
4451.372,0.18035
4449.443,0.17933
4447.515,0.17811
4445.586,0.17688
4443.657,0.17580
4441.729,0.17496
4439.800,0.17438
4437.871,0.17398
4435.943,0.17367
4434.014,0.17345
4432.085,0.17337
4430.156,0.17339
4428.228,0.17344
4426.299,0.17352
4424.370,0.17358
4422.442,0.17357
4420.513,0.17347
4418.584,0.17338
4416.656,0.17334
4414.727,0.17327
4412.798,0.17316
4410.870,0.17305
4408.941,0.17295
4407.012,0.17285
4405.084,0.17276
4403.155,0.17271
4401.226,0.17266
4399.298,0.17264
4397.369,0.17271
4395.440,0.17289
4393.512,0.17315
4391.583,0.17342
4389.654,0.17362
4387.726,0.17364
4385.797,0.17350
4383.868,0.17335
4381.940,0.17327
4380.011,0.17328
4378.082,0.17334
4376.154,0.17344
4374.225,0.17350
4372.296,0.17346
4370.368,0.17334
4368.439,0.17314
4366.510,0.17287
4364.582,0.17259
4362.653,0.17235
4360.724,0.17223
4358.796,0.17222
4356.867,0.17230
4354.938,0.17242
4353.010,0.17251
4351.081,0.17256
4349.152,0.17262
4347.224,0.17278
4345.295,0.17305
4343.366,0.17333
4341.438,0.17361
4339.509,0.17394
4337.580,0.17438
4335.652,0.17495
4333.723,0.17566
4331.794,0.17652
4329.866,0.17758
4327.937,0.17881
4326.008,0.18005
4324.080,0.18092
4322.151,0.18096
4320.222,0.17995
4318.294,0.17828
4316.365,0.17662
4314.436,0.17534
4312.508,0.17451
4310.579,0.17400
4308.650,0.17361
4306.722,0.17322
4304.793,0.17285
4302.864,0.17255
4300.936,0.17238
4299.007,0.17238
4297.078,0.17253
4295.150,0.17280
4293.221,0.17311
4291.292,0.17339
4289.364,0.17350
4287.435,0.17339
4285.506,0.17310
4283.578,0.17281
4281.649,0.17276
4279.720,0.17303
4277.792,0.17359
4275.863,0.17433
4273.934,0.17505
4272.005,0.17543
4270.077,0.17522
4268.148,0.17447
4266.219,0.17353
4264.291,0.17276
4262.362,0.17232
4260.433,0.17221
4258.505,0.17232
4256.576,0.17252
4254.647,0.17269
4252.719,0.17265
4250.790,0.17219
4248.861,0.17127
4246.933,0.17015
4245.004,0.16917
4243.075,0.16848
4241.147,0.16809
4239.218,0.16795
4237.289,0.16796
4235.361,0.16806
4233.432,0.16817
4231.503,0.16828
4229.575,0.16840
4227.646,0.16852
4225.717,0.16867
4223.789,0.16891
4221.860,0.16916
4219.931,0.16935
4218.003,0.16943
4216.074,0.16936
4214.145,0.16915
4212.217,0.16883
4210.288,0.16851
4208.359,0.16825
4206.431,0.16810
4204.502,0.16811
4202.573,0.16823
4200.645,0.16841
4198.716,0.16858
4196.787,0.16877
4194.859,0.16897
4192.930,0.16917
4191.001,0.16932
4189.073,0.16941
4187.144,0.16948
4185.215,0.16955
4183.287,0.16960
4181.358,0.16962
4179.429,0.16958
4177.501,0.16942
4175.572,0.16913
4173.643,0.16880
4171.715,0.16855
4169.786,0.16847
4167.857,0.16866
4165.929,0.16915
4164.000,0.16963
4162.071,0.16959
4160.143,0.16887
4158.214,0.16779
4156.285,0.16680
4154.357,0.16609
4152.428,0.16563
4150.499,0.16532
4148.571,0.16507
4146.642,0.16487
4144.713,0.16473
4142.785,0.16456
4140.856,0.16435
4138.927,0.16416
4136.999,0.16400
4135.070,0.16386
4133.141,0.16371
4131.213,0.16355
4129.284,0.16339
4127.355,0.16326
4125.427,0.16318
4123.498,0.16311
4121.569,0.16303
4119.641,0.16294
4117.712,0.16286
4115.783,0.16282
4113.855,0.16281
4111.926,0.16281
4109.997,0.16281
4108.068,0.16279
4106.140,0.16278
4104.211,0.16275
4102.282,0.16269
4100.354,0.16261
4098.425,0.16252
4096.496,0.16242
4094.568,0.16227
4092.639,0.16206
4090.710,0.16184
4088.782,0.16165
4086.853,0.16147
4084.924,0.16132
4082.996,0.16123
4081.067,0.16124
4079.138,0.16137
4077.210,0.16162
4075.281,0.16207
4073.352,0.16280
4071.424,0.16383
4069.495,0.16507
4067.566,0.16619
4065.638,0.16672
4063.709,0.16646
4061.780,0.16564
4059.852,0.16472
4057.923,0.16398
4055.994,0.16339
4054.066,0.16280
4052.137,0.16215
4050.208,0.16146
4048.280,0.16084
4046.351,0.16033
4044.422,0.15996
4042.494,0.15975
4040.565,0.15970
4038.636,0.15981
4036.708,0.16010
4034.779,0.16059
4032.850,0.16132
4030.922,0.16220
4028.993,0.16305
4027.064,0.16360
4025.136,0.16370
4023.207,0.16342
4021.278,0.16299
4019.350,0.16251
4017.421,0.16197
4015.492,0.16127
4013.564,0.16043
4011.635,0.15954
4009.706,0.15874
4007.778,0.15811
4005.849,0.15768
4003.920,0.15740
4001.992,0.15725
4000.063,0.15719
3998.134,0.15720
3996.206,0.15729
3994.277,0.15750
3992.348,0.15782
3990.420,0.15820
3988.491,0.15854
3986.562,0.15878
3984.634,0.15891
3982.705,0.15902
3980.776,0.15920
3978.848,0.15939
3976.919,0.15945
3974.990,0.15931
3973.062,0.15907
3971.133,0.15890
3969.204,0.15895
3967.276,0.15931
3965.347,0.15995
3963.418,0.16081
3961.490,0.16176
3959.561,0.16254
3957.632,0.16284
3955.704,0.16248
3953.775,0.16153
3951.846,0.16022
3949.917,0.15890
3947.989,0.15780
3946.060,0.15693
3944.131,0.15626
3942.203,0.15579
3940.274,0.15551
3938.345,0.15534
3936.417,0.15520
3934.488,0.15506
3932.559,0.15508
3930.631,0.15540
3928.702,0.15587
3926.773,0.15630
3924.845,0.15682
3922.916,0.15747
3920.987,0.15798
3919.059,0.15820
3917.130,0.15822
3915.201,0.15804
3913.273,0.15749
3911.344,0.15666
3909.415,0.15575
3907.487,0.15476
3905.558,0.15377
3903.629,0.15309
3901.701,0.15279
3899.772,0.15279
3897.843,0.15298
3895.915,0.15304
3893.986,0.15277
3892.057,0.15248
3890.129,0.15238
3888.200,0.15218
3886.271,0.15191
3884.343,0.15184
3882.414,0.15178
3880.485,0.15173
3878.557,0.15188
3876.628,0.15188
3874.699,0.15167
3872.771,0.15143
3870.842,0.15123
3868.913,0.15125
3866.985,0.15137
3865.056,0.15137
3863.127,0.15147
3861.199,0.15171
3859.270,0.15172
3857.341,0.15107
3855.413,0.15003
3853.484,0.14973
3851.555,0.15040
3849.627,0.15106
3847.698,0.15120
3845.769,0.15098
3843.841,0.15062
3841.912,0.15026
3839.983,0.14995
3838.055,0.14976
3836.126,0.14968
3834.197,0.14964
3832.269,0.14966
3830.340,0.14974
3828.411,0.14973
3826.483,0.14966
3824.554,0.14944
3822.625,0.14903
3820.697,0.14884
3818.768,0.14891
3816.839,0.14889
3814.911,0.14892
3812.982,0.14902
3811.053,0.14890
3809.125,0.14854
3807.196,0.14826
3805.267,0.14814
3803.339,0.14790
3801.410,0.14766
3799.481,0.14762
3797.553,0.14760
3795.624,0.14764
3793.695,0.14774
3791.767,0.14777
3789.838,0.14771
3787.909,0.14759
3785.980,0.14743
3784.052,0.14734
3782.123,0.14724
3780.194,0.14711
3778.266,0.14716
3776.337,0.14735
3774.408,0.14736
3772.480,0.14711
3770.551,0.14685
3768.622,0.14680
3766.694,0.14686
3764.765,0.14688
3762.836,0.14683
3760.908,0.14665
3758.979,0.14652
3757.050,0.14648
3755.122,0.14626
3753.193,0.14575
3751.264,0.14529
3749.336,0.14518
3747.407,0.14499
3745.478,0.14461
3743.550,0.14483
3741.621,0.14547
3739.692,0.14551
3737.764,0.14495
3735.835,0.14461
3733.906,0.14485
3731.978,0.14537
3730.049,0.14565
3728.120,0.14555
3726.192,0.14533
3724.263,0.14523
3722.334,0.14520
3720.406,0.14526
3718.477,0.14540
3716.548,0.14541
3714.620,0.14513
3712.691,0.14481
3710.762,0.14487
3708.834,0.14526
3706.905,0.14562
3704.976,0.14572
3703.048,0.14565
3701.119,0.14575
3699.190,0.14603
3697.262,0.14622
3695.333,0.14618
3693.404,0.14593
3691.476,0.14566
3689.547,0.14568
3687.618,0.14598
3685.690,0.14628
3683.761,0.14640
3681.832,0.14629
3679.904,0.14601
3677.975,0.14560
3676.046,0.14537
3674.118,0.14553
3672.189,0.14571
3670.260,0.14580
3668.332,0.14617
3666.403,0.14667
3664.474,0.14697
3662.546,0.14714
3660.617,0.14724
3658.688,0.14716
3656.760,0.14712
3654.831,0.14729
3652.902,0.14730
3650.974,0.14714
3649.045,0.14737
3647.116,0.14816
3645.188,0.14903
3643.259,0.14957
3641.330,0.14976
3639.402,0.14970
3637.473,0.14947
3635.544,0.14920
3633.616,0.14898
3631.687,0.14863
3629.758,0.14841
3627.830,0.14886
3625.901,0.14969
3623.972,0.15021
3622.043,0.15035
3620.115,0.15053
3618.186,0.15107
3616.257,0.15177
3614.329,0.15233
3612.400,0.15279
3610.471,0.15318
3608.543,0.15364
3606.614,0.15427
3604.685,0.15477
3602.757,0.15486
3600.828,0.15468
3598.899,0.15449
3596.971,0.15436
3595.042,0.15436
3593.113,0.15452
3591.185,0.15461
3589.256,0.15459
3587.327,0.15481
3585.399,0.15541
3583.470,0.15602
3581.541,0.15642
3579.613,0.15673
3577.684,0.15710
3575.755,0.15748
3573.827,0.15777
3571.898,0.15788
3569.969,0.15778
3568.041,0.15772
3566.112,0.15806
3564.183,0.15868
3562.255,0.15920
3560.326,0.15955
3558.397,0.15983
3556.469,0.16010
3554.540,0.16030
3552.611,0.16050
3550.683,0.16076
3548.754,0.16103
3546.825,0.16129
3544.897,0.16160
3542.968,0.16200
3541.039,0.16239
3539.111,0.16268
3537.182,0.16292
3535.253,0.16322
3533.325,0.16354
3531.396,0.16377
3529.467,0.16398
3527.539,0.16424
3525.610,0.16454
3523.681,0.16484
3521.753,0.16517
3519.824,0.16550
3517.895,0.16575
3515.967,0.16597
3514.038,0.16617
3512.109,0.16637
3510.181,0.16656
3508.252,0.16681
3506.323,0.16710
3504.395,0.16738
3502.466,0.16766
3500.537,0.16801
3498.609,0.16837
3496.680,0.16869
3494.751,0.16902
3492.823,0.16943
3490.894,0.16989
3488.965,0.17036
3487.037,0.17083
3485.108,0.17129
3483.179,0.17161
3481.251,0.17178
3479.322,0.17190
3477.393,0.17201
3475.465,0.17208
3473.536,0.17218
3471.607,0.17236
3469.679,0.17259
3467.750,0.17281
3465.821,0.17305
3463.892,0.17333
3461.964,0.17363
3460.035,0.17392
3458.106,0.17420
3456.178,0.17451
3454.249,0.17480
3452.320,0.17508
3450.392,0.17536
3448.463,0.17565
3446.534,0.17589
3444.606,0.17607
3442.677,0.17619
3440.748,0.17627
3438.820,0.17633
3436.891,0.17641
3434.962,0.17650
3433.034,0.17656
3431.105,0.17659
3429.176,0.17664
3427.248,0.17667
3425.319,0.17664
3423.390,0.17658
3421.462,0.17655
3419.533,0.17655
3417.604,0.17651
3415.676,0.17646
3413.747,0.17640
3411.818,0.17630
3409.890,0.17616
3407.961,0.17601
3406.032,0.17585
3404.104,0.17570
3402.175,0.17557
3400.246,0.17542
3398.318,0.17520
3396.389,0.17495
3394.460,0.17475
3392.532,0.17454
3390.603,0.17427
3388.674,0.17397
3386.746,0.17370
3384.817,0.17345
3382.888,0.17318
3380.960,0.17290
3379.031,0.17260
3377.102,0.17226
3375.174,0.17190
3373.245,0.17154
3371.316,0.17117
3369.388,0.17075
3367.459,0.17032
3365.530,0.16990
3363.602,0.16947
3361.673,0.16902
3359.744,0.16858
3357.816,0.16818
3355.887,0.16779
3353.958,0.16744
3352.030,0.16714
3350.101,0.16685
3348.172,0.16653
3346.244,0.16622
3344.315,0.16596
3342.386,0.16570
3340.458,0.16544
3338.529,0.16524
3336.600,0.16509
3334.672,0.16492
3332.743,0.16473
3330.814,0.16463
3328.886,0.16462
3326.957,0.16461
3325.028,0.16462
3323.100,0.16470
3321.171,0.16479
3319.242,0.16482
3317.314,0.16490
3315.385,0.16513
3313.456,0.16548
3311.528,0.16593
3309.599,0.16648
3307.670,0.16696
3305.742,0.16717
3303.813,0.16716
3301.884,0.16719
3299.955,0.16736
3298.027,0.16767
3296.098,0.16803
3294.169,0.16831
3292.241,0.16842
3290.312,0.16849
3288.383,0.16887
3286.455,0.16975
3284.526,0.17117
3282.597,0.17339
3280.669,0.17691
3278.740,0.18165
3276.811,0.18635
3274.883,0.18912
3272.954,0.18813
3271.025,0.18316
3269.097,0.17665
3267.168,0.17149
3265.239,0.16842
3263.311,0.16670
3261.382,0.16571
3259.453,0.16515
3257.525,0.16479
3255.596,0.16446
3253.667,0.16417
3251.739,0.16394
3249.810,0.16370
3247.881,0.16341
3245.953,0.16314
3244.024,0.16291
3242.095,0.16265
3240.167,0.16235
3238.238,0.16209
3236.309,0.16183
3234.381,0.16153
3232.452,0.16127
3230.523,0.16107
3228.595,0.16085
3226.666,0.16058
3224.737,0.16037
3222.809,0.16019
3220.880,0.15993
3218.951,0.15962
3217.023,0.15940
3215.094,0.15922
3213.165,0.15897
3211.237,0.15871
3209.308,0.15853
3207.379,0.15832
3205.451,0.15804
3203.522,0.15779
3201.593,0.15759
3199.665,0.15733
3197.736,0.15704
3195.807,0.15684
3193.879,0.15665
3191.950,0.15642
3190.021,0.15624
3188.093,0.15614
3186.164,0.15600
3184.235,0.15578
3182.307,0.15564
3180.378,0.15560
3178.449,0.15552
3176.521,0.15539
3174.592,0.15529
3172.663,0.15517
3170.735,0.15492
3168.806,0.15465
3166.877,0.15446
3164.949,0.15421
3163.020,0.15389
3161.091,0.15364
3159.163,0.15346
3157.234,0.15323
3155.305,0.15301
3153.377,0.15293
3151.448,0.15292
3149.519,0.15290
3147.591,0.15297
3145.662,0.15322
3143.733,0.15355
3141.804,0.15399
3139.876,0.15470
3137.947,0.15559
3136.018,0.15630
3134.090,0.15655
3132.161,0.15634
3130.232,0.15576
3128.304,0.15504
3126.375,0.15444
3124.446,0.15401
3122.518,0.15358
3120.589,0.15310
3118.660,0.15268
3116.732,0.15228
3114.803,0.15177
3112.874,0.15126
3110.946,0.15094
3109.017,0.15076
3107.088,0.15061
3105.160,0.15050
3103.231,0.15043
3101.302,0.15025
3099.374,0.14994
3097.445,0.14962
3095.516,0.14929
3093.588,0.14893
3091.659,0.14865
3089.730,0.14856
3087.802,0.14859
3085.873,0.14866
3083.944,0.14879
3082.016,0.14901
3080.087,0.14925
3078.158,0.14951
3076.230,0.14988
3074.301,0.15034
3072.372,0.15082
3070.444,0.15132
3068.515,0.15189
3066.586,0.15250
3064.658,0.15309
3062.729,0.15374
3060.800,0.15446
3058.872,0.15516
3056.943,0.15579
3055.014,0.15646
3053.086,0.15716
3051.157,0.15780
3049.228,0.15840
3047.300,0.15901
3045.371,0.15964
3043.442,0.16045
3041.514,0.16165
3039.585,0.16333
3037.656,0.16551
3035.728,0.16847
3033.799,0.17278
3031.870,0.17929
3029.942,0.18928
3028.013,0.20378
3026.084,0.22046
3024.156,0.23067
3022.227,0.22571
3020.298,0.20830
3018.370,0.18959
3016.441,0.17667
3014.512,0.16976
3012.584,0.16663
3010.655,0.16546
3008.726,0.16536
3006.798,0.16608
3004.869,0.16750
3002.940,0.16951
3001.012,0.17219
2999.083,0.17577
2997.154,0.18055
2995.226,0.18715
2993.297,0.19679
2991.368,0.21142
2989.440,0.23303
2987.511,0.25933
2985.582,0.27786
2983.654,0.27438
2981.725,0.25286
2979.796,0.23072
2977.867,0.21787
2975.939,0.21376
2974.010,0.21523
2972.081,0.22032
2970.153,0.22793
2968.224,0.23736
2966.295,0.24819
2964.367,0.26004
2962.438,0.27213
2960.509,0.28319
2958.581,0.29165
2956.652,0.29596
2954.723,0.29526
2952.795,0.29049
2950.866,0.28497
2948.937,0.28270
2947.009,0.28592
2945.080,0.29473
2943.151,0.30831
2941.223,0.32588
2939.294,0.34695
2937.365,0.37117
2935.437,0.39836
2933.508,0.42855
2931.579,0.46181
2929.651,0.49846
2927.722,0.53979
2925.793,0.58799
2923.865,0.64421
2921.936,0.70532
2920.007,0.76029
2918.079,0.78667
2916.150,0.76079
2914.221,0.68989
2912.293,0.61005
2910.364,0.54709
2908.435,0.50447
2906.507,0.47470
2904.578,0.45099
2902.649,0.43000
2900.721,0.40839
2898.792,0.38303
2896.863,0.35477
2894.935,0.32765
2893.006,0.30471
2891.077,0.28608
2889.149,0.27035
2887.220,0.25637
2885.291,0.24374
2883.363,0.23270
2881.434,0.22382
2879.505,0.21768
2877.577,0.21451
2875.648,0.21378
2873.719,0.21404
2871.791,0.21383
2869.862,0.21320
2867.933,0.21421
2866.005,0.21958
2864.076,0.23103
2862.147,0.24891
2860.219,0.27300
2858.290,0.30417
2856.361,0.34617
2854.433,0.40470
2852.504,0.47878
2850.575,0.54034
2848.647,0.53552
2846.718,0.46008
2844.789,0.37048
2842.861,0.30208
2840.932,0.25694
2839.003,0.22724
2837.075,0.20659
2835.146,0.19144
2833.217,0.18002
2831.289,0.17119
2829.360,0.16405
2827.431,0.15817
2825.503,0.15330
2823.574,0.14916
2821.645,0.14556
2819.716,0.14249
2817.788,0.13986
2815.859,0.13748
2813.930,0.13533
2812.002,0.13346
2810.073,0.13180
2808.144,0.13024
2806.216,0.12884
2804.287,0.12762
2802.358,0.12647
2800.430,0.12533
2798.501,0.12428
2796.572,0.12334
2794.644,0.12242
2792.715,0.12157
2790.786,0.12091
2788.858,0.12040
2786.929,0.11999
2785.000,0.11976
2783.072,0.11975
2781.143,0.11984
2779.214,0.12003
2777.286,0.12052
2775.357,0.12139
2773.428,0.12249
2771.500,0.12365
2769.571,0.12460
2767.642,0.12477
2765.714,0.12380
2763.785,0.12198
2761.856,0.11993
2759.928,0.11806
2757.999,0.11650
2756.070,0.11532
2754.142,0.11448
2752.213,0.11386
2750.284,0.11344
2748.356,0.11328
2746.427,0.11327
2744.498,0.11323
2742.570,0.11316
2740.641,0.11309
2738.712,0.11298
2736.784,0.11281
2734.855,0.11270
2732.926,0.11266
2730.998,0.11257
2729.069,0.11241
2727.140,0.11223
2725.212,0.11203
2723.283,0.11179
2721.354,0.11155
2719.426,0.11141
2717.497,0.11132
2715.568,0.11124
2713.640,0.11119
2711.711,0.11121
2709.782,0.11125
2707.854,0.11128
2705.925,0.11135
2703.996,0.11150
2702.068,0.11172
2700.139,0.11203
2698.210,0.11245
2696.282,0.11291
2694.353,0.11338
2692.424,0.11389
2690.496,0.11449
2688.567,0.11519
2686.638,0.11600
2684.710,0.11696
2682.781,0.11808
2680.852,0.11928
2678.924,0.12050
2676.995,0.12178
2675.066,0.12315
2673.138,0.12449
2671.209,0.12554
2669.280,0.12617
2667.352,0.12650
2665.423,0.12678
2663.494,0.12711
2661.566,0.12733
2659.637,0.12702
2657.708,0.12589
2655.779,0.12407
2653.851,0.12199
2651.922,0.12004
2649.993,0.11846
2648.065,0.11733
2646.136,0.11663
2644.207,0.11626
2642.279,0.11613
2640.350,0.11611
2638.421,0.11605
2636.493,0.11581
2634.564,0.11537
2632.635,0.11479
2630.707,0.11415
2628.778,0.11339
2626.849,0.11256
2624.921,0.11172
2622.992,0.11089
2621.063,0.11011
2619.135,0.10948
2617.206,0.10905
2615.277,0.10878
2613.349,0.10866
2611.420,0.10874
2609.491,0.10902
2607.563,0.10945
2605.634,0.11002
2603.705,0.11075
2601.777,0.11150
2599.848,0.11212
2597.919,0.11262
2595.991,0.11305
2594.062,0.11342
2592.133,0.11374
2590.205,0.11408
2588.276,0.11444
2586.347,0.11481
2584.419,0.11518
2582.490,0.11550
2580.561,0.11564
2578.633,0.11558
2576.704,0.11553
2574.775,0.11571
2572.847,0.11621
2570.918,0.11714
2568.989,0.11863
2567.061,0.12063
2565.132,0.12291
2563.203,0.12521
2561.275,0.12708
2559.346,0.12790
2557.417,0.12734
2555.489,0.12564
2553.560,0.12352
2551.631,0.12167
2549.703,0.12066
2547.774,0.12088
2545.845,0.12209
2543.917,0.12327
2541.988,0.12329
2540.059,0.12199
2538.131,0.11996
2536.202,0.11744
2534.273,0.11463
2532.345,0.11214
2530.416,0.11047
2528.487,0.10965
2526.559,0.10947
2524.630,0.10961
2522.701,0.10982
2520.773,0.10999
2518.844,0.11010
2516.915,0.11013
2514.987,0.11018
2513.058,0.11038
2511.129,0.11067
2509.201,0.11083
2507.272,0.11073
2505.343,0.11040
2503.415,0.10997
2501.486,0.10961
2499.557,0.10943
2497.628,0.10935
2495.700,0.10921
2493.771,0.10897
2491.842,0.10872
2489.914,0.10847
2487.985,0.10819
2486.056,0.10797
2484.128,0.10783
2482.199,0.10772
2480.270,0.10761
2478.342,0.10758
2476.413,0.10755
2474.484,0.10744
2472.556,0.10734
2470.627,0.10734
2468.698,0.10737
2466.770,0.10736
2464.841,0.10736
2462.912,0.10734
2460.984,0.10717
2459.055,0.10686
2457.126,0.10653
2455.198,0.10623
2453.269,0.10594
2451.340,0.10577
2449.412,0.10581
2447.483,0.10597
2445.554,0.10614
2443.626,0.10634
2441.697,0.10658
2439.768,0.10673
2437.840,0.10678
2435.911,0.10686
2433.982,0.10698
2432.054,0.10707
2430.125,0.10719
2428.196,0.10741
2426.268,0.10767
2424.339,0.10794
2422.410,0.10833
2420.482,0.10891
2418.553,0.10957
2416.624,0.11028
2414.696,0.11108
2412.767,0.11193
2410.838,0.11279
2408.910,0.11369
2406.981,0.11469
2405.052,0.11563
2403.124,0.11620
2401.195,0.11619
2399.266,0.11551
2397.338,0.11430
2395.409,0.11291
2393.480,0.11175
2391.552,0.11090
2389.623,0.11028
2387.694,0.10984
2385.766,0.10957
2383.837,0.10933
2381.908,0.10904
2379.980,0.10876
2378.051,0.10859
2376.122,0.10850
2374.194,0.10846
2372.265,0.10852
2370.336,0.10862
2368.408,0.10869
2366.479,0.10873
2364.550,0.10883
2362.622,0.10899
2360.693,0.10920
2358.764,0.10953
2356.836,0.10999
2354.907,0.11050
2352.978,0.11098
2351.050,0.11146
2349.121,0.11187
2347.192,0.11214
2345.264,0.11232
2343.335,0.11256
2341.406,0.11285
2339.478,0.11301
2337.549,0.11301
2335.620,0.11304
2333.691,0.11315
2331.763,0.11327
2329.834,0.11334
2327.905,0.11330
2325.977,0.11308
2324.048,0.11275
2322.119,0.11241
2320.191,0.11210
2318.262,0.11181
2316.333,0.11154
2314.405,0.11134
2312.476,0.11122
2310.547,0.11115
2308.619,0.11115
2306.690,0.11127
2304.761,0.11144
2302.833,0.11155
2300.904,0.11156
2298.975,0.11146
2297.047,0.11124
2295.118,0.11098
2293.189,0.11077
2291.261,0.11066
2289.332,0.11061
2287.403,0.11063
2285.475,0.11073
2283.546,0.11090
2281.617,0.11112
2279.689,0.11139
2277.760,0.11168
2275.831,0.11186
2273.903,0.11188
2271.974,0.11180
2270.045,0.11168
2268.117,0.11154
2266.188,0.11144
2264.259,0.11145
2262.331,0.11147
2260.402,0.11138
2258.473,0.11120
2256.545,0.11107
2254.616,0.11098
2252.687,0.11093
2250.759,0.11099
2248.830,0.11117
2246.901,0.11139
2244.973,0.11159
2243.044,0.11182
2241.115,0.11206
2239.187,0.11223
2237.258,0.11240
2235.329,0.11262
2233.401,0.11282
2231.472,0.11299
2229.543,0.11323
2227.615,0.11357
2225.686,0.11388
2223.757,0.11410
2221.829,0.11426
2219.900,0.11432
2217.971,0.11419
2216.043,0.11398
2214.114,0.11385
2212.185,0.11375
2210.257,0.11358
2208.328,0.11341
2206.399,0.11330
2204.471,0.11318
2202.542,0.11307
2200.613,0.11309
2198.685,0.11325
2196.756,0.11341
2194.827,0.11360
2192.899,0.11393
2190.970,0.11427
2189.041,0.11448
2187.113,0.11460
2185.184,0.11469
2183.255,0.11469
2181.327,0.11462
2179.398,0.11460
2177.469,0.11467
2175.540,0.11467
2173.612,0.11465
2171.683,0.11474
2169.754,0.11487
2167.826,0.11496
2165.897,0.11507
2163.968,0.11531
2162.040,0.11559
2160.111,0.11584
2158.182,0.11614
2156.254,0.11649
2154.325,0.11677
2152.396,0.11700
2150.468,0.11727
2148.539,0.11751
2146.610,0.11761
2144.682,0.11764
2142.753,0.11771
2140.824,0.11775
2138.896,0.11772
2136.967,0.11776
2135.038,0.11787
2133.110,0.11794
2131.181,0.11798
2129.252,0.11807
2127.324,0.11816
2125.395,0.11817
2123.466,0.11816
2121.538,0.11824
2119.609,0.11832
2117.680,0.11838
2115.752,0.11856
2113.823,0.11891
2111.894,0.11930
2109.966,0.11964
2108.037,0.11992
2106.108,0.12000
2104.180,0.11975
2102.251,0.11940
2100.322,0.11923
2098.394,0.11926
2096.465,0.11933
2094.536,0.11944
2092.608,0.11957
2090.679,0.11961
2088.750,0.11955
2086.822,0.11951
2084.893,0.11947
2082.964,0.11942
2081.036,0.11946
2079.107,0.11967
2077.178,0.11991
2075.250,0.12011
2073.321,0.12033
2071.392,0.12057
2069.464,0.12079
2067.535,0.12100
2065.606,0.12131
2063.678,0.12170
2061.749,0.12207
2059.820,0.12247
2057.892,0.12293
2055.963,0.12338
2054.034,0.12378
2052.106,0.12426
2050.177,0.12485
2048.248,0.12542
2046.320,0.12591
2044.391,0.12641
2042.462,0.12690
2040.534,0.12736
2038.605,0.12788
2036.676,0.12852
2034.748,0.12923
2032.819,0.12998
2030.890,0.13080
2028.962,0.13161
2027.033,0.13219
2025.104,0.13254
2023.176,0.13271
2021.247,0.13255
2019.318,0.13197
2017.390,0.13135
2015.461,0.13104
2013.532,0.13102
2011.603,0.13117
2009.675,0.13160
2007.746,0.13229
2005.817,0.13307
2003.889,0.13389
2001.960,0.13480
2000.031,0.13563
1998.103,0.13618
1996.174,0.13650
1994.245,0.13672
1992.317,0.13680
1990.388,0.13670
1988.459,0.13654
1986.531,0.13646
1984.602,0.13647
1982.673,0.13662
1980.745,0.13697
1978.816,0.13737
1976.887,0.13759
1974.959,0.13768
1973.030,0.13776
1971.101,0.13778
1969.173,0.13773
1967.244,0.13787
1965.315,0.13825
1963.387,0.13866
1961.458,0.13905
1959.529,0.13958
1957.601,0.14021
1955.672,0.14081
1953.743,0.14146
1951.815,0.14227
1949.886,0.14310
1947.957,0.14386
1946.029,0.14465
1944.100,0.14551
1942.171,0.14637
1940.243,0.14726
1938.314,0.14828
1936.385,0.14937
1934.457,0.15042
1932.528,0.15150
1930.599,0.15266
1928.671,0.15366
1926.742,0.15434
1924.813,0.15499
1922.885,0.15591
1920.956,0.15695
1919.027,0.15791
1917.099,0.15897
1915.170,0.16003
1913.241,0.16077
1911.313,0.16126
1909.384,0.16180
1907.455,0.16233
1905.527,0.16277
1903.598,0.16339
1901.669,0.16439
1899.741,0.16566
1897.812,0.16699
1895.883,0.16829
1893.955,0.16924
1892.026,0.16945
1890.097,0.16907
1888.169,0.16846
1886.240,0.16773
1884.311,0.16715
1882.383,0.16722
1880.454,0.16804
1878.525,0.16911
1876.597,0.17008
1874.668,0.17095
1872.739,0.17169
1870.811,0.17232
1868.882,0.17333
1866.953,0.17517
1865.025,0.17742
1863.096,0.17934
1861.167,0.18065
1859.239,0.18118
1857.310,0.18088
1855.381,0.18036
1853.452,0.18047
1851.524,0.18134
1849.595,0.18246
1847.666,0.18358
1845.738,0.18486
1843.809,0.18642
1841.880,0.18805
1839.952,0.18952
1838.023,0.19091
1836.094,0.19223
1834.166,0.19336
1832.237,0.19442
1830.308,0.19567
1828.380,0.19707
1826.451,0.19851
1824.522,0.20025
1822.594,0.20233
1820.665,0.20436
1818.736,0.20636
1816.808,0.20866
1814.879,0.21111
1812.950,0.21339
1811.022,0.21566
1809.093,0.21810
1807.164,0.22034
1805.236,0.22223
1803.307,0.22412
1801.378,0.22634
1799.450,0.22873
1797.521,0.23121
1795.592,0.23385
1793.664,0.23654
1791.735,0.23922
1789.806,0.24211
1787.878,0.24517
1785.949,0.24807
1784.020,0.25082
1782.092,0.25376
1780.163,0.25697
1778.234,0.26023
1776.306,0.26346
1774.377,0.26700
1772.448,0.27098
1770.520,0.27530
1768.591,0.28009
1766.662,0.28548
1764.734,0.29100
1762.805,0.29638
1760.876,0.30209
1758.948,0.30828
1757.019,0.31462
1755.090,0.32114
1753.162,0.32791
1751.233,0.33479
1749.304,0.34156
1747.376,0.34808
1745.447,0.35415
1743.518,0.35940
1741.590,0.36379
1739.661,0.36771
1737.732,0.37125
1735.804,0.37428
1733.875,0.37744
1731.946,0.38135
1730.018,0.38567
1728.089,0.39005
1726.160,0.39477
1724.232,0.40025
1722.303,0.40648
1720.374,0.41323
1718.446,0.42080
1716.517,0.42941
1714.588,0.43879
1712.660,0.44885
1710.731,0.45969
1708.802,0.47115
1706.874,0.48329
1704.945,0.49647
1703.016,0.51059
1701.088,0.52540
1699.159,0.54118
1697.230,0.55808
1695.302,0.57624
1693.373,0.59595
1691.444,0.61768
1689.515,0.64220
1687.587,0.66995
1685.658,0.70131
1683.729,0.73736
1681.801,0.77956
1679.872,0.82929
1677.943,0.88728
1676.015,0.95389
1674.086,1.03258
1672.157,1.13200
1670.229,1.26234
1668.300,1.43046
1666.371,1.63764
1664.443,1.87523
1662.514,2.11020
1660.585,2.28269
1658.657,2.36055
1656.728,2.37753
1654.799,2.38041
1652.871,2.39703
1650.942,2.44866
1649.013,2.54688
1647.085,2.67228
1645.156,2.71960
1643.227,2.53652
1641.299,2.20791
1639.370,1.89372
1637.441,1.64059
1635.513,1.44411
1633.584,1.29106
1631.655,1.16853
1629.727,1.06626
1627.798,0.97804
1625.869,0.90108
1623.941,0.83404
1622.012,0.77520
1620.083,0.72278
1618.155,0.67591
1616.226,0.63452
1614.297,0.59930
1612.369,0.57363
1610.440,0.55874
1608.511,0.54354
1606.583,0.51605
1604.654,0.48180
1602.725,0.45129
1600.797,0.42631
1598.868,0.40493
1596.939,0.38619
1595.011,0.36971
1593.082,0.35497
1591.153,0.34139
1589.225,0.32868
1587.296,0.31657
1585.367,0.30486
1583.439,0.29384
1581.510,0.28394
1579.581,0.27505
1577.653,0.26689
1575.724,0.25959
1573.795,0.25299
1571.867,0.24639
1569.938,0.23963
1568.009,0.23321
1566.081,0.22721
1564.152,0.22156
1562.223,0.21642
1560.295,0.21198
1558.366,0.20851
1556.437,0.20602
1554.509,0.20413
1552.580,0.20230
1550.651,0.20017
1548.723,0.19767
1546.794,0.19473
1544.865,0.19100
1542.937,0.18633
1541.008,0.18104
1539.079,0.17544
1537.151,0.16952
1535.222,0.16345
1533.293,0.15798
1531.364,0.15341
1529.436,0.14921
1527.507,0.14524
1525.578,0.14170
1523.650,0.13840
1521.721,0.13532
1519.792,0.13298
1517.864,0.13164
1515.935,0.13168
1514.006,0.13414
1512.078,0.13967
1510.149,0.14589
1508.220,0.14751
1506.292,0.14210
1504.363,0.13323
1502.434,0.12525
1500.506,0.11941
1498.577,0.11551
1496.648,0.11339
1494.720,0.11280
1492.791,0.11376
1490.862,0.11701
1488.934,0.12402
1487.005,0.13738
1485.076,0.16216
1483.148,0.20593
1481.219,0.27380
1479.290,0.35912
1477.362,0.44196
1475.433,0.50237
1473.504,0.52378
1471.576,0.49925
1469.647,0.45169
1467.718,0.40617
1465.790,0.36617
1463.861,0.32291
1461.932,0.26987
1460.004,0.21796
1458.075,0.18297
1456.146,0.16519
1454.218,0.15550
1452.289,0.14821
1450.360,0.14211
1448.432,0.13714
1446.503,0.13308
1444.574,0.12951
1442.646,0.12631
1440.717,0.12355
1438.788,0.12118
1436.860,0.11942
1434.931,0.11863
1433.002,0.11867
1431.074,0.11936
1429.145,0.12099
1427.216,0.12379
1425.288,0.12769
1423.359,0.13241
1421.430,0.13769
1419.502,0.14346
1417.573,0.14982
1415.644,0.15658
1413.716,0.16383
1411.787,0.17228
1409.858,0.18277
1407.930,0.19614
1406.001,0.21363
1404.072,0.23684
1402.144,0.26673
1400.215,0.30144
1398.286,0.33325
1396.358,0.34924
1394.429,0.34187
1392.500,0.32041
1390.572,0.30290
1388.643,0.29708
1386.714,0.29246
1384.786,0.27266
1382.857,0.23746
1380.928,0.20180
1379.000,0.17581
1377.071,0.15947
1375.142,0.14977
1373.214,0.14501
1371.285,0.14399
1369.356,0.14524
1367.427,0.14751
1365.499,0.15017
1363.570,0.15327
1361.641,0.15717
1359.713,0.16187
1357.784,0.16711
1355.855,0.17268
1353.927,0.17841
1351.998,0.18416
1350.069,0.19004
1348.141,0.19623
1346.212,0.20298
1344.283,0.21056
1342.355,0.21917
1340.426,0.22882
1338.497,0.23949
1336.569,0.25128
1334.640,0.26417
1332.711,0.27820
1330.783,0.29358
1328.854,0.31033
1326.925,0.32817
1324.997,0.34730
1323.068,0.36881
1321.139,0.39405
1319.211,0.42425
1317.282,0.46104
1315.353,0.50736
1313.425,0.56835
1311.496,0.65117
1309.567,0.75963
1307.639,0.87323
1305.710,0.91915
1303.781,0.84888
1301.853,0.74210
1299.924,0.68198
1297.995,0.68999
1296.067,0.75938
1294.138,0.88300
1292.209,1.06525
1290.281,1.31776
1288.352,1.64138
1286.423,1.97047
1284.495,2.00453
1282.566,1.69503
1280.637,1.42741
1278.709,1.31475
1276.780,1.35990
1274.851,1.54127
1272.923,1.79740
1270.994,1.93519
1269.065,1.74662
1267.137,1.44297
1265.208,1.19222
1263.279,1.00596
1261.351,0.86884
1259.422,0.76999
1257.493,0.69554
1255.565,0.63005
1253.636,0.56942
1251.707,0.51769
1249.779,0.47581
1247.850,0.44145
1245.921,0.41250
1243.993,0.38764
1242.064,0.36588
1240.135,0.34624
1238.207,0.32791
1236.278,0.31085
1234.349,0.29534
1232.421,0.28126
1230.492,0.26846
1228.563,0.25699
1226.635,0.24662
1224.706,0.23697
1222.777,0.22809
1220.849,0.22014
1218.920,0.21285
1216.991,0.20601
1215.063,0.19979
1213.134,0.19409
1211.205,0.18853
1209.277,0.18328
1207.348,0.17864
1205.419,0.17433
1203.490,0.17009
1201.562,0.16658
1199.633,0.16501
1197.704,0.16641
1195.776,0.17065
1193.847,0.17499
1191.918,0.17499
1189.990,0.16896
1188.061,0.15950
1186.132,0.14997
1184.204,0.14173
1182.275,0.13498
1180.346,0.12988
1178.418,0.12631
1176.489,0.12390
1174.560,0.12257
1172.632,0.12225
1170.703,0.12219
1168.774,0.12171
1166.846,0.12113
1164.917,0.12094
1162.988,0.12111
1161.060,0.12158
1159.131,0.12212
1157.202,0.12118
1155.274,0.11723
1153.345,0.11107
1151.416,0.10501
1149.488,0.10025
1147.559,0.09683
1145.630,0.09454
1143.702,0.09306
1141.773,0.09195
1139.844,0.09121
1137.916,0.09101
1135.987,0.09102
1134.058,0.09084
1132.130,0.09054
1130.201,0.09015
1128.272,0.08945
1126.344,0.08843
1124.415,0.08746
1122.486,0.08665
1120.558,0.08599
1118.629,0.08572
1116.700,0.08580
1114.772,0.08560
1112.843,0.08487
1110.914,0.08407
1108.986,0.08352
1107.057,0.08308
1105.128,0.08291
1103.200,0.08320
1101.271,0.08370
1099.342,0.08422
1097.414,0.08500
1095.485,0.08607
1093.556,0.08708
1091.628,0.08812
1089.699,0.08954
1087.770,0.09131
1085.842,0.09330
1083.913,0.09579
1081.984,0.09881
1080.056,0.10190
1078.127,0.10493
1076.198,0.10817
1074.270,0.11161
1072.341,0.11521
1070.412,0.11941
1068.484,0.12459
1066.555,0.13052
1064.626,0.13711
1062.698,0.14474
1060.769,0.15366
1058.840,0.16389
1056.912,0.17595
1054.983,0.19062
1053.054,0.20842
1051.126,0.23021
1049.197,0.25795
1047.268,0.29451
1045.339,0.34412
1043.411,0.41299
1041.482,0.50584
1039.553,0.60940
1037.625,0.66823
1035.696,0.62798
1033.767,0.52732
1031.839,0.43142
1029.910,0.36162
1027.981,0.31378
1026.053,0.28038
1024.124,0.25705
1022.195,0.24227
1020.267,0.23594
1018.338,0.23838
1016.409,0.25032
1014.481,0.27401
1012.552,0.31404
1010.623,0.37838
1008.695,0.47823
1006.766,0.61917
1004.837,0.77812
1002.909,0.88602
1000.980,0.88019
999.051,0.77980
997.123,0.64472
995.194,0.51705
993.265,0.41290
991.337,0.33405
989.408,0.27744
987.479,0.23823
985.551,0.21047
983.622,0.18937
981.693,0.17274
979.765,0.15949
977.836,0.14860
975.907,0.13943
973.979,0.13185
972.050,0.12606
970.121,0.12235
968.193,0.12064
966.264,0.12083
964.335,0.12320
962.407,0.12800
960.478,0.13520
958.549,0.14497
956.621,0.15780
954.692,0.17392
952.763,0.19334
950.835,0.21637
948.906,0.24351
946.977,0.27563
945.049,0.31380
943.120,0.35617
941.191,0.39298
939.263,0.40848
937.334,0.39521
935.405,0.36265
933.477,0.32590
931.548,0.29326
929.619,0.26613
927.691,0.24409
925.762,0.22751
923.833,0.21724
921.905,0.21359
919.976,0.21578
918.047,0.22234
916.119,0.23232
914.190,0.24550
912.261,0.26187
910.333,0.28137
908.404,0.30387
906.475,0.32874
904.547,0.35440
902.618,0.37858
900.689,0.39888
898.761,0.41363
896.832,0.42317
894.903,0.43005
892.975,0.43772
891.046,0.44902
889.117,0.46587
887.189,0.48991
885.260,0.52301
883.331,0.56781
881.402,0.62797
879.474,0.70791
877.545,0.81214
875.616,0.94388
873.688,1.10109
871.759,1.26622
869.830,1.38955
867.902,1.40817
865.973,1.33926
864.044,1.26702
862.116,1.24325
860.187,1.27505
858.258,1.34584
856.330,1.43068
854.401,1.50720
852.472,1.56182
850.544,1.58896
848.615,1.58549
846.686,1.54613
844.758,1.47148
842.829,1.38161
840.900,1.30316
838.972,1.24273
837.043,1.18236
835.114,1.10401
833.186,1.01082
831.257,0.91675
829.328,0.83126
827.400,0.75752
825.471,0.69549
823.542,0.64419
821.614,0.60232
819.685,0.56804
817.756,0.53913
815.828,0.51372
813.899,0.49046
811.970,0.46805
810.042,0.44568
808.113,0.42352
806.184,0.40210
804.256,0.38174
802.327,0.36272
800.398,0.34524
798.470,0.32916
796.541,0.31421
794.612,0.30029
792.684,0.28745
790.755,0.27546
788.826,0.26414
786.898,0.25355
784.969,0.24373
783.040,0.23457
781.112,0.22610
779.183,0.21862
777.254,0.21231
775.326,0.20745
773.397,0.20484
771.468,0.20558
769.540,0.21045
767.611,0.22009
765.682,0.23585
763.754,0.26152
761.825,0.30670
759.896,0.39041
757.968,0.53607
756.039,0.72833
754.110,0.80954
752.182,0.69286
750.253,0.57814
748.324,0.54864
746.396,0.56239
744.467,0.55413
742.538,0.50940
740.610,0.45373
738.681,0.40451
736.752,0.36602
734.824,0.33909
732.895,0.32442
730.966,0.31595
729.038,0.30041
727.109,0.27563
725.180,0.25392
723.251,0.24578
721.323,0.25024
719.394,0.25165
717.465,0.23815
715.537,0.22282
713.608,0.22428
711.679,0.25138
709.751,0.31354
707.822,0.42282
705.893,0.57287
703.965,0.69936
702.036,0.70674
700.107,0.61778
698.179,0.51756
696.250,0.43941
694.321,0.38382
692.393,0.34465
690.464,0.31671
688.535,0.29628
686.607,0.28067
684.678,0.26814
682.749,0.25758
680.821,0.24810
678.892,0.23929
676.963,0.23113
675.035,0.22361
673.106,0.21680
671.177,0.21086
669.249,0.20572
667.320,0.20082
665.391,0.19596
663.463,0.19146
661.534,0.18739
659.605,0.18355
657.677,0.17998
655.748,0.17679
653.819,0.17362
651.891,0.17018
649.962,0.16670
648.033,0.16333
646.105,0.15979
644.176,0.15609
642.247,0.15258
640.319,0.14917
638.390,0.14576
636.461,0.14275
634.533,0.14094
632.604,0.14205
630.675,0.15180
628.747,0.18436
626.818,0.25779
624.889,0.36360
622.961,0.43568
621.032,0.43225
619.103,0.40066
617.175,0.35988
615.246,0.30516
613.317,0.25645
611.389,0.22583
609.460,0.20782
607.531,0.19611
605.603,0.18771
603.674,0.18111
601.745,0.17582
599.817,0.17160
597.888,0.16782
595.959,0.16417
594.031,0.16095
592.102,0.15820
590.173,0.15561
588.245,0.15319
586.316,0.15112
584.387,0.14921
582.459,0.14729
580.530,0.14561
578.601,0.14422
576.673,0.14287
574.744,0.14157
572.815,0.14048
570.887,0.13945
568.958,0.13834
567.029,0.13725
565.101,0.13620
563.172,0.13510
561.243,0.13405
559.314,0.13317
557.386,0.13231
555.457,0.13137
553.528,0.13048
551.600,0.12973
549.671,0.12902
547.742,0.12830
545.814,0.12769
543.885,0.12711
541.956,0.12649
540.028,0.12596
538.099,0.12557
536.170,0.12512
534.242,0.12461
532.313,0.12403
530.384,0.12327
528.456,0.12237
526.527,0.12163
524.598,0.12121
522.670,0.12093
520.741,0.12061
518.812,0.12025
516.884,0.11985
514.955,0.11939
513.026,0.11901
511.098,0.11873
509.169,0.11835
507.240,0.11797
505.312,0.11767
503.383,0.11729
501.454,0.11696
499.526,0.11681
497.597,0.11653
495.668,0.11602
493.740,0.11573
491.811,0.11577
489.882,0.11561
487.954,0.11526
486.025,0.11515
484.096,0.11520
482.168,0.11520
480.239,0.11536
478.310,0.11579
476.382,0.11620
474.453,0.11642
472.524,0.11654
470.596,0.11701
468.667,0.11881
466.738,0.12310
464.810,0.13133
462.881,0.14543
460.952,0.16339
459.024,0.17499
457.095,0.17106
455.166,0.15582
453.238,0.13995
451.309,0.12875
449.380,0.12191
447.452,0.11776
445.523,0.11515
443.594,0.11348
441.666,0.11245
439.737,0.11172
437.808,0.11085
435.880,0.10983
433.951,0.10928
432.022,0.10926
430.094,0.10935
428.165,0.10948
426.236,0.10968
424.308,0.10985
422.379,0.10996
420.450,0.11024
418.522,0.11072
416.593,0.11113
414.664,0.11200
412.736,0.11317
410.807,0.11392
408.878,0.11640
406.950,0.12136
405.021,0.12677
403.092,0.13317
401.163,0.14076
399.235,0.15137
