6999.146,0.28904
6997.217,0.28895
6995.288,0.28891
6993.360,0.28883
6991.431,0.28872
6989.502,0.28863
6987.574,0.28854
6985.645,0.28848
6983.716,0.28840
6981.788,0.28821
6979.859,0.28805
6977.930,0.28795
6976.002,0.28782
6974.073,0.28774
6972.144,0.28767
6970.216,0.28753
6968.287,0.28743
6966.358,0.28736
6964.430,0.28723
6962.501,0.28712
6960.572,0.28705
6958.644,0.28691
6956.715,0.28666
6954.786,0.28642
6952.858,0.28637
6950.929,0.28642
6949.000,0.28632
6947.072,0.28615
6945.143,0.28606
6943.214,0.28600
6941.286,0.28583
6939.357,0.28559
6937.428,0.28545
6935.500,0.28545
6933.571,0.28530
6931.642,0.28493
6929.714,0.28465
6927.785,0.28469
6925.856,0.28492
6923.928,0.28502
6921.999,0.28487
6920.070,0.28469
6918.142,0.28456
6916.213,0.28439
6914.284,0.28421
6912.356,0.28410
6910.427,0.28399
6908.498,0.28387
6906.570,0.28377
6904.641,0.28366
6902.712,0.28351
6900.784,0.28338
6898.855,0.28333
6896.926,0.28337
6894.998,0.28340
6893.069,0.28331
6891.140,0.28311
6889.212,0.28297
6887.283,0.28290
6885.354,0.28280
6883.426,0.28263
6881.497,0.28241
6879.568,0.28230
6877.640,0.28231
6875.711,0.28231
6873.782,0.28206
6871.854,0.28164
6869.925,0.28136
6867.996,0.28131
6866.068,0.28129
6864.139,0.28123
6862.210,0.28119
6860.282,0.28115
6858.353,0.28104
6856.424,0.28089
6854.496,0.28071
6852.567,0.28053
6850.638,0.28043
6848.709,0.28040
6846.781,0.28033
6844.852,0.28020
6842.923,0.28008
6840.995,0.27994
6839.066,0.27980
6837.137,0.27968
6835.209,0.27954
6833.280,0.27940
6831.351,0.27926
6829.423,0.27915
6827.494,0.27910
6825.565,0.27899
6823.637,0.27880
6821.708,0.27864
6819.779,0.27851
6817.851,0.27838
6815.922,0.27829
6813.993,0.27822
6812.065,0.27813
6810.136,0.27806
6808.207,0.27805
6806.279,0.27803
6804.350,0.27788
6802.421,0.27762
6800.493,0.27735
6798.564,0.27722
6796.635,0.27720
6794.707,0.27712
6792.778,0.27693
6790.849,0.27670
6788.921,0.27656
6786.992,0.27653
6785.063,0.27650
6783.135,0.27645
6781.206,0.27637
6779.277,0.27618
6777.349,0.27594
6775.420,0.27574
6773.491,0.27558
6771.563,0.27544
6769.634,0.27529
6767.705,0.27512
6765.777,0.27498
6763.848,0.27488
6761.919,0.27484
6759.991,0.27477
6758.062,0.27461
6756.133,0.27447
6754.205,0.27441
6752.276,0.27436
6750.347,0.27425
6748.419,0.27408
6746.490,0.27385
6744.561,0.27362
6742.633,0.27345
6740.704,0.27331
6738.775,0.27314
6736.847,0.27299
6734.918,0.27289
6732.989,0.27278
6731.061,0.27265
6729.132,0.27260
6727.203,0.27270
6725.275,0.27279
6723.346,0.27266
6721.417,0.27230
6719.489,0.27195
6717.560,0.27171
6715.631,0.27159
6713.703,0.27161
6711.774,0.27171
6709.845,0.27175
6707.917,0.27165
6705.988,0.27135
6704.059,0.27101
6702.131,0.27089
6700.202,0.27094
6698.273,0.27089
6696.345,0.27071
6694.416,0.27060
6692.487,0.27052
6690.558,0.27035
6688.630,0.27015
6686.701,0.27002
6684.772,0.26993
6682.844,0.26983
6680.915,0.26972
6678.986,0.26961
6677.058,0.26953
6675.129,0.26948
6673.200,0.26945
6671.272,0.26940
6669.343,0.26925
6667.414,0.26906
6665.486,0.26897
6663.557,0.26890
6661.628,0.26869
6659.700,0.26847
6657.771,0.26838
6655.842,0.26831
6653.914,0.26816
6651.985,0.26798
6650.056,0.26785
6648.128,0.26779
6646.199,0.26770
6644.270,0.26753
6642.342,0.26735
6640.413,0.26721
6638.484,0.26710
6636.556,0.26699
6634.627,0.26683
6632.698,0.26665
6630.770,0.26654
6628.841,0.26645
6626.912,0.26635
6624.984,0.26627
6623.055,0.26629
6621.126,0.26636
6619.198,0.26631
6617.269,0.26612
6615.340,0.26597
6613.412,0.26591
6611.483,0.26588
6609.554,0.26581
6607.626,0.26571
6605.697,0.26558
6603.768,0.26544
6601.840,0.26536
6599.911,0.26529
6597.982,0.26513
6596.054,0.26495
6594.125,0.26478
6592.196,0.26468
6590.268,0.26468
6588.339,0.26473
6586.410,0.26467
6584.482,0.26441
6582.553,0.26411
6580.624,0.26395
6578.696,0.26386
6576.767,0.26374
6574.838,0.26368
6572.910,0.26364
6570.981,0.26360
6569.052,0.26357
6567.124,0.26349
6565.195,0.26334
6563.266,0.26327
6561.338,0.26326
6559.409,0.26324
6557.480,0.26326
6555.552,0.26334
6553.623,0.26347
6551.694,0.26353
6549.766,0.26344
6547.837,0.26326
6545.908,0.26309
6543.980,0.26290
6542.051,0.26263
6540.122,0.26232
6538.194,0.26204
6536.265,0.26179
6534.336,0.26158
6532.408,0.26142
6530.479,0.26124
6528.550,0.26108
6526.621,0.26101
6524.693,0.26090
6522.764,0.26067
6520.835,0.26044
6518.907,0.26026
6516.978,0.26011
6515.049,0.25996
6513.121,0.25981
6511.192,0.25975
6509.263,0.25976
6507.335,0.25967
6505.406,0.25946
6503.477,0.25930
6501.549,0.25927
6499.620,0.25924
6497.691,0.25914
6495.763,0.25897
6493.834,0.25878
6491.905,0.25863
6489.977,0.25854
6488.048,0.25845
6486.119,0.25833
6484.191,0.25815
6482.262,0.25798
6480.333,0.25780
6478.405,0.25760
6476.476,0.25749
6474.547,0.25745
6472.619,0.25741
6470.690,0.25734
6468.761,0.25725
6466.833,0.25713
6464.904,0.25699
6462.975,0.25679
6461.047,0.25658
6459.118,0.25641
6457.189,0.25632
6455.261,0.25630
6453.332,0.25629
6451.403,0.25619
6449.475,0.25603
6447.546,0.25588
6445.617,0.25575
6443.689,0.25565
6441.760,0.25559
6439.831,0.25553
6437.903,0.25541
6435.974,0.25521
6434.045,0.25501
6432.117,0.25488
6430.188,0.25482
6428.259,0.25471
6426.331,0.25457
6424.402,0.25441
6422.473,0.25420
6420.545,0.25404
6418.616,0.25402
6416.687,0.25407
6414.759,0.25409
6412.830,0.25404
6410.901,0.25395
6408.973,0.25381
6407.044,0.25361
6405.115,0.25337
6403.187,0.25315
6401.258,0.25305
6399.329,0.25306
6397.401,0.25301
6395.472,0.25283
6393.543,0.25262
6391.615,0.25248
6389.686,0.25238
6387.757,0.25230
6385.829,0.25223
6383.900,0.25210
6381.971,0.25195
6380.043,0.25184
6378.114,0.25173
6376.185,0.25162
6374.257,0.25156
6372.328,0.25153
6370.399,0.25146
6368.471,0.25138
6366.542,0.25131
6364.613,0.25124
6362.684,0.25115
6360.756,0.25099
6358.827,0.25080
6356.898,0.25063
6354.970,0.25052
6353.041,0.25051
6351.112,0.25049
6349.184,0.25037
6347.255,0.25019
6345.326,0.24998
6343.398,0.24980
6341.469,0.24971
6339.540,0.24969
6337.612,0.24967
6335.683,0.24954
6333.754,0.24934
6331.826,0.24919
6329.897,0.24908
6327.968,0.24899
6326.040,0.24897
6324.111,0.24894
6322.182,0.24875
6320.254,0.24850
6318.325,0.24837
6316.396,0.24831
6314.468,0.24817
6312.539,0.24801
6310.610,0.24795
6308.682,0.24790
6306.753,0.24782
6304.824,0.24772
6302.896,0.24765
6300.967,0.24756
6299.038,0.24743
6297.110,0.24727
6295.181,0.24710
6293.252,0.24700
6291.324,0.24695
6289.395,0.24686
6287.466,0.24671
6285.538,0.24658
6283.609,0.24648
6281.680,0.24636
6279.752,0.24626
6277.823,0.24620
6275.894,0.24617
6273.966,0.24610
6272.037,0.24598
6270.108,0.24585
6268.180,0.24574
6266.251,0.24562
6264.322,0.24552
6262.394,0.24540
6260.465,0.24524
6258.536,0.24510
6256.608,0.24498
6254.679,0.24483
6252.750,0.24469
6250.822,0.24455
6248.893,0.24438
6246.964,0.24428
6245.036,0.24430
6243.107,0.24433
6241.178,0.24422
6239.250,0.24403
6237.321,0.24388
6235.392,0.24378
6233.464,0.24365
6231.535,0.24353
6229.606,0.24348
6227.678,0.24344
6225.749,0.24332
6223.820,0.24315
6221.892,0.24299
6219.963,0.24283
6218.034,0.24270
6216.106,0.24258
6214.177,0.24242
6212.248,0.24226
6210.320,0.24215
6208.391,0.24207
6206.462,0.24198
6204.533,0.24188
6202.605,0.24180
6200.676,0.24175
6198.747,0.24170
6196.819,0.24159
6194.890,0.24143
6192.961,0.24131
6191.033,0.24122
6189.104,0.24111
6187.175,0.24102
6185.247,0.24097
6183.318,0.24084
6181.389,0.24063
6179.461,0.24049
6177.532,0.24046
6175.603,0.24045
6173.675,0.24037
6171.746,0.24023
6169.817,0.24013
6167.889,0.24007
6165.960,0.24000
6164.031,0.23988
6162.103,0.23973
6160.174,0.23956
6158.245,0.23938
6156.317,0.23927
6154.388,0.23924
6152.459,0.23920
6150.531,0.23913
6148.602,0.23909
6146.673,0.23904
6144.745,0.23893
6142.816,0.23880
6140.887,0.23870
6138.959,0.23860
6137.030,0.23853
6135.101,0.23846
6133.173,0.23842
6131.244,0.23842
6129.315,0.23836
6127.387,0.23822
6125.458,0.23811
6123.529,0.23805
6121.601,0.23800
6119.672,0.23790
6117.743,0.23780
6115.815,0.23772
6113.886,0.23767
6111.957,0.23758
6110.029,0.23747
6108.100,0.23735
6106.171,0.23724
6104.243,0.23715
6102.314,0.23706
6100.385,0.23698
6098.457,0.23692
6096.528,0.23681
6094.599,0.23664
6092.671,0.23648
6090.742,0.23639
6088.813,0.23636
6086.885,0.23632
6084.956,0.23625
6083.027,0.23623
6081.099,0.23625
6079.170,0.23620
6077.241,0.23612
6075.313,0.23611
6073.384,0.23613
6071.455,0.23611
6069.527,0.23604
6067.598,0.23597
6065.669,0.23593
6063.741,0.23592
6061.812,0.23595
6059.883,0.23607
6057.955,0.23627
6056.026,0.23651
6054.097,0.23674
6052.169,0.23696
6050.240,0.23718
6048.311,0.23736
6046.383,0.23732
6044.454,0.23699
6042.525,0.23649
6040.596,0.23599
6038.668,0.23552
6036.739,0.23510
6034.810,0.23472
6032.882,0.23440
6030.953,0.23423
6029.024,0.23417
6027.096,0.23409
6025.167,0.23392
6023.238,0.23379
6021.310,0.23377
6019.381,0.23385
6017.452,0.23399
6015.524,0.23415
6013.595,0.23423
6011.666,0.23413
6009.738,0.23388
6007.809,0.23356
6005.880,0.23329
6003.952,0.23309
6002.023,0.23293
6000.094,0.23279
5998.166,0.23271
5996.237,0.23268
5994.308,0.23267
5992.380,0.23268
5990.451,0.23272
5988.522,0.23276
5986.594,0.23277
5984.665,0.23284
5982.736,0.23300
5980.808,0.23326
5978.879,0.23358
5976.950,0.23389
5975.022,0.23422
5973.093,0.23455
5971.164,0.23474
5969.236,0.23468
5967.307,0.23438
5965.378,0.23390
5963.450,0.23333
5961.521,0.23282
5959.592,0.23243
5957.664,0.23216
5955.735,0.23198
5953.806,0.23187
5951.878,0.23179
5949.949,0.23169
5948.020,0.23163
5946.092,0.23164
5944.163,0.23167
5942.234,0.23169
5940.306,0.23169
5938.377,0.23168
5936.448,0.23167
5934.520,0.23171
5932.591,0.23177
5930.662,0.23184
5928.734,0.23193
5926.805,0.23201
5924.876,0.23205
5922.948,0.23211
5921.019,0.23221
5919.090,0.23224
5917.162,0.23221
5915.233,0.23216
5913.304,0.23207
5911.376,0.23196
5909.447,0.23186
5907.518,0.23175
5905.590,0.23159
5903.661,0.23141
5901.732,0.23123
5899.804,0.23106
5897.875,0.23094
5895.946,0.23094
5894.018,0.23101
5892.089,0.23108
5890.160,0.23112
5888.232,0.23115
5886.303,0.23121
5884.374,0.23133
5882.445,0.23146
5880.517,0.23154
5878.588,0.23162
5876.659,0.23171
5874.731,0.23183
5872.802,0.23197
5870.873,0.23209
5868.945,0.23219
5867.016,0.23234
5865.087,0.23252
5863.159,0.23266
5861.230,0.23277
5859.301,0.23287
5857.373,0.23300
5855.444,0.23312
5853.515,0.23320
5851.587,0.23327
5849.658,0.23334
5847.729,0.23339
5845.801,0.23343
5843.872,0.23348
5841.943,0.23347
5840.015,0.23340
5838.086,0.23328
5836.157,0.23315
5834.229,0.23299
5832.300,0.23276
5830.371,0.23247
5828.443,0.23215
5826.514,0.23180
5824.585,0.23148
5822.657,0.23118
5820.728,0.23087
5818.799,0.23060
5816.871,0.23039
5814.942,0.23017
5813.013,0.22993
5811.085,0.22975
5809.156,0.22957
5807.227,0.22934
5805.299,0.22912
5803.370,0.22894
5801.441,0.22877
5799.513,0.22859
5797.584,0.22839
5795.655,0.22812
5793.727,0.22781
5791.798,0.22750
5789.869,0.22717
5787.941,0.22684
5786.012,0.22656
5784.083,0.22634
5782.155,0.22618
5780.226,0.22606
5778.297,0.22590
5776.369,0.22566
5774.440,0.22537
5772.511,0.22508
5770.583,0.22477
5768.654,0.22442
5766.725,0.22408
5764.797,0.22375
5762.868,0.22339
5760.939,0.22309
5759.011,0.22287
5757.082,0.22267
5755.153,0.22247
5753.225,0.22236
5751.296,0.22227
5749.367,0.22214
5747.439,0.22199
5745.510,0.22190
5743.581,0.22182
5741.653,0.22167
5739.724,0.22147
5737.795,0.22127
5735.867,0.22110
5733.938,0.22102
5732.009,0.22104
5730.081,0.22112
5728.152,0.22119
5726.223,0.22124
5724.295,0.22135
5722.366,0.22148
5720.437,0.22162
5718.508,0.22182
5716.580,0.22207
5714.651,0.22231
5712.722,0.22252
5710.794,0.22277
5708.865,0.22309
5706.936,0.22345
5705.008,0.22379
5703.079,0.22411
5701.150,0.22433
5699.222,0.22437
5697.293,0.22424
5695.364,0.22388
5693.436,0.22326
5691.507,0.22251
5689.578,0.22182
5687.650,0.22123
5685.721,0.22064
5683.792,0.22007
5681.864,0.21958
5679.935,0.21916
5678.006,0.21876
5676.078,0.21838
5674.149,0.21803
5672.220,0.21774
5670.292,0.21750
5668.363,0.21727
5666.434,0.21702
5664.506,0.21675
5662.577,0.21648
5660.648,0.21624
5658.720,0.21604
5656.791,0.21583
5654.862,0.21556
5652.934,0.21528
5651.005,0.21504
5649.076,0.21485
5647.148,0.21471
5645.219,0.21458
5643.290,0.21442
5641.362,0.21425
5639.433,0.21410
5637.504,0.21393
5635.576,0.21377
5633.647,0.21364
5631.718,0.21351
5629.790,0.21339
5627.861,0.21326
5625.932,0.21312
5624.004,0.21296
5622.075,0.21277
5620.146,0.21260
5618.218,0.21251
5616.289,0.21248
5614.360,0.21242
5612.432,0.21230
5610.503,0.21216
5608.574,0.21199
5606.646,0.21183
5604.717,0.21173
5602.788,0.21166
5600.860,0.21157
5598.931,0.21142
5597.002,0.21126
5595.074,0.21114
5593.145,0.21103
5591.216,0.21091
5589.288,0.21081
5587.359,0.21076
5585.430,0.21067
5583.502,0.21051
5581.573,0.21035
5579.644,0.21026
5577.716,0.21020
5575.787,0.21014
5573.858,0.21008
5571.930,0.21001
5570.001,0.20989
5568.072,0.20974
5566.144,0.20961
5564.215,0.20951
5562.286,0.20940
5560.357,0.20934
5558.429,0.20928
5556.500,0.20919
5554.571,0.20911
5552.643,0.20905
5550.714,0.20895
5548.785,0.20886
5546.857,0.20883
5544.928,0.20881
5542.999,0.20874
5541.071,0.20863
5539.142,0.20851
5537.213,0.20840
5535.285,0.20831
5533.356,0.20822
5531.427,0.20810
5529.499,0.20796
5527.570,0.20782
5525.641,0.20771
5523.713,0.20757
5521.784,0.20741
5519.855,0.20727
5517.927,0.20717
5515.998,0.20709
5514.069,0.20703
5512.141,0.20693
5510.212,0.20678
5508.283,0.20663
5506.355,0.20655
5504.426,0.20649
5502.497,0.20638
5500.569,0.20624
5498.640,0.20612
5496.711,0.20600
5494.783,0.20587
5492.854,0.20577
5490.925,0.20571
5488.997,0.20566
5487.068,0.20561
5485.139,0.20555
5483.211,0.20545
5481.282,0.20535
5479.353,0.20522
5477.425,0.20502
5475.496,0.20487
5473.567,0.20486
5471.639,0.20487
5469.710,0.20481
5467.781,0.20471
5465.853,0.20458
5463.924,0.20442
5461.995,0.20429
5460.067,0.20425
5458.138,0.20426
5456.209,0.20422
5454.281,0.20412
5452.352,0.20398
5450.423,0.20383
5448.495,0.20369
5446.566,0.20356
5444.637,0.20346
5442.709,0.20338
5440.780,0.20334
5438.851,0.20330
5436.923,0.20316
5434.994,0.20304
5433.065,0.20300
5431.137,0.20287
5429.208,0.20271
5427.279,0.20268
5425.351,0.20270
5423.422,0.20266
5421.493,0.20259
5419.565,0.20251
5417.636,0.20236
5415.707,0.20212
5413.779,0.20194
5411.850,0.20191
5409.921,0.20196
5407.993,0.20197
5406.064,0.20192
5404.135,0.20186
5402.207,0.20181
5400.278,0.20171
5398.349,0.20156
5396.420,0.20140
5394.492,0.20127
5392.563,0.20120
5390.634,0.20116
5388.706,0.20106
5386.777,0.20094
5384.848,0.20090
5382.920,0.20089
5380.991,0.20083
5379.062,0.20066
5377.134,0.20052
5375.205,0.20049
5373.276,0.20052
5371.348,0.20050
5369.419,0.20041
5367.490,0.20033
5365.562,0.20025
5363.633,0.20020
5361.704,0.20017
5359.776,0.20013
5357.847,0.20003
5355.918,0.19987
5353.990,0.19976
5352.061,0.19973
5350.132,0.19968
5348.204,0.19954
5346.275,0.19940
5344.346,0.19938
5342.418,0.19941
5340.489,0.19931
5338.560,0.19919
5336.632,0.19921
5334.703,0.19921
5332.774,0.19910
5330.846,0.19896
5328.917,0.19883
5326.988,0.19878
5325.060,0.19882
5323.131,0.19880
5321.202,0.19870
5319.274,0.19857
5317.345,0.19842
5315.416,0.19830
5313.488,0.19820
5311.559,0.19809
5309.630,0.19794
5307.702,0.19780
5305.773,0.19766
5303.844,0.19754
5301.916,0.19745
5299.987,0.19737
5298.058,0.19728
5296.130,0.19718
5294.201,0.19709
5292.272,0.19697
5290.344,0.19684
5288.415,0.19679
5286.486,0.19675
5284.558,0.19662
5282.629,0.19646
5280.700,0.19635
5278.772,0.19633
5276.843,0.19631
5274.914,0.19625
5272.986,0.19611
5271.057,0.19596
5269.128,0.19584
5267.200,0.19568
5265.271,0.19550
5263.342,0.19541
5261.414,0.19542
5259.485,0.19542
5257.556,0.19532
5255.628,0.19520
5253.699,0.19517
5251.770,0.19510
5249.842,0.19488
5247.913,0.19468
5245.984,0.19461
5244.056,0.19462
5242.127,0.19466
5240.198,0.19464
5238.269,0.19454
5236.341,0.19444
5234.412,0.19433
5232.483,0.19423
5230.555,0.19414
5228.626,0.19403
5226.697,0.19389
5224.769,0.19384
5222.840,0.19385
5220.911,0.19380
5218.983,0.19371
5217.054,0.19364
5215.125,0.19361
5213.197,0.19354
5211.268,0.19339
5209.339,0.19319
5207.411,0.19305
5205.482,0.19305
5203.553,0.19313
5201.625,0.19316
5199.696,0.19308
5197.767,0.19297
5195.839,0.19291
5193.910,0.19287
5191.981,0.19279
5190.053,0.19268
5188.124,0.19256
5186.195,0.19245
5184.267,0.19242
5182.338,0.19243
5180.409,0.19240
5178.481,0.19232
5176.552,0.19224
5174.623,0.19215
5172.695,0.19207
5170.766,0.19201
5168.837,0.19196
5166.909,0.19187
5164.980,0.19177
5163.051,0.19170
5161.123,0.19162
5159.194,0.19152
5157.265,0.19143
5155.337,0.19136
5153.408,0.19128
5151.479,0.19121
5149.551,0.19116
5147.622,0.19112
5145.693,0.19106
5143.765,0.19097
5141.836,0.19087
5139.907,0.19080
5137.979,0.19079
5136.050,0.19078
5134.121,0.19071
5132.193,0.19063
5130.264,0.19058
5128.335,0.19053
5126.407,0.19047
5124.478,0.19041
5122.549,0.19033
5120.621,0.19026
5118.692,0.19022
5116.763,0.19017
5114.835,0.19008
5112.906,0.18997
5110.977,0.18983
5109.049,0.18968
5107.120,0.18952
5105.191,0.18939
5103.263,0.18931
5101.334,0.18923
5099.405,0.18915
5097.477,0.18909
5095.548,0.18905
5093.619,0.18896
5091.691,0.18885
5089.762,0.18876
5087.833,0.18870
5085.905,0.18866
5083.976,0.18860
5082.047,0.18847
5080.119,0.18829
5078.190,0.18814
5076.261,0.18804
5074.332,0.18793
5072.404,0.18777
5070.475,0.18761
5068.546,0.18750
5066.618,0.18742
5064.689,0.18731
5062.760,0.18717
5060.832,0.18705
5058.903,0.18696
5056.974,0.18686
5055.046,0.18674
5053.117,0.18664
5051.188,0.18658
5049.260,0.18654
5047.331,0.18649
5045.402,0.18643
5043.474,0.18635
5041.545,0.18626
5039.616,0.18614
5037.688,0.18603
5035.759,0.18596
5033.830,0.18591
5031.902,0.18584
5029.973,0.18575
5028.044,0.18566
5026.116,0.18557
5024.187,0.18547
5022.258,0.18538
5020.330,0.18530
5018.401,0.18523
5016.472,0.18514
5014.544,0.18506
5012.615,0.18500
5010.686,0.18491
5008.758,0.18480
5006.829,0.18468
5004.900,0.18456
5002.972,0.18446
5001.043,0.18439
4999.114,0.18431
4997.186,0.18422
4995.257,0.18414
4993.328,0.18406
4991.400,0.18398
4989.471,0.18391
4987.542,0.18381
4985.614,0.18372
4983.685,0.18362
4981.756,0.18353
4979.828,0.18345
4977.899,0.18339
4975.970,0.18334
4974.042,0.18328
4972.113,0.18319
4970.184,0.18308
4968.256,0.18296
4966.327,0.18286
4964.398,0.18280
4962.470,0.18274
4960.541,0.18266
4958.612,0.18258
4956.684,0.18249
4954.755,0.18240
4952.826,0.18231
4950.898,0.18224
4948.969,0.18215
4947.040,0.18205
4945.112,0.18198
4943.183,0.18192
4941.254,0.18186
4939.326,0.18179
4937.397,0.18173
4935.468,0.18165
4933.540,0.18155
4931.611,0.18145
4929.682,0.18135
4927.754,0.18126
4925.825,0.18117
4923.896,0.18108
4921.968,0.18102
4920.039,0.18101
4918.110,0.18098
4916.181,0.18090
4914.253,0.18081
4912.324,0.18075
4910.395,0.18067
4908.467,0.18056
4906.538,0.18045
4904.609,0.18036
4902.681,0.18029
4900.752,0.18024
4898.823,0.18019
4896.895,0.18014
4894.966,0.18013
4893.037,0.18020
4891.109,0.18036
4889.180,0.18059
4887.251,0.18081
4885.323,0.18092
4883.394,0.18084
4881.465,0.18059
4879.537,0.18025
4877.608,0.17992
4875.679,0.17965
4873.751,0.17943
4871.822,0.17922
4869.893,0.17904
4867.965,0.17890
4866.036,0.17881
4864.107,0.17874
4862.179,0.17867
4860.250,0.17859
4858.321,0.17848
4856.393,0.17839
4854.464,0.17833
4852.535,0.17825
4850.607,0.17814
4848.678,0.17807
4846.749,0.17803
4844.821,0.17797
4842.892,0.17784
4840.963,0.17772
4839.035,0.17766
4837.106,0.17761
4835.177,0.17754
4833.249,0.17743
4831.320,0.17732
4829.391,0.17724
4827.463,0.17721
4825.534,0.17720
4823.605,0.17715
4821.677,0.17707
4819.748,0.17699
4817.819,0.17695
4815.891,0.17690
4813.962,0.17681
4812.033,0.17673
4810.105,0.17667
4808.176,0.17663
4806.247,0.17658
4804.319,0.17651
4802.390,0.17645
4800.461,0.17639
4798.533,0.17629
4796.604,0.17619
4794.675,0.17608
4792.747,0.17598
4790.818,0.17589
4788.889,0.17578
4786.961,0.17567
4785.032,0.17557
4783.103,0.17549
4781.175,0.17545
4779.246,0.17541
4777.317,0.17537
4775.389,0.17530
4773.460,0.17522
4771.531,0.17514
4769.603,0.17506
4767.674,0.17501
4765.745,0.17494
4763.817,0.17483
4761.888,0.17474
4759.959,0.17467
4758.031,0.17458
4756.102,0.17448
4754.173,0.17441
4752.244,0.17436
4750.316,0.17430
4748.387,0.17424
4746.458,0.17419
4744.530,0.17413
4742.601,0.17404
4740.672,0.17395
4738.744,0.17388
4736.815,0.17382
4734.886,0.17376
4732.958,0.17372
4731.029,0.17367
4729.100,0.17357
4727.172,0.17347
4725.243,0.17339
4723.314,0.17335
4721.386,0.17330
4719.457,0.17323
4717.528,0.17316
4715.600,0.17307
4713.671,0.17298
4711.742,0.17293
4709.814,0.17290
4707.885,0.17284
4705.956,0.17275
4704.028,0.17268
4702.099,0.17263
4700.170,0.17259
4698.242,0.17260
4696.313,0.17266
4694.384,0.17271
4692.456,0.17275
4690.527,0.17280
4688.598,0.17282
4686.670,0.17279
4684.741,0.17272
4682.812,0.17268
4680.884,0.17267
4678.955,0.17268
4677.026,0.17271
4675.098,0.17273
4673.169,0.17273
4671.240,0.17269
4669.312,0.17264
4667.383,0.17255
4665.454,0.17241
4663.526,0.17225
4661.597,0.17213
4659.668,0.17207
4657.740,0.17201
4655.811,0.17191
4653.882,0.17183
4651.954,0.17174
4650.025,0.17162
4648.096,0.17148
4646.168,0.17136
4644.239,0.17125
4642.310,0.17120
4640.382,0.17118
4638.453,0.17117
4636.524,0.17117
4634.596,0.17116
4632.667,0.17111
4630.738,0.17100
4628.810,0.17085
4626.881,0.17068
4624.952,0.17054
4623.024,0.17043
4621.095,0.17031
4619.166,0.17015
4617.238,0.16997
4615.309,0.16978
4613.380,0.16963
4611.452,0.16951
4609.523,0.16940
4607.594,0.16930
4605.666,0.16920
4603.737,0.16912
4601.808,0.16906
4599.880,0.16900
4597.951,0.16892
4596.022,0.16886
4594.093,0.16882
4592.165,0.16879
4590.236,0.16878
4588.307,0.16879
4586.379,0.16877
4584.450,0.16873
4582.521,0.16866
4580.593,0.16861
4578.664,0.16861
4576.735,0.16861
4574.807,0.16858
4572.878,0.16855
4570.949,0.16853
4569.021,0.16852
4567.092,0.16850
4565.163,0.16847
4563.235,0.16842
4561.306,0.16837
4559.377,0.16835
4557.449,0.16830
4555.520,0.16824
4553.591,0.16817
4551.663,0.16810
4549.734,0.16800
4547.805,0.16791
4545.877,0.16785
4543.948,0.16783
4542.019,0.16780
4540.091,0.16776
4538.162,0.16772
4536.233,0.16770
4534.305,0.16773
4532.376,0.16780
4530.447,0.16790
4528.519,0.16804
4526.590,0.16824
4524.661,0.16848
4522.733,0.16865
4520.804,0.16858
4518.875,0.16830
4516.947,0.16794
4515.018,0.16764
4513.089,0.16743
4511.161,0.16731
4509.232,0.16726
4507.303,0.16725
4505.375,0.16728
4503.446,0.16741
4501.517,0.16765
4499.589,0.16791
4497.660,0.16819
4495.731,0.16851
4493.803,0.16887
4491.874,0.16926
4489.945,0.16976
4488.017,0.17052
4486.088,0.17173
4484.159,0.17359
4482.231,0.17621
4480.302,0.17921
4478.373,0.18145
4476.445,0.18172
4474.516,0.17990
4472.587,0.17714
4470.659,0.17472
4468.730,0.17321
4466.801,0.17262
4464.873,0.17273
4462.944,0.17324
4461.015,0.17381
4459.087,0.17412
4457.158,0.17400
4455.229,0.17354
4453.301,0.17291
4451.372,0.17211
4449.443,0.17109
4447.515,0.16988
4445.586,0.16867
4443.657,0.16761
4441.729,0.16677
4439.800,0.16619
4437.871,0.16583
4435.943,0.16557
4434.014,0.16538
4432.085,0.16528
4430.156,0.16527
4428.228,0.16531
4426.299,0.16536
4424.370,0.16540
4422.442,0.16541
4420.513,0.16537
4418.584,0.16532
4416.656,0.16527
4414.727,0.16517
4412.798,0.16506
4410.870,0.16497
4408.941,0.16489
4407.012,0.16481
4405.084,0.16475
4403.155,0.16470
4401.226,0.16465
4399.298,0.16464
4397.369,0.16472
4395.440,0.16489
4393.512,0.16512
4391.583,0.16538
4389.654,0.16560
4387.726,0.16563
4385.797,0.16550
4383.868,0.16537
4381.940,0.16533
4380.011,0.16536
4378.082,0.16543
4376.154,0.16553
4374.225,0.16561
4372.296,0.16558
4370.368,0.16544
4368.439,0.16524
4366.510,0.16500
4364.582,0.16473
4362.653,0.16450
4360.724,0.16440
4358.796,0.16440
4356.867,0.16447
4354.938,0.16457
4353.010,0.16466
4351.081,0.16472
4349.152,0.16481
4347.224,0.16497
4345.295,0.16524
4343.366,0.16554
4341.438,0.16583
4339.509,0.16616
4337.580,0.16660
4335.652,0.16718
4333.723,0.16790
4331.794,0.16881
4329.866,0.16990
4327.937,0.17114
4326.008,0.17238
4324.080,0.17327
4322.151,0.17331
4320.222,0.17228
4318.294,0.17060
4316.365,0.16892
4314.436,0.16766
4312.508,0.16685
4310.579,0.16633
4308.650,0.16597
4306.722,0.16563
4304.793,0.16526
4302.864,0.16495
4300.936,0.16479
4299.007,0.16481
4297.078,0.16497
4295.150,0.16523
4293.221,0.16555
4291.292,0.16581
4289.364,0.16593
4287.435,0.16584
4285.506,0.16559
4283.578,0.16535
4281.649,0.16531
4279.720,0.16558
4277.792,0.16613
4275.863,0.16688
4273.934,0.16759
4272.005,0.16796
4270.077,0.16774
4268.148,0.16701
4266.219,0.16611
4264.291,0.16535
4262.362,0.16490
4260.433,0.16480
4258.505,0.16494
4256.576,0.16517
4254.647,0.16534
4252.719,0.16529
4250.790,0.16482
4248.861,0.16390
4246.933,0.16279
4245.004,0.16183
4243.075,0.16118
4241.147,0.16082
4239.218,0.16067
4237.289,0.16066
4235.361,0.16074
4233.432,0.16086
4231.503,0.16097
4229.575,0.16109
4227.646,0.16121
4225.717,0.16140
4223.789,0.16168
4221.860,0.16196
4219.931,0.16213
4218.003,0.16219
4216.074,0.16213
4214.145,0.16194
4212.217,0.16165
4210.288,0.16136
4208.359,0.16114
4206.431,0.16101
4204.502,0.16098
4202.573,0.16108
4200.645,0.16127
4198.716,0.16149
4196.787,0.16170
4194.859,0.16190
4192.930,0.16209
4191.001,0.16223
4189.073,0.16233
4187.144,0.16240
4185.215,0.16245
4183.287,0.16249
4181.358,0.16253
4179.429,0.16252
4177.501,0.16237
4175.572,0.16209
4173.643,0.16177
4171.715,0.16153
4169.786,0.16144
4167.857,0.16166
4165.929,0.16219
4164.000,0.16269
4162.071,0.16263
4160.143,0.16187
4158.214,0.16079
4156.285,0.15982
4154.357,0.15913
4152.428,0.15868
4150.499,0.15838
4148.571,0.15815
4146.642,0.15797
4144.713,0.15781
4142.785,0.15764
4140.856,0.15746
4138.927,0.15728
4136.999,0.15711
4135.070,0.15695
4133.141,0.15679
4131.213,0.15665
4129.284,0.15654
4127.355,0.15644
4125.427,0.15635
4123.498,0.15628
4121.569,0.15622
4119.641,0.15614
4117.712,0.15607
4115.783,0.15605
4113.855,0.15606
4111.926,0.15606
4109.997,0.15605
4108.068,0.15603
4106.140,0.15602
4104.211,0.15601
4102.282,0.15597
4100.354,0.15591
4098.425,0.15584
4096.496,0.15574
4094.568,0.15558
4092.639,0.15536
4090.710,0.15513
4088.782,0.15494
4086.853,0.15480
4084.924,0.15469
4082.996,0.15461
4081.067,0.15462
4079.138,0.15473
4077.210,0.15499
4075.281,0.15544
4073.352,0.15618
4071.424,0.15723
4069.495,0.15850
4067.566,0.15963
4065.638,0.16017
4063.709,0.15990
4061.780,0.15908
4059.852,0.15819
4057.923,0.15746
4055.994,0.15686
4054.066,0.15626
4052.137,0.15561
4050.208,0.15494
4048.280,0.15432
4046.351,0.15382
4044.422,0.15346
4042.494,0.15327
4040.565,0.15324
4038.636,0.15339
4036.708,0.15371
4034.779,0.15419
4032.850,0.15489
4030.922,0.15577
4028.993,0.15662
4027.064,0.15716
4025.136,0.15725
4023.207,0.15701
4021.278,0.15661
4019.350,0.15614
4017.421,0.15560
4015.492,0.15492
4013.564,0.15409
4011.635,0.15321
4009.706,0.15242
4007.778,0.15180
4005.849,0.15138
4003.920,0.15111
4001.992,0.15096
4000.063,0.15090
3998.134,0.15092
3996.206,0.15104
3994.277,0.15126
3992.348,0.15158
3990.420,0.15195
3988.491,0.15230
3986.562,0.15255
3984.634,0.15269
3982.705,0.15283
3980.776,0.15304
3978.848,0.15322
3976.919,0.15325
3974.990,0.15312
3973.062,0.15290
3971.133,0.15275
3969.204,0.15282
3967.276,0.15319
3965.347,0.15384
3963.418,0.15471
3961.490,0.15566
3959.561,0.15645
3957.632,0.15675
3955.704,0.15639
3953.775,0.15542
3951.846,0.15413
3949.917,0.15283
3947.989,0.15173
3946.060,0.15086
3944.131,0.15018
3942.203,0.14973
3940.274,0.14949
3938.345,0.14933
3936.417,0.14918
3934.488,0.14908
3932.559,0.14914
3930.631,0.14946
3928.702,0.14990
3926.773,0.15034
3924.845,0.15089
3922.916,0.15155
3920.987,0.15207
3919.059,0.15232
3917.130,0.15234
3915.201,0.15213
3913.273,0.15157
3911.344,0.15076
3909.415,0.14989
3907.487,0.14894
3905.558,0.14797
3903.629,0.14729
3901.701,0.14698
3899.772,0.14696
3897.843,0.14711
3895.915,0.14716
3893.986,0.14691
3892.057,0.14665
3890.129,0.14659
3888.200,0.14643
3886.271,0.14616
3884.343,0.14609
3882.414,0.14602
3880.485,0.14596
3878.557,0.14610
3876.628,0.14612
3874.699,0.14594
3872.771,0.14572
3870.842,0.14554
3868.913,0.14557
3866.985,0.14567
3865.056,0.14567
3863.127,0.14579
3861.199,0.14603
3859.270,0.14603
3857.341,0.14540
3855.413,0.14443
3853.484,0.14414
3851.555,0.14476
3849.627,0.14539
3847.698,0.14554
3845.769,0.14536
3843.841,0.14503
3841.912,0.14468
3839.983,0.14438
3838.055,0.14420
3836.126,0.14411
3834.197,0.14406
3832.269,0.14410
3830.340,0.14417
3828.411,0.14416
3826.483,0.14408
3824.554,0.14389
3822.625,0.14351
3820.697,0.14333
3818.768,0.14340
3816.839,0.14340
3814.911,0.14341
3812.982,0.14348
3811.053,0.14336
3809.125,0.14302
3807.196,0.14275
3805.267,0.14264
3803.339,0.14241
3801.410,0.14219
3799.481,0.14214
3797.553,0.14213
3795.624,0.14218
3793.695,0.14226
3791.767,0.14227
3789.838,0.14223
3787.909,0.14212
3785.980,0.14199
3784.052,0.14192
3782.123,0.14184
3780.194,0.14173
3778.266,0.14177
3776.337,0.14192
3774.408,0.14194
3772.480,0.14171
3770.551,0.14146
3768.622,0.14142
3766.694,0.14146
3764.765,0.14148
3762.836,0.14143
3760.908,0.14126
3758.979,0.14116
3757.050,0.14115
3755.122,0.14097
3753.193,0.14050
3751.264,0.14008
3749.336,0.13999
3747.407,0.13981
3745.478,0.13945
3743.550,0.13964
3741.621,0.14022
3739.692,0.14026
3737.764,0.13974
3735.835,0.13943
3733.906,0.13968
3731.978,0.14018
3730.049,0.14045
3728.120,0.14033
3726.192,0.14012
3724.263,0.14005
3722.334,0.14003
3720.406,0.14009
3718.477,0.14022
3716.548,0.14020
3714.620,0.13995
3712.691,0.13969
3710.762,0.13975
3708.834,0.14010
3706.905,0.14045
3704.976,0.14058
3703.048,0.14055
3701.119,0.14066
3699.190,0.14090
3697.262,0.14107
3695.333,0.14105
3693.404,0.14084
3691.476,0.14063
3689.547,0.14069
3687.618,0.14101
3685.690,0.14129
3683.761,0.14140
3681.832,0.14134
3679.904,0.14111
3677.975,0.14074
3676.046,0.14052
3674.118,0.14066
3672.189,0.14082
3670.260,0.14090
3668.332,0.14123
3666.403,0.14166
3664.474,0.14192
3662.546,0.14211
3660.617,0.14224
3658.688,0.14220
3656.760,0.14221
3654.831,0.14241
3652.902,0.14243
3650.974,0.14231
3649.045,0.14258
3647.116,0.14337
3645.188,0.14423
3643.259,0.14475
3641.330,0.14493
3639.402,0.14488
3637.473,0.14469
3635.544,0.14447
3633.616,0.14430
3631.687,0.14401
3629.758,0.14385
3627.830,0.14435
3625.901,0.14521
3623.972,0.14576
3622.043,0.14596
3620.115,0.14620
3618.186,0.14677
3616.257,0.14748
3614.329,0.14811
3612.400,0.14869
3610.471,0.14917
3608.543,0.14967
3606.614,0.15033
3604.685,0.15088
3602.757,0.15103
3600.828,0.15095
3598.899,0.15087
3596.971,0.15083
3595.042,0.15090
3593.113,0.15112
3591.185,0.15130
3589.256,0.15133
3587.327,0.15163
3585.399,0.15231
3583.470,0.15298
3581.541,0.15343
3579.613,0.15382
3577.684,0.15427
3575.755,0.15472
3573.827,0.15508
3571.898,0.15526
3569.969,0.15524
3568.041,0.15525
3566.112,0.15561
3564.183,0.15626
3562.255,0.15682
3560.326,0.15721
3558.397,0.15754
3556.469,0.15787
3554.540,0.15814
3552.611,0.15838
3550.683,0.15867
3548.754,0.15898
3546.825,0.15929
3544.897,0.15967
3542.968,0.16015
3541.039,0.16062
3539.111,0.16097
3537.182,0.16126
3535.253,0.16162
3533.325,0.16198
3531.396,0.16226
3529.467,0.16252
3527.539,0.16283
3525.610,0.16318
3523.681,0.16353
3521.753,0.16392
3519.824,0.16430
3517.895,0.16462
3515.967,0.16490
3514.038,0.16517
3512.109,0.16543
3510.181,0.16570
3508.252,0.16602
3506.323,0.16637
3504.395,0.16668
3502.466,0.16699
3500.537,0.16739
3498.609,0.16779
3496.680,0.16816
3494.751,0.16857
3492.823,0.16903
3490.894,0.16953
3488.965,0.17005
3487.037,0.17060
3485.108,0.17112
3483.179,0.17148
3481.251,0.17171
3479.322,0.17190
3477.393,0.17206
3475.465,0.17219
3473.536,0.17232
3471.607,0.17251
3469.679,0.17278
3467.750,0.17308
3465.821,0.17339
3463.892,0.17373
3461.964,0.17407
3460.035,0.17439
3458.106,0.17474
3456.178,0.17511
3454.249,0.17546
3452.320,0.17579
3450.392,0.17610
3448.463,0.17640
3446.534,0.17668
3444.606,0.17692
3442.677,0.17709
3440.748,0.17720
3438.820,0.17730
3436.891,0.17741
3434.962,0.17750
3433.034,0.17753
3431.105,0.17754
3429.176,0.17758
3427.248,0.17760
3425.319,0.17756
3423.390,0.17749
3421.462,0.17746
3419.533,0.17742
3417.604,0.17735
3415.676,0.17727
3413.747,0.17718
3411.818,0.17705
3409.890,0.17691
3407.961,0.17676
3406.032,0.17656
3404.104,0.17635
3402.175,0.17617
3400.246,0.17599
3398.318,0.17572
3396.389,0.17542
3394.460,0.17514
3392.532,0.17487
3390.603,0.17455
3388.674,0.17422
3386.746,0.17390
3384.817,0.17357
3382.888,0.17321
3380.960,0.17287
3379.031,0.17250
3377.102,0.17206
3375.174,0.17158
3373.245,0.17114
3371.316,0.17069
3369.388,0.17018
3367.459,0.16962
3365.530,0.16907
3363.602,0.16854
3361.673,0.16799
3359.744,0.16747
3357.816,0.16698
3355.887,0.16650
3353.958,0.16605
3352.030,0.16566
3350.101,0.16526
3348.172,0.16483
3346.244,0.16445
3344.315,0.16413
3342.386,0.16381
3340.458,0.16349
3338.529,0.16322
3336.600,0.16298
3334.672,0.16274
3332.743,0.16253
3330.814,0.16240
3328.886,0.16232
3326.957,0.16224
3325.028,0.16221
3323.100,0.16224
3321.171,0.16225
3319.242,0.16222
3317.314,0.16227
3315.385,0.16246
3313.456,0.16275
3311.528,0.16316
3309.599,0.16369
3307.670,0.16414
3305.742,0.16430
3303.813,0.16427
3301.884,0.16429
3299.955,0.16444
3298.027,0.16472
3296.098,0.16508
3294.169,0.16534
3292.241,0.16540
3290.312,0.16545
3288.383,0.16582
3286.455,0.16667
3284.526,0.16807
3282.597,0.17028
3280.669,0.17381
3278.740,0.17855
3276.811,0.18325
3274.883,0.18600
3272.954,0.18499
3271.025,0.18000
3269.097,0.17348
3267.168,0.16832
3265.239,0.16525
3263.311,0.16351
3261.382,0.16251
3259.453,0.16196
3257.525,0.16159
3255.596,0.16124
3253.667,0.16096
3251.739,0.16077
3249.810,0.16052
3247.881,0.16020
3245.953,0.15989
3244.024,0.15963
3242.095,0.15933
3240.167,0.15902
3238.238,0.15877
3236.309,0.15851
3234.381,0.15819
3232.452,0.15790
3230.523,0.15769
3228.595,0.15747
3226.666,0.15720
3224.737,0.15700
3222.809,0.15681
3220.880,0.15651
3218.951,0.15617
3217.023,0.15592
3215.094,0.15571
3213.165,0.15546
3211.237,0.15523
3209.308,0.15503
3207.379,0.15478
3205.451,0.15449
3203.522,0.15429
3201.593,0.15411
3199.665,0.15383
3197.736,0.15353
3195.807,0.15332
3193.879,0.15311
3191.950,0.15285
3190.021,0.15267
3188.093,0.15258
3186.164,0.15243
3184.235,0.15221
3182.307,0.15210
3180.378,0.15206
3178.449,0.15195
3176.521,0.15182
3174.592,0.15175
3172.663,0.15163
3170.735,0.15136
3168.806,0.15110
3166.877,0.15090
3164.949,0.15066
3163.020,0.15037
3161.091,0.15014
3159.163,0.14996
3157.234,0.14972
3155.305,0.14951
3153.377,0.14945
3151.448,0.14946
3149.519,0.14943
3147.591,0.14947
3145.662,0.14970
3143.733,0.15003
3141.804,0.15050
3139.876,0.15124
3137.947,0.15216
3136.018,0.15289
3134.090,0.15315
3132.161,0.15294
3130.232,0.15236
3128.304,0.15164
3126.375,0.15107
3124.446,0.15066
3122.518,0.15024
3120.589,0.14976
3118.660,0.14936
3116.732,0.14896
3114.803,0.14846
3112.874,0.14795
3110.946,0.14764
3109.017,0.14746
3107.088,0.14732
3105.160,0.14724
3103.231,0.14718
3101.302,0.14701
3099.374,0.14670
3097.445,0.14638
3095.516,0.14606
3093.588,0.14571
3091.659,0.14545
3089.730,0.14537
3087.802,0.14542
3085.873,0.14550
3083.944,0.14564
3082.016,0.14587
3080.087,0.14611
3078.158,0.14639
3076.230,0.14677
3074.301,0.14722
3072.372,0.14768
3070.444,0.14820
3068.515,0.14880
3066.586,0.14941
3064.658,0.15000
3062.729,0.15066
3060.800,0.15139
3058.872,0.15208
3056.943,0.15271
3055.014,0.15337
3053.086,0.15406
3051.157,0.15471
3049.228,0.15533
3047.300,0.15596
3045.371,0.15659
3043.442,0.15739
3041.514,0.15860
3039.585,0.16031
3037.656,0.16252
3035.728,0.16551
3033.799,0.16983
3031.870,0.17635
3029.942,0.18639
3028.013,0.20094
3026.084,0.21760
3024.156,0.22769
3022.227,0.22260
3020.298,0.20519
3018.370,0.18654
3016.441,0.17365
3014.512,0.16677
3012.584,0.16368
3010.655,0.16252
3008.726,0.16241
3006.798,0.16311
3004.869,0.16452
3002.940,0.16652
3001.012,0.16920
2999.083,0.17277
2997.154,0.17758
2995.226,0.18421
2993.297,0.19389
2991.368,0.20857
2989.440,0.23024
2987.511,0.25653
2985.582,0.27498
2983.654,0.27140
2981.725,0.24988
2979.796,0.22781
2977.867,0.21503
2975.939,0.21096
2974.010,0.21246
2972.081,0.21755
2970.153,0.22513
2968.224,0.23453
2966.295,0.24537
2964.367,0.25723
2962.438,0.26932
2960.509,0.28036
2958.581,0.28880
2956.652,0.29310
2954.723,0.29240
2952.795,0.28766
2950.866,0.28218
2948.937,0.27992
2947.009,0.28313
2945.080,0.29196
2943.151,0.30559
2941.223,0.32321
2939.294,0.34431
2937.365,0.36853
2935.437,0.39576
2933.508,0.42602
2931.579,0.45934
2929.651,0.49605
2927.722,0.53745
2925.793,0.58571
2923.865,0.64188
2921.936,0.70272
2920.007,0.75718
2918.079,0.78302
2916.150,0.75701
2914.221,0.68645
2912.293,0.60701
2910.364,0.54430
2908.435,0.50181
2906.507,0.47213
2904.578,0.44848
2902.649,0.42751
2900.721,0.40588
2898.792,0.38051
2896.863,0.35225
2894.935,0.32516
2893.006,0.30224
2891.077,0.28361
2889.149,0.26788
2887.220,0.25389
2885.291,0.24129
2883.363,0.23030
2881.434,0.22145
2879.505,0.21535
2877.577,0.21221
2875.648,0.21147
2873.719,0.21172
2871.791,0.21151
2869.862,0.21088
2867.933,0.21189
2866.005,0.21726
2864.076,0.22872
2862.147,0.24665
2860.219,0.27078
2858.290,0.30201
2856.361,0.34410
2854.433,0.40262
2852.504,0.47634
2850.575,0.53718
2848.647,0.53198
2846.718,0.45689
2844.789,0.36774
2842.861,0.29963
2840.932,0.25463
2839.003,0.22498
2837.075,0.20432
2835.146,0.18916
2833.217,0.17775
2831.289,0.16891
2829.360,0.16178
2827.431,0.15590
2825.503,0.15103
2823.574,0.14689
2821.645,0.14331
2819.716,0.14023
2817.788,0.13759
2815.859,0.13520
2813.930,0.13307
2812.002,0.13123
2810.073,0.12957
2808.144,0.12800
2806.216,0.12660
2804.287,0.12538
2802.358,0.12419
2800.430,0.12303
2798.501,0.12201
2796.572,0.12110
2794.644,0.12019
2792.715,0.11934
2790.786,0.11869
2788.858,0.11817
2786.929,0.11774
2785.000,0.11751
2783.072,0.11749
2781.143,0.11758
2779.214,0.11779
2777.286,0.11831
2775.357,0.11918
2773.428,0.12026
2771.500,0.12143
2769.571,0.12239
2767.642,0.12256
2765.714,0.12158
2763.785,0.11976
2761.856,0.11773
2759.928,0.11586
2757.999,0.11430
2756.070,0.11313
2754.142,0.11228
2752.213,0.11165
2750.284,0.11124
2748.356,0.11108
2746.427,0.11106
2744.498,0.11101
2742.570,0.11094
2740.641,0.11089
2738.712,0.11079
2736.784,0.11063
2734.855,0.11053
2732.926,0.11049
2730.998,0.11040
2729.069,0.11023
2727.140,0.11005
2725.212,0.10985
2723.283,0.10960
2721.354,0.10939
2719.426,0.10925
2717.497,0.10916
2715.568,0.10908
2713.640,0.10904
2711.711,0.10906
2709.782,0.10909
2707.854,0.10913
2705.925,0.10922
2703.996,0.10938
2702.068,0.10960
2700.139,0.10993
2698.210,0.11034
2696.282,0.11080
2694.353,0.11128
2692.424,0.11180
2690.496,0.11240
2688.567,0.11310
2686.638,0.11391
2684.710,0.11487
2682.781,0.11599
2680.852,0.11719
2678.924,0.11843
2676.995,0.11972
2675.066,0.12108
2673.138,0.12243
2671.209,0.12349
2669.280,0.12412
2667.352,0.12444
2665.423,0.12472
2663.494,0.12506
2661.566,0.12529
2659.637,0.12498
2657.708,0.12385
2655.779,0.12203
2653.851,0.11995
2651.922,0.11801
2649.993,0.11644
2648.065,0.11532
2646.136,0.11461
2644.207,0.11424
2642.279,0.11412
2640.350,0.11411
2638.421,0.11406
2636.493,0.11382
2634.564,0.11336
2632.635,0.11277
2630.707,0.11212
2628.778,0.11139
2626.849,0.11057
2624.921,0.10973
2622.992,0.10891
2621.063,0.10813
2619.135,0.10750
2617.206,0.10707
2615.277,0.10681
2613.349,0.10669
2611.420,0.10677
2609.491,0.10704
2607.563,0.10747
2605.634,0.10806
2603.705,0.10879
2601.777,0.10953
2599.848,0.11017
2597.919,0.11069
2595.991,0.11111
2594.062,0.11146
2592.133,0.11177
2590.205,0.11212
2588.276,0.11250
2586.347,0.11288
2584.419,0.11327
2582.490,0.11360
2580.561,0.11373
2578.633,0.11366
2576.704,0.11362
2574.775,0.11380
2572.847,0.11430
2570.918,0.11525
2568.989,0.11675
2567.061,0.11873
2565.132,0.12101
2563.203,0.12332
2561.275,0.12520
2559.346,0.12603
2557.417,0.12545
2555.489,0.12374
2553.560,0.12160
2551.631,0.11977
2549.703,0.11879
2547.774,0.11901
2545.845,0.12021
2543.917,0.12139
2541.988,0.12141
2540.059,0.12012
2538.131,0.11809
2536.202,0.11559
2534.273,0.11279
2532.345,0.11031
2530.416,0.10864
2528.487,0.10784
2526.559,0.10767
2524.630,0.10781
2522.701,0.10801
2520.773,0.10818
2518.844,0.10829
2516.915,0.10831
2514.987,0.10837
2513.058,0.10859
2511.129,0.10889
2509.201,0.10904
2507.272,0.10895
2505.343,0.10862
2503.415,0.10818
2501.486,0.10783
2499.557,0.10766
2497.628,0.10757
2495.700,0.10742
2493.771,0.10719
2491.842,0.10695
2489.914,0.10670
2487.985,0.10642
2486.056,0.10620
2484.128,0.10606
2482.199,0.10594
2480.270,0.10583
2478.342,0.10581
2476.413,0.10579
2474.484,0.10569
2472.556,0.10560
2470.627,0.10561
2468.698,0.10565
2466.770,0.10563
2464.841,0.10561
2462.912,0.10556
2460.984,0.10538
2459.055,0.10508
2457.126,0.10478
2455.198,0.10449
2453.269,0.10421
2451.340,0.10405
2449.412,0.10410
2447.483,0.10425
2445.554,0.10441
2443.626,0.10461
2441.697,0.10484
2439.768,0.10498
2437.840,0.10504
2435.911,0.10514
2433.982,0.10527
2432.054,0.10537
2430.125,0.10550
2428.196,0.10572
2426.268,0.10596
2424.339,0.10623
2422.410,0.10664
2420.482,0.10723
2418.553,0.10789
2416.624,0.10860
2414.696,0.10941
2412.767,0.11028
2410.838,0.11113
2408.910,0.11203
2406.981,0.11304
2405.052,0.11398
2403.124,0.11456
2401.195,0.11457
2399.266,0.11390
2397.338,0.11268
2395.409,0.11129
2393.480,0.11013
2391.552,0.10930
2389.623,0.10868
2387.694,0.10824
2385.766,0.10797
2383.837,0.10773
2381.908,0.10744
2379.980,0.10717
2378.051,0.10698
2376.122,0.10686
2374.194,0.10681
2372.265,0.10686
2370.336,0.10699
2368.408,0.10708
2366.479,0.10713
2364.550,0.10721
2362.622,0.10735
2360.693,0.10758
2358.764,0.10794
2356.836,0.10841
2354.907,0.10892
2352.978,0.10940
2351.050,0.10987
2349.121,0.11028
2347.192,0.11055
2345.264,0.11075
2343.335,0.11100
2341.406,0.11129
2339.478,0.11144
2337.549,0.11143
2335.620,0.11146
2333.691,0.11157
2331.763,0.11169
2329.834,0.11178
2327.905,0.11175
2325.977,0.11154
2324.048,0.11121
2322.119,0.11088
2320.191,0.11057
2318.262,0.11028
2316.333,0.11001
2314.405,0.10982
2312.476,0.10970
2310.547,0.10961
2308.619,0.10961
2306.690,0.10973
2304.761,0.10990
2302.833,0.11003
2300.904,0.11006
2298.975,0.10996
2297.047,0.10973
2295.118,0.10945
2293.189,0.10924
2291.261,0.10915
2289.332,0.10912
2287.403,0.10914
2285.475,0.10924
2283.546,0.10942
2281.617,0.10965
2279.689,0.10993
2277.760,0.11023
2275.831,0.11042
2273.903,0.11042
2271.974,0.11033
2270.045,0.11022
2268.117,0.11010
2266.188,0.11000
2264.259,0.10999
2262.331,0.11001
2260.402,0.10993
2258.473,0.10976
2256.545,0.10963
2254.616,0.10956
2252.687,0.10952
2250.759,0.10959
2248.830,0.10977
2246.901,0.10998
2244.973,0.11019
2243.044,0.11043
2241.115,0.11068
2239.187,0.11085
2237.258,0.11100
2235.329,0.11121
2233.401,0.11142
2231.472,0.11160
2229.543,0.11183
2227.615,0.11217
2225.686,0.11250
2223.757,0.11273
2221.829,0.11289
2219.900,0.11293
2217.971,0.11281
2216.043,0.11263
2214.114,0.11251
2212.185,0.11240
2210.257,0.11223
2208.328,0.11207
2206.399,0.11196
2204.471,0.11185
2202.542,0.11174
2200.613,0.11175
2198.685,0.11190
2196.756,0.11207
2194.827,0.11228
2192.899,0.11262
2190.970,0.11298
2189.041,0.11319
2187.113,0.11328
2185.184,0.11336
2183.255,0.11336
2181.327,0.11330
2179.398,0.11330
2177.469,0.11336
2175.540,0.11336
2173.612,0.11335
2171.683,0.11343
2169.754,0.11357
2167.826,0.11366
2165.897,0.11379
2163.968,0.11404
2162.040,0.11431
2160.111,0.11456
2158.182,0.11486
2156.254,0.11521
2154.325,0.11548
2152.396,0.11571
2150.468,0.11599
2148.539,0.11625
2146.610,0.11636
2144.682,0.11639
2142.753,0.11646
2140.824,0.11651
2138.896,0.11650
2136.967,0.11653
2135.038,0.11662
2133.110,0.11669
2131.181,0.11675
2129.252,0.11686
2127.324,0.11696
2125.395,0.11696
2123.466,0.11697
2121.538,0.11704
2119.609,0.11711
2117.680,0.11717
2115.752,0.11736
2113.823,0.11772
2111.894,0.11811
2109.966,0.11845
2108.037,0.11873
2106.108,0.11881
2104.180,0.11858
2102.251,0.11825
2100.322,0.11809
2098.394,0.11809
2096.465,0.11815
2094.536,0.11827
2092.608,0.11840
2090.679,0.11844
2088.750,0.11837
2086.822,0.11832
2084.893,0.11828
2082.964,0.11823
2081.036,0.11828
2079.107,0.11848
2077.178,0.11874
2075.250,0.11895
2073.321,0.11917
2071.392,0.11943
2069.464,0.11965
2067.535,0.11987
2065.606,0.12020
2063.678,0.12060
2061.749,0.12096
2059.820,0.12134
2057.892,0.12178
2055.963,0.12224
2054.034,0.12266
2052.106,0.12315
2050.177,0.12372
2048.248,0.12425
2046.320,0.12474
2044.391,0.12526
2042.462,0.12579
2040.534,0.12627
2038.605,0.12679
2036.676,0.12742
2034.748,0.12813
2032.819,0.12887
2030.890,0.12968
2028.962,0.13048
2027.033,0.13108
2025.104,0.13145
2023.176,0.13163
2021.247,0.13146
2019.318,0.13087
2017.390,0.13025
2015.461,0.12995
2013.532,0.12991
2011.603,0.13007
2009.675,0.13050
2007.746,0.13118
2005.817,0.13194
2003.889,0.13276
2001.960,0.13368
2000.031,0.13451
1998.103,0.13505
1996.174,0.13537
1994.245,0.13560
1992.317,0.13567
1990.388,0.13556
1988.459,0.13541
1986.531,0.13534
1984.602,0.13536
1982.673,0.13550
1980.745,0.13584
1978.816,0.13623
1976.887,0.13645
1974.959,0.13654
1973.030,0.13661
1971.101,0.13663
1969.173,0.13660
1967.244,0.13673
1965.315,0.13711
1963.387,0.13753
1961.458,0.13794
1959.529,0.13847
1957.601,0.13910
1955.672,0.13968
1953.743,0.14032
1951.815,0.14113
1949.886,0.14198
1947.957,0.14274
1946.029,0.14352
1944.100,0.14439
1942.171,0.14526
1940.243,0.14614
1938.314,0.14714
1936.385,0.14823
1934.457,0.14927
1932.528,0.15032
1930.599,0.15147
1928.671,0.15246
1926.742,0.15315
1924.813,0.15381
1922.885,0.15476
1920.956,0.15583
1919.027,0.15681
1917.099,0.15786
1915.170,0.15891
1913.241,0.15965
1911.313,0.16012
1909.384,0.16063
1907.455,0.16115
1905.527,0.16159
1903.598,0.16220
1901.669,0.16320
1899.741,0.16447
1897.812,0.16580
1895.883,0.16708
1893.955,0.16805
1892.026,0.16829
1890.097,0.16791
1888.169,0.16732
1886.240,0.16661
1884.311,0.16601
1882.383,0.16607
1880.454,0.16689
1878.525,0.16796
1876.597,0.16892
1874.668,0.16978
1872.739,0.17054
1870.811,0.17120
1868.882,0.17222
1866.953,0.17402
1865.025,0.17623
1863.096,0.17814
1861.167,0.17943
1859.239,0.17997
1857.310,0.17968
1855.381,0.17914
1853.452,0.17926
1851.524,0.18014
1849.595,0.18127
1847.666,0.18239
1845.738,0.18368
1843.809,0.18525
1841.880,0.18685
1839.952,0.18829
1838.023,0.18969
1836.094,0.19103
1834.166,0.19215
1832.237,0.19322
1830.308,0.19450
1828.380,0.19590
1826.451,0.19733
1824.522,0.19906
1822.594,0.20113
1820.665,0.20316
1818.736,0.20517
1816.808,0.20750
1814.879,0.20994
1812.950,0.21217
1811.022,0.21443
1809.093,0.21688
1807.164,0.21914
1805.236,0.22101
1803.307,0.22290
1801.378,0.22512
1799.450,0.22753
1797.521,0.23002
1795.592,0.23267
1793.664,0.23536
1791.735,0.23801
1789.806,0.24087
1787.878,0.24391
1785.949,0.24679
1784.020,0.24954
1782.092,0.25249
1780.163,0.25570
1778.234,0.25893
1776.306,0.26216
1774.377,0.26572
1772.448,0.26972
1770.520,0.27401
1768.591,0.27877
1766.662,0.28416
1764.734,0.28969
1762.805,0.29507
1760.876,0.30080
1758.948,0.30701
1757.019,0.31337
1755.090,0.31988
1753.162,0.32667
1751.233,0.33357
1749.304,0.34034
1747.376,0.34686
1745.447,0.35291
1743.518,0.35812
1741.590,0.36248
1739.661,0.36639
1737.732,0.36991
1735.804,0.37295
1733.875,0.37615
1731.946,0.38007
1730.018,0.38435
1728.089,0.38868
1726.160,0.39341
1724.232,0.39890
1722.303,0.40510
1720.374,0.41188
1718.446,0.41951
1716.517,0.42812
1714.588,0.43746
1712.660,0.44748
1710.731,0.45831
1708.802,0.46975
1706.874,0.48187
1704.945,0.49506
1703.016,0.50918
1701.088,0.52398
1699.159,0.53973
1697.230,0.55659
1695.302,0.57469
1693.373,0.59432
1691.444,0.61603
1689.515,0.64058
1687.587,0.66839
1685.658,0.69986
1683.729,0.73607
1681.801,0.77843
1679.872,0.82832
1677.943,0.88648
1676.015,0.95325
1674.086,1.03203
1672.157,1.13154
1670.229,1.26232
1668.300,1.43141
1666.371,1.63925
1664.443,1.87484
1662.514,2.10412
1660.585,2.27157
1658.657,2.34748
1656.728,2.36368
1654.799,2.36700
1652.871,2.38397
1650.942,2.43428
1649.013,2.52969
1647.085,2.65415
1645.156,2.70957
1643.227,2.53611
1641.299,2.20923
1639.370,1.89561
1637.441,1.64287
1635.513,1.44655
1633.584,1.29359
1631.655,1.17117
1629.727,1.06889
1627.798,0.98049
1625.869,0.90342
1623.941,0.83642
1622.012,0.77756
1620.083,0.72502
1618.155,0.67806
1616.226,0.63663
1614.297,0.60135
1612.369,0.57558
1610.440,0.56057
1608.511,0.54527
1606.583,0.51766
1604.654,0.48329
1602.725,0.45270
1600.797,0.42766
1598.868,0.40620
1596.939,0.38739
1595.011,0.37085
1593.082,0.35603
1591.153,0.34239
1589.225,0.32964
1587.296,0.31749
1585.367,0.30572
1583.439,0.29464
1581.510,0.28470
1579.581,0.27577
1577.653,0.26758
1575.724,0.26027
1573.795,0.25366
1571.867,0.24701
1569.938,0.24021
1568.009,0.23377
1566.081,0.22775
1564.152,0.22204
1562.223,0.21687
1560.295,0.21244
1558.366,0.20896
1556.437,0.20642
1554.509,0.20447
1552.580,0.20260
1550.651,0.20043
1548.723,0.19793
1546.794,0.19501
1544.865,0.19129
1542.937,0.18662
1541.008,0.18134
1539.079,0.17576
1537.151,0.16982
1535.222,0.16374
1533.293,0.15826
1531.364,0.15367
1529.436,0.14947
1527.507,0.14549
1525.578,0.14197
1523.650,0.13866
1521.721,0.13555
1519.792,0.13318
1517.864,0.13184
1515.935,0.13184
1514.006,0.13426
1512.078,0.13977
1510.149,0.14600
1508.220,0.14763
1506.292,0.14221
1504.363,0.13332
1502.434,0.12530
1500.506,0.11945
1498.577,0.11555
1496.648,0.11339
1494.720,0.11274
1492.791,0.11366
1490.862,0.11691
1488.934,0.12391
1487.005,0.13723
1485.076,0.16196
1483.148,0.20568
1481.219,0.27351
1479.290,0.35882
1477.362,0.44172
1475.433,0.50222
1473.504,0.52368
1471.576,0.49930
1469.647,0.45191
1467.718,0.40646
1465.790,0.36636
1463.861,0.32294
1461.932,0.26989
1460.004,0.21811
1458.075,0.18321
1456.146,0.16541
1454.218,0.15566
1452.289,0.14833
1450.360,0.14222
1448.432,0.13725
1446.503,0.13316
1444.574,0.12956
1442.646,0.12634
1440.717,0.12357
1438.788,0.12121
1436.860,0.11945
1434.931,0.11864
1433.002,0.11864
1431.074,0.11928
1429.145,0.12089
1427.216,0.12369
1425.288,0.12755
1423.359,0.13223
1421.430,0.13750
1419.502,0.14331
1417.573,0.14965
1415.644,0.15634
1413.716,0.16356
1411.787,0.17202
1409.858,0.18250
1407.930,0.19587
1406.001,0.21336
1404.072,0.23656
1402.144,0.26640
1400.215,0.30110
1398.286,0.33294
1396.358,0.34898
1394.429,0.34165
1392.500,0.32021
1390.572,0.30274
1388.643,0.29694
1386.714,0.29235
1384.786,0.27256
1382.857,0.23737
1380.928,0.20169
1379.000,0.17567
1377.071,0.15931
1375.142,0.14961
1373.214,0.14484
1371.285,0.14378
1369.356,0.14500
1367.427,0.14725
1365.499,0.14988
1363.570,0.15296
1361.641,0.15684
1359.713,0.16153
1357.784,0.16674
1355.855,0.17229
1353.927,0.17801
1351.998,0.18376
1350.069,0.18963
1348.141,0.19581
1346.212,0.20250
1344.283,0.21006
1342.355,0.21868
1340.426,0.22830
1338.497,0.23894
1336.569,0.25068
1334.640,0.26354
1332.711,0.27757
1330.783,0.29297
1328.854,0.30972
1326.925,0.32753
1324.997,0.34665
1323.068,0.36814
1321.139,0.39331
1319.211,0.42341
1317.282,0.46012
1315.353,0.50643
1313.425,0.56747
1311.496,0.65040
1309.567,0.75893
1307.639,0.87245
1305.710,0.91829
1303.781,0.84814
1301.853,0.74158
1299.924,0.68163
1297.995,0.68972
1296.067,0.75915
1294.138,0.88294
1292.209,1.06548
1290.281,1.31783
1288.352,1.63936
1286.423,1.96522
1284.495,2.00317
1282.566,1.69658
1280.637,1.42890
1278.709,1.31586
1276.780,1.36034
1274.851,1.54039
1272.923,1.79492
1270.994,1.93415
1269.065,1.74802
1267.137,1.44437
1265.208,1.19334
1263.279,1.00706
1261.351,0.87001
1259.422,0.77117
1257.493,0.69672
1255.565,0.63129
1253.636,0.57072
1251.707,0.51899
1249.779,0.47710
1247.850,0.44274
1245.921,0.41369
1243.993,0.38871
1242.064,0.36690
1240.135,0.34722
1238.207,0.32884
1236.278,0.31176
1234.349,0.29624
1232.421,0.28214
1230.492,0.26932
1228.563,0.25784
1226.635,0.24746
1224.706,0.23779
1222.777,0.22892
1220.849,0.22098
1218.920,0.21368
1216.991,0.20684
1215.063,0.20062
1213.134,0.19489
1211.205,0.18933
1209.277,0.18410
1207.348,0.17947
1205.419,0.17513
1203.490,0.17090
1201.562,0.16739
1199.633,0.16579
1197.704,0.16712
1195.776,0.17133
1193.847,0.17565
1191.918,0.17565
1189.990,0.16964
1188.061,0.16021
1186.132,0.15066
1184.204,0.14237
1182.275,0.13558
1180.346,0.13048
1178.418,0.12693
1176.489,0.12450
1174.560,0.12316
1172.632,0.12285
1170.703,0.12280
1168.774,0.12232
1166.846,0.12173
1164.917,0.12154
1162.988,0.12169
1161.060,0.12217
1159.131,0.12274
1157.202,0.12181
1155.274,0.11780
1153.345,0.11162
1151.416,0.10555
1149.488,0.10076
1147.559,0.09729
1145.630,0.09500
1143.702,0.09353
1141.773,0.09241
1139.844,0.09166
1137.916,0.09145
1135.987,0.09146
1134.058,0.09131
1132.130,0.09100
1130.201,0.09058
1128.272,0.08983
1126.344,0.08881
1124.415,0.08785
1122.486,0.08704
1120.558,0.08638
1118.629,0.08614
1116.700,0.08626
1114.772,0.08605
1112.843,0.08528
1110.914,0.08445
1108.986,0.08386
1107.057,0.08339
1105.128,0.08321
1103.200,0.08352
1101.271,0.08402
1099.342,0.08455
1097.414,0.08535
1095.485,0.08640
1093.556,0.08739
1091.628,0.08838
1089.699,0.08974
1087.770,0.09143
1085.842,0.09339
1083.913,0.09592
1081.984,0.09897
1080.056,0.10205
1078.127,0.10506
1076.198,0.10831
1074.270,0.11175
1072.341,0.11532
1070.412,0.11951
1068.484,0.12468
1066.555,0.13059
1064.626,0.13714
1062.698,0.14478
1060.769,0.15368
1058.840,0.16388
1056.912,0.17594
1054.983,0.19063
1053.054,0.20841
1051.126,0.23017
1049.197,0.25788
1047.268,0.29445
1045.339,0.34407
1043.411,0.41290
1041.482,0.50567
1039.553,0.60921
1037.625,0.66817
1035.696,0.62811
1033.767,0.52759
1031.839,0.43177
1029.910,0.36196
1027.981,0.31405
1026.053,0.28059
1024.124,0.25726
1022.195,0.24252
1020.267,0.23624
1018.338,0.23865
1016.409,0.25055
1014.481,0.27427
1012.552,0.31437
1010.623,0.37877
1008.695,0.47870
1006.766,0.61965
1004.837,0.77840
1002.909,0.88601
1000.980,0.88029
999.051,0.78031
997.123,0.64547
995.194,0.51781
993.265,0.41360
991.337,0.33470
989.408,0.27809
987.479,0.23888
985.551,0.21110
983.622,0.18994
981.693,0.17324
979.765,0.15994
977.836,0.14900
975.907,0.13980
973.979,0.13218
972.050,0.12639
970.121,0.12267
968.193,0.12095
966.264,0.12112
964.335,0.12345
962.407,0.12824
960.478,0.13542
958.549,0.14518
956.621,0.15803
954.692,0.17416
952.763,0.19357
950.835,0.21656
948.906,0.24369
946.977,0.27583
945.049,0.31403
943.120,0.35642
941.191,0.39319
939.263,0.40857
937.334,0.39519
935.405,0.36263
933.477,0.32591
931.548,0.29326
929.619,0.26614
927.691,0.24415
925.762,0.22760
923.833,0.21731
921.905,0.21363
919.976,0.21576
918.047,0.22228
916.119,0.23227
914.190,0.24549
912.261,0.26186
910.333,0.28133
908.404,0.30382
906.475,0.32866
904.547,0.35428
902.618,0.37845
900.689,0.39877
898.761,0.41351
896.832,0.42299
894.903,0.42984
892.975,0.43753
891.046,0.44885
889.117,0.46570
887.189,0.48975
885.260,0.52289
883.331,0.56774
881.402,0.62794
879.474,0.70796
877.545,0.81229
875.616,0.94390
873.688,1.10056
871.759,1.26514
869.830,1.38857
867.902,1.40751
865.973,1.33892
864.044,1.26711
862.116,1.24360
860.187,1.27547
858.258,1.34581
856.330,1.42921
854.401,1.50417
852.472,1.55852
850.544,1.58669
848.615,1.58432
846.686,1.54524
844.758,1.47058
842.829,1.38097
840.900,1.30282
838.972,1.24254
837.043,1.18247
835.114,1.10463
833.186,1.01189
831.257,0.91812
829.328,0.83281
827.400,0.75907
825.471,0.69691
823.542,0.64550
821.614,0.60357
819.685,0.56920
817.756,0.54020
815.828,0.51472
813.899,0.49136
811.970,0.46893
810.042,0.44661
808.113,0.42447
806.184,0.40303
804.256,0.38265
802.327,0.36367
800.398,0.34628
798.470,0.33023
796.541,0.31520
794.612,0.30124
792.684,0.28840
790.755,0.27638
788.826,0.26501
786.898,0.25439
784.969,0.24460
783.040,0.23543
781.112,0.22693
779.183,0.21942
777.254,0.21305
775.326,0.20810
773.397,0.20545
771.468,0.20618
769.540,0.21101
767.611,0.22058
765.682,0.23630
763.754,0.26192
761.825,0.30706
759.896,0.39073
757.968,0.53637
756.039,0.72857
754.110,0.81002
752.182,0.69388
750.253,0.57927
748.324,0.54953
746.396,0.56300
744.467,0.55473
742.538,0.51015
740.610,0.45457
738.681,0.40540
736.752,0.36698
734.824,0.34007
732.895,0.32536
730.966,0.31678
729.038,0.30116
727.109,0.27641
725.180,0.25481
723.251,0.24671
721.323,0.25111
719.394,0.25245
717.465,0.23894
715.537,0.22358
713.608,0.22497
711.679,0.25213
709.751,0.31449
707.822,0.42387
705.893,0.57375
703.965,0.69991
702.036,0.70723
700.107,0.61845
698.179,0.51840
696.250,0.44033
694.321,0.38475
692.393,0.34559
690.464,0.31768
688.535,0.29730
686.607,0.28175
684.678,0.26924
682.749,0.25863
680.821,0.24909
678.892,0.24028
676.963,0.23223
675.035,0.22489
673.106,0.21816
671.177,0.21213
669.249,0.20683
667.320,0.20183
665.391,0.19698
663.463,0.19255
661.534,0.18859
659.605,0.18485
657.677,0.18132
655.748,0.17811
653.819,0.17489
651.891,0.17143
649.962,0.16800
648.033,0.16471
646.105,0.16122
644.176,0.15753
642.247,0.15401
640.319,0.15060
638.390,0.14718
636.461,0.14424
634.533,0.14252
632.604,0.14363
630.675,0.15332
628.747,0.18592
626.818,0.25953
624.889,0.36539
622.961,0.43721
621.032,0.43366
619.103,0.40221
617.175,0.36154
615.246,0.30688
613.317,0.25820
611.389,0.22757
609.460,0.20947
607.531,0.19774
605.603,0.18949
603.674,0.18306
601.745,0.17781
599.817,0.17357
597.888,0.16978
595.959,0.16616
594.031,0.16300
592.102,0.16034
590.173,0.15787
588.245,0.15550
586.316,0.15339
584.387,0.15141
582.459,0.14947
580.530,0.14776
578.601,0.14631
576.673,0.14500
574.744,0.14385
572.815,0.14287
570.887,0.14182
568.958,0.14061
567.029,0.13944
565.101,0.13840
563.172,0.13734
561.243,0.13629
559.314,0.13538
557.386,0.13452
555.457,0.13366
553.528,0.13285
551.600,0.13208
549.671,0.13126
547.742,0.13045
545.814,0.12987
543.885,0.12943
541.956,0.12891
540.028,0.12840
538.099,0.12797
536.170,0.12749
534.242,0.12689
532.313,0.12630
530.384,0.12567
528.456,0.12488
526.527,0.12407
524.598,0.12342
522.670,0.12294
520.741,0.12257
518.812,0.12229
516.884,0.12202
514.955,0.12172
513.026,0.12144
511.098,0.12113
509.169,0.12070
507.240,0.12030
505.312,0.12004
503.383,0.11964
501.454,0.11911
499.526,0.11874
497.597,0.11855
495.668,0.11834
493.740,0.11815
491.811,0.11801
489.882,0.11768
487.954,0.11735
486.025,0.11745
484.096,0.11778
482.168,0.11782
480.239,0.11778
478.310,0.11797
476.382,0.11813
474.453,0.11815
472.524,0.11845
470.596,0.11935
468.667,0.12130
466.738,0.12540
464.810,0.13345
462.881,0.14736
460.952,0.16508
459.024,0.17652
457.095,0.17258
455.166,0.15751
453.238,0.14199
451.309,0.13103
449.380,0.12417
447.452,0.11988
445.523,0.11715
443.594,0.11541
441.666,0.11437
439.737,0.11362
437.808,0.11266
435.880,0.11153
433.951,0.11102
432.022,0.11106
430.094,0.11086
428.165,0.11050
426.236,0.11041
424.308,0.11050
422.379,0.11051
420.450,0.11017
418.522,0.10942
416.593,0.10924
414.664,0.11081
412.736,0.11256
410.807,0.11338
408.878,0.11670
406.950,0.12380
405.021,0.13092
403.092,0.13628
401.163,0.14249
399.235,0.15188
