6999.146,0.30137
6997.217,0.30123
6995.288,0.30125
6993.360,0.30126
6991.431,0.30111
6989.502,0.30085
6987.574,0.30067
6985.645,0.30059
6983.716,0.30043
6981.788,0.30014
6979.859,0.30000
6977.930,0.30009
6976.002,0.30017
6974.073,0.30005
6972.144,0.29987
6970.216,0.29974
6968.287,0.29963
6966.358,0.29946
6964.430,0.29927
6962.501,0.29921
6960.572,0.29919
6958.644,0.29904
6956.715,0.29885
6954.786,0.29878
6952.858,0.29881
6950.929,0.29873
6949.000,0.29851
6947.072,0.29833
6945.143,0.29821
6943.214,0.29811
6941.286,0.29794
6939.357,0.29768
6937.428,0.29739
6935.500,0.29725
6933.571,0.29727
6931.642,0.29727
6929.714,0.29717
6927.785,0.29704
6925.856,0.29691
6923.928,0.29676
6921.999,0.29664
6920.070,0.29656
6918.142,0.29649
6916.213,0.29647
6914.284,0.29642
6912.356,0.29625
6910.427,0.29607
6908.498,0.29594
6906.570,0.29583
6904.641,0.29569
6902.712,0.29554
6900.784,0.29544
6898.855,0.29529
6896.926,0.29507
6894.998,0.29491
6893.069,0.29487
6891.140,0.29492
6889.212,0.29495
6887.283,0.29477
6885.354,0.29449
6883.426,0.29438
6881.497,0.29438
6879.568,0.29430
6877.640,0.29419
6875.711,0.29405
6873.782,0.29378
6871.854,0.29346
6869.925,0.29330
6867.996,0.29330
6866.068,0.29330
6864.139,0.29323
6862.210,0.29308
6860.282,0.29289
6858.353,0.29275
6856.424,0.29266
6854.496,0.29259
6852.567,0.29252
6850.638,0.29244
6848.709,0.29222
6846.781,0.29186
6844.852,0.29157
6842.923,0.29144
6840.995,0.29143
6839.066,0.29136
6837.137,0.29122
6835.209,0.29113
6833.280,0.29104
6831.351,0.29084
6829.423,0.29070
6827.494,0.29059
6825.565,0.29036
6823.637,0.29012
6821.708,0.29000
6819.779,0.28990
6817.851,0.28980
6815.922,0.28976
6813.993,0.28972
6812.065,0.28961
6810.136,0.28946
6808.207,0.28933
6806.279,0.28925
6804.350,0.28915
6802.421,0.28901
6800.493,0.28884
6798.564,0.28866
6796.635,0.28855
6794.707,0.28849
6792.778,0.28841
6790.849,0.28830
6788.921,0.28823
6786.992,0.28815
6785.063,0.28801
6783.135,0.28786
6781.206,0.28770
6779.277,0.28745
6777.349,0.28725
6775.420,0.28716
6773.491,0.28700
6771.563,0.28672
6769.634,0.28651
6767.705,0.28643
6765.777,0.28638
6763.848,0.28629
6761.919,0.28611
6759.991,0.28595
6758.062,0.28585
6756.133,0.28575
6754.205,0.28568
6752.276,0.28566
6750.347,0.28554
6748.419,0.28528
6746.490,0.28509
6744.561,0.28499
6742.633,0.28481
6740.704,0.28458
6738.775,0.28441
6736.847,0.28428
6734.918,0.28417
6732.989,0.28408
6731.061,0.28399
6729.132,0.28387
6727.203,0.28373
6725.275,0.28360
6723.346,0.28354
6721.417,0.28347
6719.489,0.28326
6717.560,0.28302
6715.631,0.28289
6713.703,0.28279
6711.774,0.28268
6709.845,0.28261
6707.917,0.28254
6705.988,0.28241
6704.059,0.28228
6702.131,0.28216
6700.202,0.28195
6698.273,0.28170
6696.345,0.28157
6694.416,0.28157
6692.487,0.28158
6690.558,0.28149
6688.630,0.28127
6686.701,0.28106
6684.772,0.28093
6682.844,0.28084
6680.915,0.28076
6678.986,0.28066
6677.058,0.28054
6675.129,0.28043
6673.200,0.28034
6671.272,0.28025
6669.343,0.28016
6667.414,0.28003
6665.486,0.27990
6663.557,0.27977
6661.628,0.27963
6659.700,0.27948
6657.771,0.27941
6655.842,0.27936
6653.914,0.27920
6651.985,0.27901
6650.056,0.27889
6648.128,0.27879
6646.199,0.27866
6644.270,0.27848
6642.342,0.27826
6640.413,0.27811
6638.484,0.27809
6636.556,0.27805
6634.627,0.27790
6632.698,0.27772
6630.770,0.27754
6628.841,0.27741
6626.912,0.27735
6624.984,0.27729
6623.055,0.27724
6621.126,0.27723
6619.198,0.27718
6617.269,0.27703
6615.340,0.27690
6613.412,0.27684
6611.483,0.27679
6609.554,0.27669
6607.626,0.27655
6605.697,0.27639
6603.768,0.27626
6601.840,0.27619
6599.911,0.27613
6597.982,0.27600
6596.054,0.27584
6594.125,0.27568
6592.196,0.27556
6590.268,0.27545
6588.339,0.27531
6586.410,0.27520
6584.482,0.27512
6582.553,0.27499
6580.624,0.27484
6578.696,0.27470
6576.767,0.27463
6574.838,0.27464
6572.910,0.27469
6570.981,0.27466
6569.052,0.27452
6567.124,0.27435
6565.195,0.27427
6563.266,0.27421
6561.338,0.27410
6559.409,0.27405
6557.480,0.27410
6555.552,0.27420
6553.623,0.27431
6551.694,0.27440
6549.766,0.27437
6547.837,0.27420
6545.908,0.27391
6543.980,0.27356
6542.051,0.27317
6540.122,0.27282
6538.194,0.27257
6536.265,0.27237
6534.336,0.27219
6532.408,0.27199
6530.479,0.27182
6528.550,0.27169
6526.621,0.27156
6524.693,0.27140
6522.764,0.27124
6520.835,0.27113
6518.907,0.27101
6516.978,0.27080
6515.049,0.27060
6513.121,0.27045
6511.192,0.27031
6509.263,0.27020
6507.335,0.27011
6505.406,0.27000
6503.477,0.26988
6501.549,0.26977
6499.620,0.26963
6497.691,0.26951
6495.763,0.26940
6493.834,0.26924
6491.905,0.26906
6489.977,0.26902
6488.048,0.26899
6486.119,0.26883
6484.191,0.26864
6482.262,0.26851
6480.333,0.26837
6478.405,0.26818
6476.476,0.26800
6474.547,0.26789
6472.619,0.26784
6470.690,0.26781
6468.761,0.26770
6466.833,0.26755
6464.904,0.26737
6462.975,0.26720
6461.047,0.26706
6459.118,0.26687
6457.189,0.26666
6455.261,0.26663
6453.332,0.26678
6451.403,0.26683
6449.475,0.26662
6447.546,0.26631
6445.617,0.26608
6443.689,0.26596
6441.760,0.26591
6439.831,0.26584
6437.903,0.26568
6435.974,0.26542
6434.045,0.26520
6432.117,0.26508
6430.188,0.26499
6428.259,0.26487
6426.331,0.26480
6424.402,0.26478
6422.473,0.26465
6420.545,0.26443
6418.616,0.26428
6416.687,0.26421
6414.759,0.26410
6412.830,0.26398
6410.901,0.26391
6408.973,0.26382
6407.044,0.26366
6405.115,0.26346
6403.187,0.26331
6401.258,0.26323
6399.329,0.26313
6397.401,0.26299
6395.472,0.26290
6393.543,0.26286
6391.615,0.26278
6389.686,0.26263
6387.757,0.26246
6385.829,0.26230
6383.900,0.26220
6381.971,0.26212
6380.043,0.26200
6378.114,0.26183
6376.185,0.26166
6374.257,0.26154
6372.328,0.26149
6370.399,0.26145
6368.471,0.26137
6366.542,0.26127
6364.613,0.26121
6362.684,0.26111
6360.756,0.26094
6358.827,0.26074
6356.898,0.26060
6354.970,0.26053
6353.041,0.26050
6351.112,0.26041
6349.184,0.26022
6347.255,0.26001
6345.326,0.25990
6343.398,0.25981
6341.469,0.25965
6339.540,0.25955
6337.612,0.25951
6335.683,0.25940
6333.754,0.25921
6331.826,0.25906
6329.897,0.25899
6327.968,0.25896
6326.040,0.25889
6324.111,0.25877
6322.182,0.25862
6320.254,0.25844
6318.325,0.25824
6316.396,0.25810
6314.468,0.25804
6312.539,0.25798
6310.610,0.25793
6308.682,0.25784
6306.753,0.25767
6304.824,0.25744
6302.896,0.25727
6300.967,0.25718
6299.038,0.25709
6297.110,0.25698
6295.181,0.25687
6293.252,0.25675
6291.324,0.25664
6289.395,0.25655
6287.466,0.25647
6285.538,0.25639
6283.609,0.25626
6281.680,0.25615
6279.752,0.25606
6277.823,0.25595
6275.894,0.25578
6273.966,0.25559
6272.037,0.25548
6270.108,0.25546
6268.180,0.25548
6266.251,0.25542
6264.322,0.25521
6262.394,0.25494
6260.465,0.25473
6258.536,0.25464
6256.608,0.25459
6254.679,0.25451
6252.750,0.25443
6250.822,0.25431
6248.893,0.25409
6246.964,0.25393
6245.036,0.25393
6243.107,0.25390
6241.178,0.25374
6239.250,0.25359
6237.321,0.25346
6235.392,0.25331
6233.464,0.25316
6231.535,0.25304
6229.606,0.25294
6227.678,0.25282
6225.749,0.25270
6223.820,0.25261
6221.892,0.25254
6219.963,0.25244
6218.034,0.25229
6216.106,0.25213
6214.177,0.25199
6212.248,0.25186
6210.320,0.25175
6208.391,0.25162
6206.462,0.25146
6204.533,0.25132
6202.605,0.25121
6200.676,0.25111
6198.747,0.25100
6196.819,0.25088
6194.890,0.25074
6192.961,0.25059
6191.033,0.25049
6189.104,0.25043
6187.175,0.25038
6185.247,0.25030
6183.318,0.25019
6181.389,0.25005
6179.461,0.24991
6177.532,0.24977
6175.603,0.24962
6173.675,0.24950
6171.746,0.24939
6169.817,0.24928
6167.889,0.24923
6165.960,0.24923
6164.031,0.24915
6162.103,0.24898
6160.174,0.24883
6158.245,0.24871
6156.317,0.24863
6154.388,0.24855
6152.459,0.24846
6150.531,0.24839
6148.602,0.24835
6146.673,0.24831
6144.745,0.24819
6142.816,0.24803
6140.887,0.24790
6138.959,0.24779
6137.030,0.24767
6135.101,0.24756
6133.173,0.24752
6131.244,0.24756
6129.315,0.24756
6127.387,0.24746
6125.458,0.24733
6123.529,0.24724
6121.601,0.24716
6119.672,0.24707
6117.743,0.24700
6115.815,0.24695
6113.886,0.24688
6111.957,0.24679
6110.029,0.24668
6108.100,0.24656
6106.171,0.24646
6104.243,0.24636
6102.314,0.24625
6100.385,0.24618
6098.457,0.24609
6096.528,0.24589
6094.599,0.24568
6092.671,0.24555
6090.742,0.24552
6088.813,0.24552
6086.885,0.24547
6084.956,0.24536
6083.027,0.24525
6081.099,0.24518
6079.170,0.24513
6077.241,0.24506
6075.313,0.24505
6073.384,0.24507
6071.455,0.24504
6069.527,0.24495
6067.598,0.24486
6065.669,0.24482
6063.741,0.24483
6061.812,0.24492
6059.883,0.24508
6057.955,0.24523
6056.026,0.24540
6054.097,0.24565
6052.169,0.24595
6050.240,0.24619
6048.311,0.24629
6046.383,0.24626
6044.454,0.24602
6042.525,0.24554
6040.596,0.24493
6038.668,0.24438
6036.739,0.24396
6034.810,0.24363
6032.882,0.24330
6030.953,0.24306
6029.024,0.24291
6027.096,0.24279
6025.167,0.24267
6023.238,0.24261
6021.310,0.24263
6019.381,0.24270
6017.452,0.24283
6015.524,0.24295
6013.595,0.24294
6011.666,0.24281
6009.738,0.24264
6007.809,0.24242
6005.880,0.24214
6003.952,0.24186
6002.023,0.24168
6000.094,0.24160
5998.166,0.24152
5996.237,0.24147
5994.308,0.24147
5992.380,0.24149
5990.451,0.24149
5988.522,0.24147
5986.594,0.24144
5984.665,0.24147
5982.736,0.24164
5980.808,0.24192
5978.879,0.24225
5976.950,0.24259
5975.022,0.24293
5973.093,0.24325
5971.164,0.24342
5969.236,0.24334
5967.307,0.24305
5965.378,0.24259
5963.450,0.24205
5961.521,0.24155
5959.592,0.24113
5957.664,0.24078
5955.735,0.24055
5953.806,0.24045
5951.878,0.24039
5949.949,0.24031
5948.020,0.24023
5946.092,0.24020
5944.163,0.24022
5942.234,0.24024
5940.306,0.24024
5938.377,0.24026
5936.448,0.24033
5934.520,0.24036
5932.591,0.24033
5930.662,0.24030
5928.734,0.24037
5926.805,0.24047
5924.876,0.24052
5922.948,0.24059
5921.019,0.24071
5919.090,0.24077
5917.162,0.24070
5915.233,0.24061
5913.304,0.24054
5911.376,0.24048
5909.447,0.24039
5907.518,0.24022
5905.590,0.24004
5903.661,0.23984
5901.732,0.23962
5899.804,0.23942
5897.875,0.23933
5895.946,0.23935
5894.018,0.23942
5892.089,0.23953
5890.160,0.23967
5888.232,0.23976
5886.303,0.23978
5884.374,0.23979
5882.445,0.23983
5880.517,0.23987
5878.588,0.23996
5876.659,0.24015
5874.731,0.24033
5872.802,0.24040
5870.873,0.24043
5868.945,0.24053
5867.016,0.24069
5865.087,0.24085
5863.159,0.24100
5861.230,0.24117
5859.301,0.24133
5857.373,0.24142
5855.444,0.24147
5853.515,0.24149
5851.587,0.24152
5849.658,0.24162
5847.729,0.24172
5845.801,0.24177
5843.872,0.24177
5841.943,0.24171
5840.015,0.24161
5838.086,0.24153
5836.157,0.24148
5834.229,0.24138
5832.300,0.24115
5830.371,0.24084
5828.443,0.24050
5826.514,0.24015
5824.585,0.23978
5822.657,0.23943
5820.728,0.23911
5818.799,0.23882
5816.871,0.23858
5814.942,0.23839
5813.013,0.23821
5811.085,0.23801
5809.156,0.23779
5807.227,0.23754
5805.299,0.23728
5803.370,0.23708
5801.441,0.23692
5799.513,0.23669
5797.584,0.23640
5795.655,0.23610
5793.727,0.23579
5791.798,0.23546
5789.869,0.23517
5787.941,0.23494
5786.012,0.23475
5784.083,0.23457
5782.155,0.23435
5780.226,0.23410
5778.297,0.23384
5776.369,0.23360
5774.440,0.23336
5772.511,0.23308
5770.583,0.23273
5768.654,0.23235
5766.725,0.23199
5764.797,0.23163
5762.868,0.23127
5760.939,0.23097
5759.011,0.23073
5757.082,0.23053
5755.153,0.23039
5753.225,0.23028
5751.296,0.23015
5749.367,0.23002
5747.439,0.22993
5745.510,0.22981
5743.581,0.22964
5741.653,0.22946
5739.724,0.22932
5737.795,0.22919
5735.867,0.22902
5733.938,0.22890
5732.009,0.22889
5730.081,0.22894
5728.152,0.22898
5726.223,0.22901
5724.295,0.22910
5722.366,0.22925
5720.437,0.22944
5718.508,0.22963
5716.580,0.22979
5714.651,0.22997
5712.722,0.23021
5710.794,0.23053
5708.865,0.23086
5706.936,0.23118
5705.008,0.23153
5703.079,0.23190
5701.150,0.23219
5699.222,0.23226
5697.293,0.23207
5695.364,0.23163
5693.436,0.23100
5691.507,0.23026
5689.578,0.22954
5687.650,0.22889
5685.721,0.22827
5683.792,0.22768
5681.864,0.22719
5679.935,0.22679
5678.006,0.22642
5676.078,0.22604
5674.149,0.22569
5672.220,0.22540
5670.292,0.22514
5668.363,0.22488
5666.434,0.22461
5664.506,0.22432
5662.577,0.22403
5660.648,0.22377
5658.720,0.22357
5656.791,0.22340
5654.862,0.22322
5652.934,0.22299
5651.005,0.22270
5649.076,0.22243
5647.148,0.22226
5645.219,0.22215
5643.290,0.22202
5641.362,0.22187
5639.433,0.22170
5637.504,0.22146
5635.576,0.22121
5633.647,0.22103
5631.718,0.22094
5629.790,0.22086
5627.861,0.22073
5625.932,0.22056
5624.004,0.22038
5622.075,0.22021
5620.146,0.22006
5618.218,0.21995
5616.289,0.21989
5614.360,0.21982
5612.432,0.21971
5610.503,0.21956
5608.574,0.21942
5606.646,0.21927
5604.717,0.21915
5602.788,0.21907
5600.860,0.21901
5598.931,0.21891
5597.002,0.21876
5595.074,0.21860
5593.145,0.21840
5591.216,0.21822
5589.288,0.21812
5587.359,0.21805
5585.430,0.21795
5583.502,0.21784
5581.573,0.21774
5579.644,0.21762
5577.716,0.21748
5575.787,0.21737
5573.858,0.21733
5571.930,0.21730
5570.001,0.21719
5568.072,0.21704
5566.144,0.21689
5564.215,0.21678
5562.286,0.21671
5560.357,0.21666
5558.429,0.21659
5556.500,0.21652
5554.571,0.21646
5552.643,0.21638
5550.714,0.21628
5548.785,0.21617
5546.857,0.21604
5544.928,0.21592
5542.999,0.21586
5541.071,0.21582
5539.142,0.21573
5537.213,0.21561
5535.285,0.21549
5533.356,0.21539
5531.427,0.21530
5529.499,0.21523
5527.570,0.21511
5525.641,0.21491
5523.713,0.21467
5521.784,0.21450
5519.855,0.21439
5517.927,0.21430
5515.998,0.21418
5514.069,0.21407
5512.141,0.21399
5510.212,0.21389
5508.283,0.21376
5506.355,0.21364
5504.426,0.21353
5502.497,0.21339
5500.569,0.21328
5498.640,0.21322
5496.711,0.21312
5494.783,0.21297
5492.854,0.21285
5490.925,0.21280
5488.997,0.21275
5487.068,0.21270
5485.139,0.21262
5483.211,0.21251
5481.282,0.21239
5479.353,0.21224
5477.425,0.21204
5475.496,0.21189
5473.567,0.21185
5471.639,0.21183
5469.710,0.21173
5467.781,0.21161
5465.853,0.21148
5463.924,0.21136
5461.995,0.21126
5460.067,0.21119
5458.138,0.21117
5456.209,0.21113
5454.281,0.21105
5452.352,0.21091
5450.423,0.21074
5448.495,0.21060
5446.566,0.21049
5444.637,0.21037
5442.709,0.21025
5440.780,0.21018
5438.851,0.21015
5436.923,0.21004
5434.994,0.20992
5433.065,0.20983
5431.137,0.20967
5429.208,0.20955
5427.279,0.20957
5425.351,0.20958
5423.422,0.20952
5421.493,0.20943
5419.565,0.20933
5417.636,0.20915
5415.707,0.20893
5413.779,0.20880
5411.850,0.20876
5409.921,0.20874
5407.993,0.20873
5406.064,0.20871
5404.135,0.20865
5402.207,0.20856
5400.278,0.20843
5398.349,0.20825
5396.420,0.20809
5394.492,0.20799
5392.563,0.20795
5390.634,0.20790
5388.706,0.20776
5386.777,0.20762
5384.848,0.20757
5382.920,0.20755
5380.991,0.20746
5379.062,0.20732
5377.134,0.20723
5375.205,0.20725
5373.276,0.20726
5371.348,0.20720
5369.419,0.20712
5367.490,0.20705
5365.562,0.20697
5363.633,0.20691
5361.704,0.20686
5359.776,0.20681
5357.847,0.20671
5355.918,0.20652
5353.990,0.20637
5352.061,0.20637
5350.132,0.20637
5348.204,0.20625
5346.275,0.20607
5344.346,0.20601
5342.418,0.20602
5340.489,0.20591
5338.560,0.20579
5336.632,0.20580
5334.703,0.20579
5332.774,0.20568
5330.846,0.20554
5328.917,0.20540
5326.988,0.20533
5325.060,0.20535
5323.131,0.20534
5321.202,0.20526
5319.274,0.20513
5317.345,0.20496
5315.416,0.20482
5313.488,0.20474
5311.559,0.20463
5309.630,0.20446
5307.702,0.20430
5305.773,0.20418
5303.844,0.20406
5301.916,0.20395
5299.987,0.20387
5298.058,0.20379
5296.130,0.20369
5294.201,0.20355
5292.272,0.20337
5290.344,0.20325
5288.415,0.20320
5286.486,0.20314
5284.558,0.20302
5282.629,0.20290
5280.700,0.20284
5278.772,0.20280
5276.843,0.20273
5274.914,0.20259
5272.986,0.20244
5271.057,0.20229
5269.128,0.20215
5267.200,0.20201
5265.271,0.20186
5263.342,0.20178
5261.414,0.20179
5259.485,0.20177
5257.556,0.20167
5255.628,0.20154
5253.699,0.20149
5251.770,0.20142
5249.842,0.20124
5247.913,0.20104
5245.984,0.20090
5244.056,0.20085
5242.127,0.20088
5240.198,0.20087
5238.269,0.20080
5236.341,0.20072
5234.412,0.20063
5232.483,0.20053
5230.555,0.20044
5228.626,0.20035
5226.697,0.20023
5224.769,0.20016
5222.840,0.20011
5220.911,0.20003
5218.983,0.19996
5217.054,0.19995
5215.125,0.19993
5213.197,0.19984
5211.268,0.19965
5209.339,0.19941
5207.411,0.19926
5205.482,0.19928
5203.553,0.19936
5201.625,0.19934
5199.696,0.19919
5197.767,0.19906
5195.839,0.19905
5193.910,0.19905
5191.981,0.19895
5190.053,0.19883
5188.124,0.19872
5186.195,0.19861
5184.267,0.19855
5182.338,0.19852
5180.409,0.19850
5178.481,0.19847
5176.552,0.19841
5174.623,0.19827
5172.695,0.19814
5170.766,0.19807
5168.837,0.19801
5166.909,0.19792
5164.980,0.19782
5163.051,0.19776
5161.123,0.19769
5159.194,0.19759
5157.265,0.19749
5155.337,0.19742
5153.408,0.19736
5151.479,0.19725
5149.551,0.19715
5147.622,0.19708
5145.693,0.19700
5143.765,0.19691
5141.836,0.19687
5139.907,0.19686
5137.979,0.19680
5136.050,0.19672
5134.121,0.19664
5132.193,0.19657
5130.264,0.19650
5128.335,0.19643
5126.407,0.19640
5124.478,0.19639
5122.549,0.19634
5120.621,0.19625
5118.692,0.19618
5116.763,0.19611
5114.835,0.19601
5112.906,0.19588
5110.977,0.19573
5109.049,0.19561
5107.120,0.19550
5105.191,0.19536
5103.263,0.19521
5101.334,0.19507
5099.405,0.19497
5097.477,0.19490
5095.548,0.19483
5093.619,0.19474
5091.691,0.19468
5089.762,0.19464
5087.833,0.19459
5085.905,0.19454
5083.976,0.19445
5082.047,0.19431
5080.119,0.19415
5078.190,0.19401
5076.261,0.19391
5074.332,0.19381
5072.404,0.19366
5070.475,0.19348
5068.546,0.19332
5066.618,0.19319
5064.689,0.19306
5062.760,0.19292
5060.832,0.19283
5058.903,0.19278
5056.974,0.19271
5055.046,0.19262
5053.117,0.19254
5051.188,0.19243
5049.260,0.19230
5047.331,0.19221
5045.402,0.19213
5043.474,0.19205
5041.545,0.19195
5039.616,0.19182
5037.688,0.19172
5035.759,0.19165
5033.830,0.19159
5031.902,0.19152
5029.973,0.19145
5028.044,0.19137
5026.116,0.19130
5024.187,0.19122
5022.258,0.19111
5020.330,0.19099
5018.401,0.19091
5016.472,0.19085
5014.544,0.19078
5012.615,0.19067
5010.686,0.19056
5008.758,0.19046
5006.829,0.19037
5004.900,0.19028
5002.972,0.19019
5001.043,0.19008
4999.114,0.18997
4997.186,0.18986
4995.257,0.18978
4993.328,0.18969
4991.400,0.18960
4989.471,0.18954
4987.542,0.18946
4985.614,0.18934
4983.685,0.18923
4981.756,0.18914
4979.828,0.18905
4977.899,0.18894
4975.970,0.18884
4974.042,0.18877
4972.113,0.18871
4970.184,0.18863
4968.256,0.18853
4966.327,0.18843
4964.398,0.18834
4962.470,0.18827
4960.541,0.18818
4958.612,0.18809
4956.684,0.18802
4954.755,0.18793
4952.826,0.18783
4950.898,0.18774
4948.969,0.18763
4947.040,0.18753
4945.112,0.18747
4943.183,0.18742
4941.254,0.18736
4939.326,0.18728
4937.397,0.18719
4935.468,0.18709
4933.540,0.18699
4931.611,0.18690
4929.682,0.18683
4927.754,0.18674
4925.825,0.18664
4923.896,0.18655
4921.968,0.18647
4920.039,0.18641
4918.110,0.18637
4916.181,0.18632
4914.253,0.18624
4912.324,0.18619
4910.395,0.18612
4908.467,0.18599
4906.538,0.18585
4904.609,0.18576
4902.681,0.18570
4900.752,0.18565
4898.823,0.18560
4896.895,0.18554
4894.966,0.18551
4893.037,0.18557
4891.109,0.18573
4889.180,0.18597
4887.251,0.18620
4885.323,0.18630
4883.394,0.18620
4881.465,0.18593
4879.537,0.18555
4877.608,0.18519
4875.679,0.18491
4873.751,0.18469
4871.822,0.18449
4869.893,0.18432
4867.965,0.18419
4866.036,0.18408
4864.107,0.18397
4862.179,0.18390
4860.250,0.18384
4858.321,0.18374
4856.393,0.18362
4854.464,0.18355
4852.535,0.18349
4850.607,0.18341
4848.678,0.18331
4846.749,0.18324
4844.821,0.18317
4842.892,0.18308
4840.963,0.18298
4839.035,0.18290
4837.106,0.18282
4835.177,0.18272
4833.249,0.18260
4831.320,0.18251
4829.391,0.18247
4827.463,0.18242
4825.534,0.18234
4823.605,0.18224
4821.677,0.18216
4819.748,0.18214
4817.819,0.18212
4815.891,0.18206
4813.962,0.18197
4812.033,0.18188
4810.105,0.18182
4808.176,0.18176
4806.247,0.18170
4804.319,0.18164
4802.390,0.18159
4800.461,0.18152
4798.533,0.18142
4796.604,0.18131
4794.675,0.18123
4792.747,0.18112
4790.818,0.18099
4788.889,0.18088
4786.961,0.18079
4785.032,0.18068
4783.103,0.18058
4781.175,0.18051
4779.246,0.18048
4777.317,0.18043
4775.389,0.18035
4773.460,0.18027
4771.531,0.18018
4769.603,0.18008
4767.674,0.18001
4765.745,0.17994
4763.817,0.17984
4761.888,0.17976
4759.959,0.17969
4758.031,0.17960
4756.102,0.17952
4754.173,0.17945
4752.244,0.17937
4750.316,0.17926
4748.387,0.17915
4746.458,0.17910
4744.530,0.17905
4742.601,0.17896
4740.672,0.17887
4738.744,0.17881
4736.815,0.17875
4734.886,0.17867
4732.958,0.17861
4731.029,0.17857
4729.100,0.17848
4727.172,0.17838
4725.243,0.17833
4723.314,0.17829
4721.386,0.17822
4719.457,0.17814
4717.528,0.17805
4715.600,0.17795
4713.671,0.17787
4711.742,0.17782
4709.814,0.17776
4707.885,0.17767
4705.956,0.17761
4704.028,0.17758
4702.099,0.17753
4700.170,0.17748
4698.242,0.17748
4696.313,0.17753
4694.384,0.17757
4692.456,0.17758
4690.527,0.17758
4688.598,0.17758
4686.670,0.17755
4684.741,0.17754
4682.812,0.17755
4680.884,0.17756
4678.955,0.17754
4677.026,0.17751
4675.098,0.17749
4673.169,0.17747
4671.240,0.17742
4669.312,0.17734
4667.383,0.17722
4665.454,0.17709
4663.526,0.17698
4661.597,0.17689
4659.668,0.17683
4657.740,0.17675
4655.811,0.17665
4653.882,0.17656
4651.954,0.17647
4650.025,0.17633
4648.096,0.17617
4646.168,0.17602
4644.239,0.17593
4642.310,0.17589
4640.382,0.17587
4638.453,0.17585
4636.524,0.17584
4634.596,0.17583
4632.667,0.17578
4630.738,0.17565
4628.810,0.17548
4626.881,0.17532
4624.952,0.17520
4623.024,0.17509
4621.095,0.17495
4619.166,0.17476
4617.238,0.17458
4615.309,0.17441
4613.380,0.17425
4611.452,0.17411
4609.523,0.17400
4607.594,0.17391
4605.666,0.17381
4603.737,0.17373
4601.808,0.17366
4599.880,0.17360
4597.951,0.17354
4596.022,0.17348
4594.093,0.17343
4592.165,0.17337
4590.236,0.17333
4588.307,0.17329
4586.379,0.17325
4584.450,0.17326
4582.521,0.17328
4580.593,0.17326
4578.664,0.17321
4576.735,0.17315
4574.807,0.17310
4572.878,0.17308
4570.949,0.17307
4569.021,0.17304
4567.092,0.17302
4565.163,0.17297
4563.235,0.17290
4561.306,0.17283
4559.377,0.17278
4557.449,0.17274
4555.520,0.17268
4553.591,0.17263
4551.663,0.17256
4549.734,0.17247
4547.805,0.17239
4545.877,0.17234
4543.948,0.17233
4542.019,0.17229
4540.091,0.17221
4538.162,0.17214
4536.233,0.17213
4534.305,0.17218
4532.376,0.17225
4530.447,0.17233
4528.519,0.17246
4526.590,0.17267
4524.661,0.17292
4522.733,0.17307
4520.804,0.17298
4518.875,0.17269
4516.947,0.17233
4515.018,0.17201
4513.089,0.17179
4511.161,0.17166
4509.232,0.17160
4507.303,0.17160
4505.375,0.17166
4503.446,0.17181
4501.517,0.17203
4499.589,0.17225
4497.660,0.17251
4495.731,0.17284
4493.803,0.17323
4491.874,0.17363
4489.945,0.17412
4488.017,0.17487
4486.088,0.17608
4484.159,0.17794
4482.231,0.18055
4480.302,0.18355
4478.373,0.18578
4476.445,0.18604
4474.516,0.18422
4472.587,0.18147
4470.659,0.17906
4468.730,0.17754
4466.801,0.17693
4464.873,0.17702
4462.944,0.17753
4461.015,0.17810
4459.087,0.17838
4457.158,0.17824
4455.229,0.17778
4453.301,0.17714
4451.372,0.17636
4449.443,0.17535
4447.515,0.17415
4445.586,0.17293
4443.657,0.17185
4441.729,0.17100
4439.800,0.17039
4437.871,0.16998
4435.943,0.16970
4434.014,0.16953
4432.085,0.16944
4430.156,0.16944
4428.228,0.16948
4426.299,0.16953
4424.370,0.16958
4422.442,0.16956
4420.513,0.16948
4418.584,0.16941
4416.656,0.16938
4414.727,0.16932
4412.798,0.16922
4410.870,0.16912
4408.941,0.16904
4407.012,0.16896
4405.084,0.16890
4403.155,0.16886
4401.226,0.16882
4399.298,0.16879
4397.369,0.16883
4395.440,0.16899
4393.512,0.16924
4391.583,0.16950
4389.654,0.16970
4387.726,0.16975
4385.797,0.16964
4383.868,0.16950
4381.940,0.16943
4380.011,0.16943
4378.082,0.16948
4376.154,0.16959
4374.225,0.16969
4372.296,0.16967
4370.368,0.16951
4368.439,0.16928
4366.510,0.16899
4364.582,0.16871
4362.653,0.16850
4360.724,0.16840
4358.796,0.16840
4356.867,0.16849
4354.938,0.16862
4353.010,0.16871
4351.081,0.16875
4349.152,0.16881
4347.224,0.16899
4345.295,0.16926
4343.366,0.16956
4341.438,0.16987
4339.509,0.17020
4337.580,0.17062
4335.652,0.17118
4333.723,0.17189
4331.794,0.17276
4329.866,0.17382
4327.937,0.17505
4326.008,0.17630
4324.080,0.17719
4322.151,0.17722
4320.222,0.17621
4318.294,0.17454
4316.365,0.17288
4314.436,0.17162
4312.508,0.17080
4310.579,0.17029
4308.650,0.16992
4306.722,0.16955
4304.793,0.16917
4302.864,0.16887
4300.936,0.16871
4299.007,0.16871
4297.078,0.16886
4295.150,0.16912
4293.221,0.16945
4291.292,0.16972
4289.364,0.16982
4287.435,0.16969
4285.506,0.16943
4283.578,0.16918
4281.649,0.16913
4279.720,0.16939
4277.792,0.16994
4275.863,0.17070
4273.934,0.17142
4272.005,0.17180
4270.077,0.17160
4268.148,0.17087
4266.219,0.16994
4264.291,0.16917
4262.362,0.16873
4260.433,0.16861
4258.505,0.16873
4256.576,0.16895
4254.647,0.16914
4252.719,0.16910
4250.790,0.16863
4248.861,0.16771
4246.933,0.16660
4245.004,0.16563
4243.075,0.16496
4241.147,0.16458
4239.218,0.16441
4237.289,0.16441
4235.361,0.16452
4233.432,0.16464
4231.503,0.16475
4229.575,0.16487
4227.646,0.16500
4225.717,0.16516
4223.789,0.16540
4221.860,0.16566
4219.931,0.16585
4218.003,0.16591
4216.074,0.16585
4214.145,0.16563
4212.217,0.16533
4210.288,0.16503
4208.359,0.16479
4206.431,0.16466
4204.502,0.16466
4202.573,0.16478
4200.645,0.16494
4198.716,0.16512
4196.787,0.16530
4194.859,0.16552
4192.930,0.16573
4191.001,0.16590
4189.073,0.16599
4187.144,0.16606
4185.215,0.16613
4183.287,0.16618
4181.358,0.16620
4179.429,0.16614
4177.501,0.16595
4175.572,0.16567
4173.643,0.16537
4171.715,0.16514
4169.786,0.16506
4167.857,0.16526
4165.929,0.16577
4164.000,0.16626
4162.071,0.16621
4160.143,0.16546
4158.214,0.16438
4156.285,0.16340
4154.357,0.16270
4152.428,0.16225
4150.499,0.16195
4148.571,0.16173
4146.642,0.16155
4144.713,0.16138
4142.785,0.16119
4140.856,0.16098
4138.927,0.16081
4136.999,0.16065
4135.070,0.16048
4133.141,0.16030
4131.213,0.16015
4129.284,0.16004
4127.355,0.15994
4125.427,0.15984
4123.498,0.15976
4121.569,0.15969
4119.641,0.15962
4117.712,0.15957
4115.783,0.15956
4113.855,0.15954
4111.926,0.15950
4109.997,0.15947
4108.068,0.15946
4106.140,0.15945
4104.211,0.15945
4102.282,0.15942
4100.354,0.15937
4098.425,0.15928
4096.496,0.15918
4094.568,0.15903
4092.639,0.15882
4090.710,0.15862
4088.782,0.15844
4086.853,0.15825
4084.924,0.15807
4082.996,0.15797
4081.067,0.15799
4079.138,0.15814
4077.210,0.15841
4075.281,0.15888
4073.352,0.15964
4071.424,0.16068
4069.495,0.16191
4067.566,0.16303
4065.638,0.16357
4063.709,0.16328
4061.780,0.16244
4059.852,0.16153
4057.923,0.16081
4055.994,0.16024
4054.066,0.15966
4052.137,0.15900
4050.208,0.15829
4048.280,0.15765
4046.351,0.15714
4044.422,0.15679
4042.494,0.15660
4040.565,0.15656
4038.636,0.15667
4036.708,0.15696
4034.779,0.15745
4032.850,0.15818
4030.922,0.15907
4028.993,0.15993
4027.064,0.16050
4025.136,0.16062
4023.207,0.16036
4021.278,0.15992
4019.350,0.15943
4017.421,0.15888
4015.492,0.15818
4013.564,0.15733
4011.635,0.15643
4009.706,0.15564
4007.778,0.15506
4005.849,0.15465
4003.920,0.15438
4001.992,0.15423
4000.063,0.15417
3998.134,0.15418
3996.206,0.15428
3994.277,0.15448
3992.348,0.15479
3990.420,0.15516
3988.491,0.15552
3986.562,0.15576
3984.634,0.15589
3982.705,0.15603
3980.776,0.15625
3978.848,0.15645
3976.919,0.15649
3974.990,0.15634
3973.062,0.15611
3971.133,0.15594
3969.204,0.15598
3967.276,0.15633
3965.347,0.15697
3963.418,0.15783
3961.490,0.15878
3959.561,0.15957
3957.632,0.15986
3955.704,0.15950
3953.775,0.15855
3951.846,0.15726
3949.917,0.15594
3947.989,0.15484
3946.060,0.15399
3944.131,0.15331
3942.203,0.15285
3940.274,0.15259
3938.345,0.15242
3936.417,0.15228
3934.488,0.15216
3932.559,0.15221
3930.631,0.15254
3928.702,0.15298
3926.773,0.15340
3924.845,0.15392
3922.916,0.15456
3920.987,0.15507
3919.059,0.15532
3917.130,0.15535
3915.201,0.15515
3913.273,0.15458
3911.344,0.15374
3909.415,0.15286
3907.487,0.15190
3905.558,0.15093
3903.629,0.15025
3901.701,0.14995
3899.772,0.14995
3897.843,0.15013
3895.915,0.15019
3893.986,0.14993
3892.057,0.14965
3890.129,0.14958
3888.200,0.14939
3886.271,0.14910
3884.343,0.14903
3882.414,0.14898
3880.485,0.14895
3878.557,0.14910
3876.628,0.14911
3874.699,0.14890
3872.771,0.14866
3870.842,0.14847
3868.913,0.14850
3866.985,0.14859
3865.056,0.14858
3863.127,0.14870
3861.199,0.14894
3859.270,0.14894
3857.341,0.14828
3855.413,0.14729
3853.484,0.14701
3851.555,0.14766
3849.627,0.14831
3847.698,0.14846
3845.769,0.14826
3843.841,0.14790
3841.912,0.14753
3839.983,0.14722
3838.055,0.14704
3836.126,0.14698
3834.197,0.14694
3832.269,0.14698
3830.340,0.14704
3828.411,0.14702
3826.483,0.14693
3824.554,0.14671
3822.625,0.14632
3820.697,0.14615
3818.768,0.14622
3816.839,0.14620
3814.911,0.14622
3812.982,0.14630
3811.053,0.14620
3809.125,0.14586
3807.196,0.14557
3805.267,0.14544
3803.339,0.14520
3801.410,0.14498
3799.481,0.14495
3797.553,0.14493
3795.624,0.14496
3793.695,0.14506
3791.767,0.14508
3789.838,0.14503
3787.909,0.14490
3785.980,0.14475
3784.052,0.14468
3782.123,0.14459
3780.194,0.14448
3778.266,0.14455
3776.337,0.14475
3774.408,0.14474
3772.480,0.14447
3770.551,0.14420
3768.622,0.14417
3766.694,0.14423
3764.765,0.14428
3762.836,0.14424
3760.908,0.14407
3758.979,0.14394
3757.050,0.14392
3755.122,0.14371
3753.193,0.14321
3751.264,0.14276
3749.336,0.14264
3747.407,0.14244
3745.478,0.14210
3743.550,0.14233
3741.621,0.14294
3739.692,0.14297
3737.764,0.14243
3735.835,0.14209
3733.906,0.14233
3731.978,0.14284
3730.049,0.14314
3728.120,0.14304
3726.192,0.14284
3724.263,0.14275
3722.334,0.14273
3720.406,0.14277
3718.477,0.14289
3716.548,0.14288
3714.620,0.14260
3712.691,0.14229
3710.762,0.14234
3708.834,0.14273
3706.905,0.14311
3704.976,0.14321
3703.048,0.14316
3701.119,0.14328
3699.190,0.14356
3697.262,0.14374
3695.333,0.14370
3693.404,0.14346
3691.476,0.14320
3689.547,0.14324
3687.618,0.14357
3685.690,0.14388
3683.761,0.14401
3681.832,0.14393
3679.904,0.14367
3677.975,0.14325
3676.046,0.14301
3674.118,0.14317
3672.189,0.14333
3670.260,0.14341
3668.332,0.14377
3666.403,0.14423
3664.474,0.14452
3662.546,0.14473
3660.617,0.14485
3658.688,0.14479
3656.760,0.14476
3654.831,0.14495
3652.902,0.14497
3650.974,0.14482
3649.045,0.14508
3647.116,0.14587
3645.188,0.14675
3643.259,0.14729
3641.330,0.14747
3639.402,0.14742
3637.473,0.14719
3635.544,0.14695
3633.616,0.14675
3631.687,0.14642
3629.758,0.14621
3627.830,0.14669
3625.901,0.14754
3623.972,0.14808
3622.043,0.14827
3620.115,0.14850
3618.186,0.14908
3616.257,0.14977
3614.329,0.15034
3612.400,0.15085
3610.471,0.15129
3608.543,0.15179
3606.614,0.15245
3604.685,0.15299
3602.757,0.15311
3600.828,0.15298
3598.899,0.15283
3596.971,0.15274
3595.042,0.15278
3593.113,0.15299
3591.185,0.15312
3589.256,0.15309
3587.327,0.15333
3585.399,0.15399
3583.470,0.15465
3581.541,0.15509
3579.613,0.15543
3577.684,0.15583
3575.755,0.15624
3573.827,0.15657
3571.898,0.15672
3569.969,0.15666
3568.041,0.15663
3566.112,0.15699
3564.183,0.15762
3562.255,0.15815
3560.326,0.15851
3558.397,0.15883
3556.469,0.15913
3554.540,0.15938
3552.611,0.15961
3550.683,0.15990
3548.754,0.16019
3546.825,0.16046
3544.897,0.16081
3542.968,0.16124
3541.039,0.16166
3539.111,0.16198
3537.182,0.16226
3535.253,0.16260
3533.325,0.16295
3531.396,0.16320
3529.467,0.16343
3527.539,0.16372
3525.610,0.16405
3523.681,0.16439
3521.753,0.16475
3519.824,0.16510
3517.895,0.16536
3515.967,0.16560
3514.038,0.16584
3512.109,0.16604
3510.181,0.16625
3508.252,0.16655
3506.323,0.16690
3504.395,0.16721
3502.466,0.16753
3500.537,0.16790
3498.609,0.16829
3496.680,0.16864
3494.751,0.16899
3492.823,0.16941
3490.894,0.16988
3488.965,0.17039
3487.037,0.17093
3485.108,0.17142
3483.179,0.17175
3481.251,0.17193
3479.322,0.17207
3477.393,0.17220
3475.465,0.17231
3473.536,0.17242
3471.607,0.17261
3469.679,0.17286
3467.750,0.17312
3465.821,0.17338
3463.892,0.17369
3461.964,0.17403
3460.035,0.17434
3458.106,0.17466
3456.178,0.17498
3454.249,0.17529
3452.320,0.17559
3450.392,0.17589
3448.463,0.17619
3446.534,0.17645
3444.606,0.17666
3442.677,0.17682
3440.748,0.17694
3438.820,0.17702
3436.891,0.17711
3434.962,0.17718
3433.034,0.17721
3431.105,0.17723
3429.176,0.17727
3427.248,0.17731
3425.319,0.17728
3423.390,0.17723
3421.462,0.17718
3419.533,0.17714
3417.604,0.17708
3415.676,0.17704
3413.747,0.17697
3411.818,0.17683
3409.890,0.17666
3407.961,0.17652
3406.032,0.17638
3404.104,0.17624
3402.175,0.17609
3400.246,0.17590
3398.318,0.17563
3396.389,0.17533
3394.460,0.17509
3392.532,0.17485
3390.603,0.17456
3388.674,0.17426
3386.746,0.17400
3384.817,0.17372
3382.888,0.17340
3380.960,0.17308
3379.031,0.17274
3377.102,0.17235
3375.174,0.17193
3373.245,0.17153
3371.316,0.17113
3369.388,0.17064
3367.459,0.17012
3365.530,0.16962
3363.602,0.16912
3361.673,0.16863
3359.744,0.16818
3357.816,0.16775
3355.887,0.16730
3353.958,0.16689
3352.030,0.16652
3350.101,0.16616
3348.172,0.16579
3346.244,0.16545
3344.315,0.16516
3342.386,0.16489
3340.458,0.16462
3338.529,0.16439
3336.600,0.16419
3334.672,0.16396
3332.743,0.16375
3330.814,0.16365
3328.886,0.16362
3326.957,0.16357
3325.028,0.16354
3323.100,0.16358
3321.171,0.16363
3319.242,0.16365
3317.314,0.16374
3315.385,0.16396
3313.456,0.16427
3311.528,0.16470
3309.599,0.16525
3307.670,0.16571
3305.742,0.16586
3303.813,0.16581
3301.884,0.16583
3299.955,0.16600
3298.027,0.16629
3296.098,0.16664
3294.169,0.16693
3292.241,0.16703
3290.312,0.16709
3288.383,0.16746
3286.455,0.16832
3284.526,0.16973
3282.597,0.17194
3280.669,0.17543
3278.740,0.18016
3276.811,0.18486
3274.883,0.18762
3272.954,0.18664
3271.025,0.18169
3269.097,0.17520
3267.168,0.17005
3265.239,0.16694
3263.311,0.16518
3261.382,0.16416
3259.453,0.16362
3257.525,0.16328
3255.596,0.16294
3253.667,0.16266
3251.739,0.16246
3249.810,0.16222
3247.881,0.16192
3245.953,0.16163
3244.024,0.16140
3242.095,0.16111
3240.167,0.16079
3238.238,0.16053
3236.309,0.16027
3234.381,0.15996
3232.452,0.15967
3230.523,0.15946
3228.595,0.15924
3226.666,0.15899
3224.737,0.15878
3222.809,0.15858
3220.880,0.15829
3218.951,0.15799
3217.023,0.15779
3215.094,0.15759
3213.165,0.15732
3211.237,0.15705
3209.308,0.15683
3207.379,0.15660
3205.451,0.15634
3203.522,0.15613
3201.593,0.15595
3199.665,0.15569
3197.736,0.15540
3195.807,0.15518
3193.879,0.15498
3191.950,0.15474
3190.021,0.15456
3188.093,0.15446
3186.164,0.15430
3184.235,0.15408
3182.307,0.15395
3180.378,0.15392
3178.449,0.15384
3176.521,0.15370
3174.592,0.15360
3172.663,0.15345
3170.735,0.15318
3168.806,0.15294
3166.877,0.15276
3164.949,0.15254
3163.020,0.15223
3161.091,0.15197
3159.163,0.15178
3157.234,0.15155
3155.305,0.15135
3153.377,0.15130
3151.448,0.15130
3149.519,0.15127
3147.591,0.15132
3145.662,0.15155
3143.733,0.15187
3141.804,0.15233
3139.876,0.15305
3137.947,0.15397
3136.018,0.15469
3134.090,0.15494
3132.161,0.15470
3130.232,0.15413
3128.304,0.15343
3126.375,0.15284
3124.446,0.15242
3122.518,0.15201
3120.589,0.15153
3118.660,0.15110
3116.732,0.15069
3114.803,0.15019
3112.874,0.14969
3110.946,0.14938
3109.017,0.14919
3107.088,0.14903
3105.160,0.14893
3103.231,0.14887
3101.302,0.14872
3099.374,0.14842
3097.445,0.14810
3095.516,0.14777
3093.588,0.14741
3091.659,0.14713
3089.730,0.14705
3087.802,0.14707
3085.873,0.14713
3083.944,0.14726
3082.016,0.14749
3080.087,0.14774
3078.158,0.14801
3076.230,0.14839
3074.301,0.14886
3072.372,0.14932
3070.444,0.14984
3068.515,0.15044
3066.586,0.15106
3064.658,0.15165
3062.729,0.15230
3060.800,0.15301
3058.872,0.15369
3056.943,0.15432
3055.014,0.15498
3053.086,0.15567
3051.157,0.15631
3049.228,0.15691
3047.300,0.15754
3045.371,0.15819
3043.442,0.15900
3041.514,0.16019
3039.585,0.16187
3037.656,0.16408
3035.728,0.16706
3033.799,0.17137
3031.870,0.17789
3029.942,0.18792
3028.013,0.20245
3026.084,0.21910
3024.156,0.22926
3022.227,0.22424
3020.298,0.20682
3018.370,0.18815
3016.441,0.17527
3014.512,0.16838
3012.584,0.16525
3010.655,0.16405
3008.726,0.16395
3006.798,0.16467
3004.869,0.16609
3002.940,0.16811
3001.012,0.17079
2999.083,0.17436
2997.154,0.17914
2995.226,0.18576
2993.297,0.19542
2991.368,0.21007
2989.440,0.23172
2987.511,0.25801
2985.582,0.27649
2983.654,0.27296
2981.725,0.25145
2979.796,0.22936
2977.867,0.21653
2975.939,0.21243
2974.010,0.21394
2972.081,0.21904
2970.153,0.22663
2968.224,0.23602
2966.295,0.24685
2964.367,0.25872
2962.438,0.27081
2960.509,0.28186
2958.581,0.29030
2956.652,0.29460
2954.723,0.29389
2952.795,0.28917
2950.866,0.28370
2948.937,0.28142
2947.009,0.28462
2945.080,0.29343
2943.151,0.30704
2941.223,0.32463
2939.294,0.34568
2937.365,0.36988
2935.437,0.39708
2933.508,0.42729
2931.579,0.46059
2929.651,0.49731
2927.722,0.53870
2925.793,0.58694
2923.865,0.64313
2921.936,0.70410
2920.007,0.75878
2918.079,0.78485
2916.150,0.75892
2914.221,0.68824
2912.293,0.60863
2910.364,0.54581
2908.435,0.50327
2906.507,0.47357
2904.578,0.44989
2902.649,0.42889
2900.721,0.40724
2898.792,0.38186
2896.863,0.35359
2894.935,0.32648
2893.006,0.30353
2891.077,0.28489
2889.149,0.26916
2887.220,0.25519
2885.291,0.24257
2883.363,0.23156
2881.434,0.22270
2879.505,0.21658
2877.577,0.21342
2875.648,0.21267
2873.719,0.21292
2871.791,0.21271
2869.862,0.21209
2867.933,0.21312
2866.005,0.21850
2864.076,0.22996
2862.147,0.24786
2860.219,0.27195
2858.290,0.30312
2856.361,0.34516
2854.433,0.40368
2852.504,0.47757
2850.575,0.53878
2848.647,0.53378
2846.718,0.45849
2844.789,0.36912
2842.861,0.30087
2840.932,0.25582
2839.003,0.22617
2837.075,0.20552
2835.146,0.19037
2833.217,0.17896
2831.289,0.17011
2829.360,0.16296
2827.431,0.15707
2825.503,0.15220
2823.574,0.14807
2821.645,0.14448
2819.716,0.14141
2817.788,0.13877
2815.859,0.13641
2813.930,0.13427
2812.002,0.13241
2810.073,0.13075
2808.144,0.12919
2806.216,0.12778
2804.287,0.12657
2802.358,0.12540
2800.430,0.12424
2798.501,0.12320
2796.572,0.12228
2794.644,0.12135
2792.715,0.12049
2790.786,0.11984
2788.858,0.11934
2786.929,0.11894
2785.000,0.11870
2783.072,0.11869
2781.143,0.11878
2779.214,0.11900
2777.286,0.11950
2775.357,0.12035
2773.428,0.12143
2771.500,0.12260
2769.571,0.12354
2767.642,0.12371
2765.714,0.12275
2763.785,0.12092
2761.856,0.11888
2759.928,0.11702
2757.999,0.11547
2756.070,0.11429
2754.142,0.11345
2752.213,0.11282
2750.284,0.11240
2748.356,0.11224
2746.427,0.11221
2744.498,0.11216
2742.570,0.11208
2740.641,0.11203
2738.712,0.11194
2736.784,0.11179
2734.855,0.11168
2732.926,0.11164
2730.998,0.11155
2729.069,0.11139
2727.140,0.11121
2725.212,0.11101
2723.283,0.11077
2721.354,0.11054
2719.426,0.11040
2717.497,0.11031
2715.568,0.11022
2713.640,0.11018
2711.711,0.11020
2709.782,0.11022
2707.854,0.11025
2705.925,0.11035
2703.996,0.11050
2702.068,0.11071
2700.139,0.11101
2698.210,0.11142
2696.282,0.11190
2694.353,0.11239
2692.424,0.11292
2690.496,0.11353
2688.567,0.11423
2686.638,0.11504
2684.710,0.11599
2682.781,0.11711
2680.852,0.11830
2678.924,0.11952
2676.995,0.12080
2675.066,0.12217
2673.138,0.12350
2671.209,0.12455
2669.280,0.12518
2667.352,0.12551
2665.423,0.12580
2663.494,0.12615
2661.566,0.12637
2659.637,0.12606
2657.708,0.12494
2655.779,0.12312
2653.851,0.12102
2651.922,0.11907
2649.993,0.11750
2648.065,0.11639
2646.136,0.11568
2644.207,0.11531
2642.279,0.11518
2640.350,0.11518
2638.421,0.11514
2636.493,0.11489
2634.564,0.11442
2632.635,0.11384
2630.707,0.11320
2628.778,0.11246
2626.849,0.11164
2624.921,0.11079
2622.992,0.10995
2621.063,0.10918
2619.135,0.10856
2617.206,0.10814
2615.277,0.10786
2613.349,0.10772
2611.420,0.10779
2609.491,0.10807
2607.563,0.10852
2605.634,0.10912
2603.705,0.10985
2601.777,0.11060
2599.848,0.11123
2597.919,0.11173
2595.991,0.11215
2594.062,0.11251
2592.133,0.11283
2590.205,0.11317
2588.276,0.11354
2586.347,0.11390
2584.419,0.11428
2582.490,0.11461
2580.561,0.11474
2578.633,0.11469
2576.704,0.11466
2574.775,0.11485
2572.847,0.11534
2570.918,0.11626
2568.989,0.11774
2567.061,0.11973
2565.132,0.12201
2563.203,0.12431
2561.275,0.12619
2559.346,0.12702
2557.417,0.12645
2555.489,0.12474
2553.560,0.12262
2551.631,0.12079
2549.703,0.11980
2547.774,0.11999
2545.845,0.12117
2543.917,0.12236
2541.988,0.12240
2540.059,0.12111
2538.131,0.11908
2536.202,0.11658
2534.273,0.11378
2532.345,0.11130
2530.416,0.10963
2528.487,0.10880
2526.559,0.10861
2524.630,0.10875
2522.701,0.10896
2520.773,0.10915
2518.844,0.10927
2516.915,0.10930
2514.987,0.10935
2513.058,0.10955
2511.129,0.10984
2509.201,0.11000
2507.272,0.10991
2505.343,0.10958
2503.415,0.10914
2501.486,0.10878
2499.557,0.10860
2497.628,0.10852
2495.700,0.10837
2493.771,0.10814
2491.842,0.10791
2489.914,0.10765
2487.985,0.10735
2486.056,0.10713
2484.128,0.10701
2482.199,0.10690
2480.270,0.10680
2478.342,0.10675
2476.413,0.10671
2474.484,0.10660
2472.556,0.10652
2470.627,0.10653
2468.698,0.10656
2466.770,0.10654
2464.841,0.10652
2462.912,0.10650
2460.984,0.10635
2459.055,0.10606
2457.126,0.10575
2455.198,0.10544
2453.269,0.10514
2451.340,0.10498
2449.412,0.10502
2447.483,0.10516
2445.554,0.10531
2443.626,0.10552
2441.697,0.10576
2439.768,0.10589
2437.840,0.10594
2435.911,0.10604
2433.982,0.10617
2432.054,0.10626
2430.125,0.10639
2428.196,0.10662
2426.268,0.10688
2424.339,0.10715
2422.410,0.10755
2420.482,0.10813
2418.553,0.10879
2416.624,0.10950
2414.696,0.11032
2412.767,0.11119
2410.838,0.11203
2408.910,0.11292
2406.981,0.11393
2405.052,0.11487
2403.124,0.11544
2401.195,0.11543
2399.266,0.11476
2397.338,0.11356
2395.409,0.11218
2393.480,0.11101
2391.552,0.11015
2389.623,0.10953
2387.694,0.10909
2385.766,0.10881
2383.837,0.10859
2381.908,0.10831
2379.980,0.10804
2378.051,0.10786
2376.122,0.10774
2374.194,0.10769
2372.265,0.10775
2370.336,0.10786
2368.408,0.10794
2366.479,0.10798
2364.550,0.10808
2362.622,0.10823
2360.693,0.10845
2358.764,0.10879
2356.836,0.10926
2354.907,0.10977
2352.978,0.11026
2351.050,0.11073
2349.121,0.11115
2347.192,0.11142
2345.264,0.11161
2343.335,0.11185
2341.406,0.11213
2339.478,0.11227
2337.549,0.11228
2335.620,0.11231
2333.691,0.11241
2331.763,0.11253
2329.834,0.11262
2327.905,0.11258
2325.977,0.11236
2324.048,0.11204
2322.119,0.11172
2320.191,0.11142
2318.262,0.11112
2316.333,0.11085
2314.405,0.11065
2312.476,0.11052
2310.547,0.11044
2308.619,0.11046
2306.690,0.11059
2304.761,0.11076
2302.833,0.11087
2300.904,0.11089
2298.975,0.11078
2297.047,0.11056
2295.118,0.11030
2293.189,0.11009
2291.261,0.10998
2289.332,0.10994
2287.403,0.10996
2285.475,0.11007
2283.546,0.11024
2281.617,0.11044
2279.689,0.11070
2277.760,0.11101
2275.831,0.11121
2273.903,0.11123
2271.974,0.11114
2270.045,0.11104
2268.117,0.11091
2266.188,0.11082
2264.259,0.11083
2262.331,0.11084
2260.402,0.11073
2258.473,0.11055
2256.545,0.11042
2254.616,0.11034
2252.687,0.11031
2250.759,0.11038
2248.830,0.11055
2246.901,0.11076
2244.973,0.11097
2243.044,0.11122
2241.115,0.11145
2239.187,0.11162
2237.258,0.11177
2235.329,0.11198
2233.401,0.11219
2231.472,0.11235
2229.543,0.11260
2227.615,0.11295
2225.686,0.11328
2223.757,0.11349
2221.829,0.11364
2219.900,0.11369
2217.971,0.11357
2216.043,0.11338
2214.114,0.11325
2212.185,0.11314
2210.257,0.11296
2208.328,0.11280
2206.399,0.11269
2204.471,0.11257
2202.542,0.11246
2200.613,0.11249
2198.685,0.11266
2196.756,0.11282
2194.827,0.11302
2192.899,0.11335
2190.970,0.11370
2189.041,0.11390
2187.113,0.11401
2185.184,0.11409
2183.255,0.11409
2181.327,0.11402
2179.398,0.11401
2177.469,0.11407
2175.540,0.11406
2173.612,0.11404
2171.683,0.11413
2169.754,0.11428
2167.826,0.11437
2165.897,0.11449
2163.968,0.11473
2162.040,0.11500
2160.111,0.11524
2158.182,0.11555
2156.254,0.11591
2154.325,0.11621
2152.396,0.11645
2150.468,0.11671
2148.539,0.11694
2146.610,0.11703
2144.682,0.11707
2142.753,0.11714
2140.824,0.11720
2138.896,0.11719
2136.967,0.11722
2135.038,0.11732
2133.110,0.11738
2131.181,0.11743
2129.252,0.11753
2127.324,0.11762
2125.395,0.11761
2123.466,0.11761
2121.538,0.11768
2119.609,0.11777
2117.680,0.11785
2115.752,0.11804
2113.823,0.11839
2111.894,0.11876
2109.966,0.11912
2108.037,0.11941
2106.108,0.11947
2104.180,0.11922
2102.251,0.11890
2100.322,0.11875
2098.394,0.11875
2096.465,0.11881
2094.536,0.11892
2092.608,0.11907
2090.679,0.11911
2088.750,0.11905
2086.822,0.11899
2084.893,0.11895
2082.964,0.11889
2081.036,0.11891
2079.107,0.11911
2077.178,0.11938
2075.250,0.11961
2073.321,0.11984
2071.392,0.12010
2069.464,0.12031
2067.535,0.12051
2065.606,0.12082
2063.678,0.12122
2061.749,0.12159
2059.820,0.12198
2057.892,0.12244
2055.963,0.12289
2054.034,0.12330
2052.106,0.12378
2050.177,0.12436
2048.248,0.12491
2046.320,0.12540
2044.391,0.12591
2042.462,0.12643
2040.534,0.12690
2038.605,0.12741
2036.676,0.12804
2034.748,0.12875
2032.819,0.12950
2030.890,0.13031
2028.962,0.13112
2027.033,0.13171
2025.104,0.13205
2023.176,0.13223
2021.247,0.13207
2019.318,0.13150
2017.390,0.13088
2015.461,0.13057
2013.532,0.13054
2011.603,0.13072
2009.675,0.13117
2007.746,0.13185
2005.817,0.13261
2003.889,0.13343
2001.960,0.13434
2000.031,0.13516
1998.103,0.13569
1996.174,0.13601
1994.245,0.13621
1992.317,0.13628
1990.388,0.13620
1988.459,0.13607
1986.531,0.13600
1984.602,0.13600
1982.673,0.13613
1980.745,0.13649
1978.816,0.13688
1976.887,0.13708
1974.959,0.13716
1973.030,0.13725
1971.101,0.13728
1969.173,0.13725
1967.244,0.13738
1965.315,0.13775
1963.387,0.13816
1961.458,0.13856
1959.529,0.13909
1957.601,0.13971
1955.672,0.14030
1953.743,0.14096
1951.815,0.14179
1949.886,0.14263
1947.957,0.14338
1946.029,0.14416
1944.100,0.14501
1942.171,0.14588
1940.243,0.14677
1938.314,0.14778
1936.385,0.14885
1934.457,0.14989
1932.528,0.15096
1930.599,0.15213
1928.671,0.15313
1926.742,0.15381
1924.813,0.15447
1922.885,0.15540
1920.956,0.15644
1919.027,0.15740
1917.099,0.15847
1915.170,0.15954
1913.241,0.16027
1911.313,0.16073
1909.384,0.16125
1907.455,0.16178
1905.527,0.16224
1903.598,0.16286
1901.669,0.16387
1899.741,0.16514
1897.812,0.16648
1895.883,0.16777
1893.955,0.16873
1892.026,0.16896
1890.097,0.16857
1888.169,0.16797
1886.240,0.16725
1884.311,0.16666
1882.383,0.16673
1880.454,0.16753
1878.525,0.16860
1876.597,0.16956
1874.668,0.17041
1872.739,0.17116
1870.811,0.17180
1868.882,0.17282
1866.953,0.17466
1865.025,0.17691
1863.096,0.17882
1861.167,0.18010
1859.239,0.18063
1857.310,0.18035
1855.381,0.17985
1853.452,0.17995
1851.524,0.18081
1849.595,0.18193
1847.666,0.18306
1845.738,0.18437
1843.809,0.18596
1841.880,0.18757
1839.952,0.18901
1838.023,0.19039
1836.094,0.19170
1834.166,0.19282
1832.237,0.19387
1830.308,0.19514
1828.380,0.19656
1826.451,0.19800
1824.522,0.19972
1822.594,0.20179
1820.665,0.20382
1818.736,0.20583
1816.808,0.20814
1814.879,0.21058
1812.950,0.21283
1811.022,0.21509
1809.093,0.21754
1807.164,0.21981
1805.236,0.22168
1803.307,0.22358
1801.378,0.22580
1799.450,0.22819
1797.521,0.23067
1795.592,0.23331
1793.664,0.23600
1791.735,0.23866
1789.806,0.24153
1787.878,0.24458
1785.949,0.24748
1784.020,0.25023
1782.092,0.25318
1780.163,0.25641
1778.234,0.25965
1776.306,0.26286
1774.377,0.26642
1772.448,0.27044
1770.520,0.27476
1768.591,0.27952
1766.662,0.28488
1764.734,0.29038
1762.805,0.29576
1760.876,0.30149
1758.948,0.30769
1757.019,0.31405
1755.090,0.32058
1753.162,0.32738
1751.233,0.33426
1749.304,0.34100
1747.376,0.34750
1745.447,0.35357
1743.518,0.35883
1741.590,0.36322
1739.661,0.36715
1737.732,0.37069
1735.804,0.37370
1733.875,0.37685
1731.946,0.38077
1730.018,0.38510
1728.089,0.38949
1726.160,0.39421
1724.232,0.39969
1722.303,0.40588
1720.374,0.41264
1718.446,0.42025
1716.517,0.42887
1714.588,0.43824
1712.660,0.44829
1710.731,0.45912
1708.802,0.47058
1706.874,0.48271
1704.945,0.49587
1703.016,0.50997
1701.088,0.52478
1699.159,0.54057
1697.230,0.55748
1695.302,0.57563
1693.373,0.59528
1691.444,0.61695
1689.515,0.64145
1687.587,0.66927
1685.658,0.70074
1683.729,0.73684
1681.801,0.77909
1679.872,0.82892
1677.943,0.88697
1676.015,0.95354
1674.086,1.03226
1672.157,1.13193
1670.229,1.26270
1668.300,1.43138
1666.371,1.63901
1664.443,1.87559
1662.514,2.10747
1660.585,2.27814
1658.657,2.35638
1656.728,2.37472
1654.799,2.38080
1652.871,2.39950
1650.942,2.45043
1649.013,2.54725
1647.085,2.67429
1645.156,2.73075
1643.227,2.55010
1641.299,2.21485
1639.370,1.89728
1637.441,1.64321
1635.513,1.44627
1633.584,1.29276
1631.655,1.16999
1629.727,1.06771
1627.798,0.97947
1625.869,0.90244
1623.941,0.83537
1622.012,0.77650
1620.083,0.72400
1618.155,0.67704
1616.226,0.63561
1614.297,0.60035
1612.369,0.57461
1610.440,0.55967
1608.511,0.54447
1606.583,0.51698
1604.654,0.48269
1602.725,0.45211
1600.797,0.42707
1598.868,0.40563
1596.939,0.38684
1595.011,0.37033
1593.082,0.35555
1591.153,0.34194
1589.225,0.32923
1587.296,0.31713
1585.367,0.30539
1583.439,0.29431
1581.510,0.28437
1579.581,0.27547
1577.653,0.26731
1575.724,0.26001
1573.795,0.25339
1571.867,0.24676
1569.938,0.23999
1568.009,0.23357
1566.081,0.22756
1564.152,0.22186
1562.223,0.21668
1560.295,0.21223
1558.366,0.20876
1556.437,0.20625
1554.509,0.20435
1552.580,0.20253
1550.651,0.20038
1548.723,0.19788
1546.794,0.19496
1544.865,0.19123
1542.937,0.18654
1541.008,0.18124
1539.079,0.17566
1537.151,0.16974
1535.222,0.16366
1533.293,0.15818
1531.364,0.15360
1529.436,0.14939
1527.507,0.14541
1525.578,0.14189
1523.650,0.13858
1521.721,0.13548
1519.792,0.13312
1517.864,0.13179
1515.935,0.13182
1514.006,0.13428
1512.078,0.13979
1510.149,0.14602
1508.220,0.14764
1506.292,0.14221
1504.363,0.13332
1502.434,0.12531
1500.506,0.11947
1498.577,0.11559
1496.648,0.11346
1494.720,0.11285
1492.791,0.11378
1490.862,0.11703
1488.934,0.12403
1487.005,0.13736
1485.076,0.16213
1483.148,0.20588
1481.219,0.27371
1479.290,0.35902
1477.362,0.44190
1475.433,0.50237
1473.504,0.52378
1471.576,0.49929
1469.647,0.45181
1467.718,0.40634
1465.790,0.36629
1463.861,0.32297
1461.932,0.26996
1460.004,0.21811
1458.075,0.18316
1456.146,0.16536
1454.218,0.15564
1452.289,0.14834
1450.360,0.14223
1448.432,0.13727
1446.503,0.13320
1444.574,0.12960
1442.646,0.12638
1440.717,0.12361
1438.788,0.12125
1436.860,0.11948
1434.931,0.11867
1433.002,0.11869
1431.074,0.11937
1429.145,0.12100
1427.216,0.12382
1425.288,0.12771
1423.359,0.13240
1421.430,0.13766
1419.502,0.14344
1417.573,0.14979
1415.644,0.15653
1413.716,0.16377
1411.787,0.17221
1409.858,0.18268
1407.930,0.19605
1406.001,0.21354
1404.072,0.23675
1402.144,0.26663
1400.215,0.30135
1398.286,0.33316
1396.358,0.34914
1394.429,0.34180
1392.500,0.32037
1390.572,0.30289
1388.643,0.29709
1386.714,0.29247
1384.786,0.27266
1382.857,0.23746
1380.928,0.20178
1379.000,0.17578
1377.071,0.15945
1375.142,0.14977
1373.214,0.14499
1371.285,0.14394
1369.356,0.14517
1367.427,0.14746
1365.499,0.15012
1363.570,0.15323
1361.641,0.15713
1359.713,0.16182
1357.784,0.16703
1355.855,0.17259
1353.927,0.17832
1351.998,0.18406
1350.069,0.18992
1348.141,0.19610
1346.212,0.20283
1344.283,0.21042
1342.355,0.21904
1340.426,0.22866
1338.497,0.23932
1336.569,0.25108
1334.640,0.26393
1332.711,0.27795
1330.783,0.29333
1328.854,0.31007
1326.925,0.32791
1324.997,0.34707
1323.068,0.36859
1321.139,0.39382
1319.211,0.42398
1317.282,0.46073
1315.353,0.50703
1313.425,0.56805
1311.496,0.65100
1309.567,0.75961
1307.639,0.87322
1305.710,0.91900
1303.781,0.84868
1301.853,0.74200
1299.924,0.68200
1297.995,0.69012
1296.067,0.75962
1294.138,0.88343
1292.209,1.06589
1290.281,1.31828
1288.352,1.64095
1286.423,1.96892
1284.495,2.00483
1282.566,1.69649
1280.637,1.42874
1278.709,1.31610
1276.780,1.36125
1274.851,1.54211
1272.923,1.79702
1270.994,1.93516
1269.065,1.74845
1267.137,1.44494
1265.208,1.19374
1263.279,1.00700
1261.351,0.86959
1259.422,0.77063
1257.493,0.69622
1255.565,0.63076
1253.636,0.57011
1251.707,0.51836
1249.779,0.47648
1247.850,0.44210
1245.921,0.41309
1243.993,0.38819
1242.064,0.36644
1240.135,0.34678
1238.207,0.32840
1236.278,0.31133
1234.349,0.29584
1232.421,0.28177
1230.492,0.26897
1228.563,0.25750
1226.635,0.24712
1224.706,0.23746
1222.777,0.22859
1220.849,0.22063
1218.920,0.21331
1216.991,0.20647
1215.063,0.20026
1213.134,0.19455
1211.205,0.18900
1209.277,0.18374
1207.348,0.17910
1205.419,0.17480
1203.490,0.17054
1201.562,0.16702
1199.633,0.16544
1197.704,0.16681
1195.776,0.17104
1193.847,0.17537
1191.918,0.17535
1189.990,0.16932
1188.061,0.15989
1186.132,0.15037
1184.204,0.14210
1182.275,0.13534
1180.346,0.13023
1178.418,0.12667
1176.489,0.12425
1174.560,0.12292
1172.632,0.12261
1170.703,0.12255
1168.774,0.12206
1166.846,0.12148
1164.917,0.12130
1162.988,0.12146
1161.060,0.12192
1159.131,0.12247
1157.202,0.12154
1155.274,0.11755
1153.345,0.11138
1151.416,0.10533
1149.488,0.10056
1147.559,0.09711
1145.630,0.09484
1143.702,0.09337
1141.773,0.09225
1139.844,0.09150
1137.916,0.09131
1135.987,0.09132
1134.058,0.09114
1132.130,0.09082
1130.201,0.09041
1128.272,0.08969
1126.344,0.08869
1124.415,0.08773
1122.486,0.08691
1120.558,0.08622
1118.629,0.08597
1116.700,0.08608
1114.772,0.08590
1112.843,0.08516
1110.914,0.08434
1108.986,0.08376
1107.057,0.08331
1105.128,0.08312
1103.200,0.08340
1101.271,0.08389
1099.342,0.08443
1097.414,0.08526
1095.485,0.08633
1093.556,0.08730
1091.628,0.08828
1089.699,0.08966
1087.770,0.09140
1085.842,0.09338
1083.913,0.09587
1081.984,0.09893
1080.056,0.10204
1078.127,0.10504
1076.198,0.10825
1074.270,0.11169
1072.341,0.11530
1070.412,0.11950
1068.484,0.12468
1066.555,0.13060
1064.626,0.13716
1062.698,0.14478
1060.769,0.15372
1058.840,0.16397
1056.912,0.17604
1054.983,0.19069
1053.054,0.20846
1051.126,0.23022
1049.197,0.25794
1047.268,0.29451
1045.339,0.34412
1043.411,0.41299
1041.482,0.50586
1039.553,0.60947
1037.625,0.66833
1035.696,0.62813
1033.767,0.52758
1031.839,0.43174
1029.910,0.36191
1027.981,0.31400
1026.053,0.28057
1024.124,0.25725
1022.195,0.24249
1020.267,0.23618
1018.338,0.23862
1016.409,0.25054
1014.481,0.27422
1012.552,0.31426
1010.623,0.37861
1008.695,0.47846
1006.766,0.61937
1004.837,0.77824
1002.909,0.88608
1000.980,0.88045
999.051,0.78033
997.123,0.64532
995.194,0.51754
993.265,0.41328
991.337,0.33441
989.408,0.27784
987.479,0.23866
985.551,0.21088
983.622,0.18973
981.693,0.17305
979.765,0.15976
977.836,0.14884
975.907,0.13966
973.979,0.13206
972.050,0.12628
970.121,0.12258
968.193,0.12086
966.264,0.12104
964.335,0.12340
962.407,0.12818
960.478,0.13536
958.549,0.14513
956.621,0.15797
954.692,0.17409
952.763,0.19351
950.835,0.21652
948.906,0.24365
946.977,0.27579
945.049,0.31400
943.120,0.35642
941.191,0.39324
939.263,0.40867
937.334,0.39533
935.405,0.36278
933.477,0.32605
931.548,0.29340
929.619,0.26623
927.691,0.24419
925.762,0.22764
923.833,0.21739
921.905,0.21373
919.976,0.21587
918.047,0.22238
916.119,0.23235
914.190,0.24558
912.261,0.26199
910.333,0.28147
908.404,0.30394
906.475,0.32876
904.547,0.35439
902.618,0.37858
900.689,0.39892
898.761,0.41371
896.832,0.42319
894.903,0.42999
892.975,0.43764
891.046,0.44895
889.117,0.46584
887.189,0.48991
885.260,0.52306
883.331,0.56792
881.402,0.62810
879.474,0.70805
877.545,0.81228
875.616,0.94394
873.688,1.10101
871.759,1.26600
869.830,1.38913
867.902,1.40769
865.973,1.33932
864.044,1.26764
862.116,1.24391
860.187,1.27552
858.258,1.34610
856.330,1.43035
854.401,1.50606
852.472,1.56048
850.544,1.58832
848.615,1.58570
846.686,1.54669
844.758,1.47196
842.829,1.38177
840.900,1.30321
838.972,1.24307
837.043,1.18324
835.114,1.10533
833.186,1.01217
831.257,0.91782
829.328,0.83207
827.400,0.75821
825.471,0.69615
823.542,0.64485
821.614,0.60303
819.685,0.56879
817.756,0.53990
815.828,0.51451
813.899,0.49115
811.970,0.46859
810.042,0.44613
808.113,0.42394
806.184,0.40254
804.256,0.38224
802.327,0.36330
800.398,0.34584
798.470,0.32971
796.541,0.31468
794.612,0.30073
792.684,0.28788
790.755,0.27595
788.826,0.26471
786.898,0.25415
784.969,0.24433
783.040,0.23515
781.112,0.22664
779.183,0.21908
777.254,0.21269
775.326,0.20781
773.397,0.20524
771.468,0.20599
769.540,0.21077
767.611,0.22029
765.682,0.23602
763.754,0.26171
761.825,0.30689
759.896,0.39056
757.968,0.53624
756.039,0.72848
754.110,0.80967
752.182,0.69331
750.253,0.57880
748.324,0.54926
746.396,0.56289
744.467,0.55460
742.538,0.50991
740.610,0.45427
738.681,0.40506
736.752,0.36656
734.824,0.33962
732.895,0.32498
730.966,0.31652
729.038,0.30095
727.109,0.27615
725.180,0.25445
723.251,0.24629
721.323,0.25072
719.394,0.25212
717.465,0.23865
715.537,0.22332
713.608,0.22475
711.679,0.25188
709.751,0.31410
707.822,0.42338
705.893,0.57335
703.965,0.69973
702.036,0.70699
700.107,0.61800
698.179,0.51790
696.250,0.43989
694.321,0.38433
692.393,0.34514
690.464,0.31720
688.535,0.29680
686.607,0.28121
684.678,0.26870
682.749,0.25813
680.821,0.24864
678.892,0.23984
676.963,0.23169
675.035,0.22423
673.106,0.21744
671.177,0.21143
669.249,0.20615
667.320,0.20117
665.391,0.19634
663.463,0.19195
661.534,0.18802
659.605,0.18426
657.677,0.18069
655.748,0.17745
653.819,0.17423
651.891,0.17080
649.962,0.16735
648.033,0.16397
646.105,0.16044
644.176,0.15678
642.247,0.15331
640.319,0.14993
638.390,0.14654
636.461,0.14361
634.533,0.14190
632.604,0.14303
630.675,0.15271
628.747,0.18523
626.818,0.25871
624.889,0.36451
622.961,0.43646
621.032,0.43312
619.103,0.40184
617.175,0.36121
615.246,0.30635
613.317,0.25744
611.389,0.22669
609.460,0.20855
607.531,0.19675
605.603,0.18834
603.674,0.18178
601.745,0.17650
599.817,0.17227
597.888,0.16858
595.959,0.16512
594.031,0.16203
592.102,0.15930
590.173,0.15671
588.245,0.15432
586.316,0.15229
584.387,0.15038
582.459,0.14846
580.530,0.14678
578.601,0.14541
576.673,0.14410
574.744,0.14279
572.815,0.14166
570.887,0.14063
568.958,0.13949
567.029,0.13833
565.101,0.13733
563.172,0.13635
561.243,0.13536
559.314,0.13444
557.386,0.13351
555.457,0.13253
553.528,0.13169
551.600,0.13104
549.671,0.13032
547.742,0.12949
545.814,0.12883
543.885,0.12830
541.956,0.12776
540.028,0.12733
538.099,0.12697
536.170,0.12643
534.242,0.12578
532.313,0.12519
530.384,0.12446
528.456,0.12365
526.527,0.12302
524.598,0.12257
522.670,0.12219
520.741,0.12180
518.812,0.12144
516.884,0.12112
514.955,0.12087
513.026,0.12063
511.098,0.12025
509.169,0.11967
507.240,0.11917
505.312,0.11887
503.383,0.11848
501.454,0.11805
499.526,0.11781
497.597,0.11754
495.668,0.11713
493.740,0.11691
491.811,0.11689
489.882,0.11665
487.954,0.11640
486.025,0.11656
484.096,0.11674
482.168,0.11679
480.239,0.11713
478.310,0.11769
476.382,0.11785
474.453,0.11754
472.524,0.11748
470.596,0.11830
468.667,0.12027
466.738,0.12430
464.810,0.13246
462.881,0.14666
460.952,0.16447
459.024,0.17578
457.095,0.17168
455.166,0.15642
453.238,0.14067
451.309,0.12973
449.380,0.12323
447.452,0.11932
445.523,0.11682
443.594,0.11511
441.666,0.11373
439.737,0.11261
437.808,0.11166
435.880,0.11076
433.951,0.11050
432.022,0.11090
430.094,0.11102
428.165,0.11096
426.236,0.11091
424.308,0.11016
422.379,0.10898
420.450,0.10847
418.522,0.10882
416.593,0.11022
414.664,0.11292
412.736,0.11555
410.807,0.11703
408.878,0.11803
406.950,0.11979
405.021,0.12437
403.092,0.13277
401.163,0.14245
399.235,0.15073
