6999.146,0.18830
6997.217,0.18835
6995.288,0.18841
6993.360,0.18835
6991.431,0.18820
6989.502,0.18803
6987.574,0.18781
6985.645,0.18770
6983.716,0.18780
6981.788,0.18790
6979.859,0.18775
6977.930,0.18748
6976.002,0.18733
6974.073,0.18733
6972.144,0.18747
6970.216,0.18761
6968.287,0.18761
6966.358,0.18754
6964.430,0.18748
6962.501,0.18746
6960.572,0.18743
6958.644,0.18742
6956.715,0.18747
6954.786,0.18742
6952.858,0.18719
6950.929,0.18699
6949.000,0.18695
6947.072,0.18703
6945.143,0.18712
6943.214,0.18715
6941.286,0.18705
6939.357,0.18687
6937.428,0.18671
6935.500,0.18667
6933.571,0.18682
6931.642,0.18689
6929.714,0.18676
6927.785,0.18664
6925.856,0.18659
6923.928,0.18652
6921.999,0.18653
6920.070,0.18662
6918.142,0.18656
6916.213,0.18642
6914.284,0.18637
6912.356,0.18633
6910.427,0.18616
6908.498,0.18600
6906.570,0.18595
6904.641,0.18588
6902.712,0.18573
6900.784,0.18561
6898.855,0.18568
6896.926,0.18593
6894.998,0.18614
6893.069,0.18611
6891.140,0.18596
6889.212,0.18584
6887.283,0.18574
6885.354,0.18567
6883.426,0.18567
6881.497,0.18574
6879.568,0.18572
6877.640,0.18555
6875.711,0.18533
6873.782,0.18520
6871.854,0.18515
6869.925,0.18511
6867.996,0.18506
6866.068,0.18497
6864.139,0.18478
6862.210,0.18456
6860.282,0.18456
6858.353,0.18471
6856.424,0.18477
6854.496,0.18462
6852.567,0.18439
6850.638,0.18427
6848.709,0.18428
6846.781,0.18418
6844.852,0.18394
6842.923,0.18381
6840.995,0.18378
6839.066,0.18376
6837.137,0.18377
6835.209,0.18376
6833.280,0.18364
6831.351,0.18353
6829.423,0.18351
6827.494,0.18353
6825.565,0.18345
6823.637,0.18323
6821.708,0.18309
6819.779,0.18311
6817.851,0.18314
6815.922,0.18313
6813.993,0.18307
6812.065,0.18294
6810.136,0.18282
6808.207,0.18272
6806.279,0.18270
6804.350,0.18271
6802.421,0.18254
6800.493,0.18233
6798.564,0.18227
6796.635,0.18223
6794.707,0.18210
6792.778,0.18198
6790.849,0.18194
6788.921,0.18194
6786.992,0.18188
6785.063,0.18168
6783.135,0.18148
6781.206,0.18136
6779.277,0.18131
6777.349,0.18132
6775.420,0.18133
6773.491,0.18134
6771.563,0.18132
6769.634,0.18118
6767.705,0.18092
6765.777,0.18071
6763.848,0.18065
6761.919,0.18066
6759.991,0.18056
6758.062,0.18037
6756.133,0.18027
6754.205,0.18023
6752.276,0.18018
6750.347,0.18013
6748.419,0.18011
6746.490,0.18011
6744.561,0.18016
6742.633,0.18014
6740.704,0.18001
6738.775,0.17993
6736.847,0.17986
6734.918,0.17968
6732.989,0.17944
6731.061,0.17931
6729.132,0.17929
6727.203,0.17931
6725.275,0.17926
6723.346,0.17916
6721.417,0.17903
6719.489,0.17898
6717.560,0.17904
6715.631,0.17905
6713.703,0.17886
6711.774,0.17862
6709.845,0.17846
6707.917,0.17843
6705.988,0.17842
6704.059,0.17844
6702.131,0.17852
6700.202,0.17858
6698.273,0.17853
6696.345,0.17833
6694.416,0.17809
6692.487,0.17797
6690.558,0.17798
6688.630,0.17797
6686.701,0.17782
6684.772,0.17763
6682.844,0.17753
6680.915,0.17747
6678.986,0.17740
6677.058,0.17736
6675.129,0.17732
6673.200,0.17724
6671.272,0.17715
6669.343,0.17713
6667.414,0.17718
6665.486,0.17717
6663.557,0.17704
6661.628,0.17690
6659.700,0.17682
6657.771,0.17676
6655.842,0.17671
6653.914,0.17672
6651.985,0.17669
6650.056,0.17653
6648.128,0.17638
6646.199,0.17637
6644.270,0.17641
6642.342,0.17630
6640.413,0.17605
6638.484,0.17585
6636.556,0.17578
6634.627,0.17578
6632.698,0.17578
6630.770,0.17571
6628.841,0.17557
6626.912,0.17543
6624.984,0.17530
6623.055,0.17521
6621.126,0.17524
6619.198,0.17529
6617.269,0.17523
6615.340,0.17512
6613.412,0.17496
6611.483,0.17475
6609.554,0.17464
6607.626,0.17471
6605.697,0.17478
6603.768,0.17473
6601.840,0.17461
6599.911,0.17448
6597.982,0.17435
6596.054,0.17426
6594.125,0.17417
6592.196,0.17402
6590.268,0.17383
6588.339,0.17375
6586.410,0.17382
6584.482,0.17390
6582.553,0.17394
6580.624,0.17394
6578.696,0.17388
6576.767,0.17375
6574.838,0.17358
6572.910,0.17342
6570.981,0.17337
6569.052,0.17341
6567.124,0.17335
6565.195,0.17326
6563.266,0.17322
6561.338,0.17320
6559.409,0.17319
6557.480,0.17312
6555.552,0.17296
6553.623,0.17276
6551.694,0.17265
6549.766,0.17263
6547.837,0.17265
6545.908,0.17266
6543.980,0.17262
6542.051,0.17257
6540.122,0.17246
6538.194,0.17234
6536.265,0.17231
6534.336,0.17228
6532.408,0.17221
6530.479,0.17215
6528.550,0.17210
6526.621,0.17207
6524.693,0.17205
6522.764,0.17200
6520.835,0.17186
6518.907,0.17168
6516.978,0.17153
6515.049,0.17150
6513.121,0.17152
6511.192,0.17154
6509.263,0.17156
6507.335,0.17156
6505.406,0.17150
6503.477,0.17140
6501.549,0.17132
6499.620,0.17127
6497.691,0.17123
6495.763,0.17119
6493.834,0.17107
6491.905,0.17092
6489.977,0.17084
6488.048,0.17080
6486.119,0.17069
6484.191,0.17054
6482.262,0.17048
6480.333,0.17050
6478.405,0.17051
6476.476,0.17049
6474.547,0.17044
6472.619,0.17039
6470.690,0.17032
6468.761,0.17017
6466.833,0.16994
6464.904,0.16983
6462.975,0.16990
6461.047,0.16993
6459.118,0.16984
6457.189,0.16973
6455.261,0.16963
6453.332,0.16958
6451.403,0.16957
6449.475,0.16956
6447.546,0.16950
6445.617,0.16933
6443.689,0.16911
6441.760,0.16898
6439.831,0.16900
6437.903,0.16909
6435.974,0.16909
6434.045,0.16895
6432.117,0.16874
6430.188,0.16862
6428.259,0.16860
6426.331,0.16863
6424.402,0.16866
6422.473,0.16861
6420.545,0.16839
6418.616,0.16812
6416.687,0.16799
6414.759,0.16809
6412.830,0.16823
6410.901,0.16819
6408.973,0.16799
6407.044,0.16779
6405.115,0.16767
6403.187,0.16766
6401.258,0.16767
6399.329,0.16757
6397.401,0.16733
6395.472,0.16714
6393.543,0.16716
6391.615,0.16732
6389.686,0.16745
6387.757,0.16747
6385.829,0.16735
6383.900,0.16717
6381.971,0.16708
6380.043,0.16707
6378.114,0.16704
6376.185,0.16696
6374.257,0.16687
6372.328,0.16675
6370.399,0.16663
6368.471,0.16662
6366.542,0.16670
6364.613,0.16669
6362.684,0.16654
6360.756,0.16637
6358.827,0.16628
6356.898,0.16629
6354.970,0.16630
6353.041,0.16623
6351.112,0.16616
6349.184,0.16614
6347.255,0.16604
6345.326,0.16595
6343.398,0.16596
6341.469,0.16596
6339.540,0.16581
6337.612,0.16562
6335.683,0.16548
6333.754,0.16541
6331.826,0.16549
6329.897,0.16563
6327.968,0.16564
6326.040,0.16551
6324.111,0.16538
6322.182,0.16531
6320.254,0.16530
6318.325,0.16531
6316.396,0.16525
6314.468,0.16512
6312.539,0.16494
6310.610,0.16481
6308.682,0.16478
6306.753,0.16482
6304.824,0.16487
6302.896,0.16487
6300.967,0.16478
6299.038,0.16471
6297.110,0.16474
6295.181,0.16471
6293.252,0.16458
6291.324,0.16447
6289.395,0.16442
6287.466,0.16437
6285.538,0.16430
6283.609,0.16431
6281.680,0.16442
6279.752,0.16446
6277.823,0.16437
6275.894,0.16428
6273.966,0.16420
6272.037,0.16414
6270.108,0.16417
6268.180,0.16420
6266.251,0.16410
6264.322,0.16389
6262.394,0.16371
6260.465,0.16364
6258.536,0.16362
6256.608,0.16355
6254.679,0.16345
6252.750,0.16333
6250.822,0.16319
6248.893,0.16312
6246.964,0.16318
6245.036,0.16326
6243.107,0.16325
6241.178,0.16314
6239.250,0.16300
6237.321,0.16287
6235.392,0.16282
6233.464,0.16283
6231.535,0.16285
6229.606,0.16283
6227.678,0.16282
6225.749,0.16277
6223.820,0.16266
6221.892,0.16260
6219.963,0.16267
6218.034,0.16274
6216.106,0.16273
6214.177,0.16264
6212.248,0.16258
6210.320,0.16257
6208.391,0.16254
6206.462,0.16244
6204.533,0.16231
6202.605,0.16226
6200.676,0.16238
6198.747,0.16259
6196.819,0.16267
6194.890,0.16254
6192.961,0.16237
6191.033,0.16225
6189.104,0.16225
6187.175,0.16240
6185.247,0.16251
6183.318,0.16256
6181.389,0.16258
6179.461,0.16254
6177.532,0.16258
6175.603,0.16282
6173.675,0.16309
6171.746,0.16326
6169.817,0.16348
6167.889,0.16385
6165.960,0.16432
6164.031,0.16493
6162.103,0.16574
6160.174,0.16673
6158.245,0.16783
6156.317,0.16894
6154.388,0.16997
6152.459,0.17075
6150.531,0.17106
6148.602,0.17077
6146.673,0.17005
6144.745,0.16926
6142.816,0.16865
6140.887,0.16828
6138.959,0.16811
6137.030,0.16831
6135.101,0.16891
6133.173,0.16956
6131.244,0.16975
6129.315,0.16926
6127.387,0.16835
6125.458,0.16730
6123.529,0.16625
6121.601,0.16526
6119.672,0.16436
6117.743,0.16358
6115.815,0.16295
6113.886,0.16249
6111.957,0.16220
6110.029,0.16192
6108.100,0.16156
6106.171,0.16120
6104.243,0.16094
6102.314,0.16081
6100.385,0.16077
6098.457,0.16074
6096.528,0.16068
6094.599,0.16059
6092.671,0.16041
6090.742,0.16024
6088.813,0.16012
6086.885,0.15996
6084.956,0.15972
6083.027,0.15951
6081.099,0.15941
6079.170,0.15947
6077.241,0.15960
6075.313,0.15962
6073.384,0.15949
6071.455,0.15935
6069.527,0.15934
6067.598,0.15949
6065.669,0.15972
6063.741,0.16002
6061.812,0.16029
6059.883,0.16038
6057.955,0.16024
6056.026,0.16000
6054.097,0.15979
6052.169,0.15964
6050.240,0.15949
6048.311,0.15935
6046.383,0.15927
6044.454,0.15928
6042.525,0.15932
6040.596,0.15937
6038.668,0.15931
6036.739,0.15912
6034.810,0.15891
6032.882,0.15883
6030.953,0.15884
6029.024,0.15886
6027.096,0.15887
6025.167,0.15888
6023.238,0.15888
6021.310,0.15895
6019.381,0.15918
6017.452,0.15949
6015.524,0.15986
6013.595,0.16026
6011.666,0.16070
6009.738,0.16123
6007.809,0.16179
6005.880,0.16219
6003.952,0.16230
6002.023,0.16205
6000.094,0.16150
5998.166,0.16084
5996.237,0.16022
5994.308,0.15971
5992.380,0.15930
5990.451,0.15892
5988.522,0.15848
5986.594,0.15800
5984.665,0.15759
5982.736,0.15732
5980.808,0.15718
5978.879,0.15706
5976.950,0.15682
5975.022,0.15650
5973.093,0.15627
5971.164,0.15614
5969.236,0.15610
5967.307,0.15608
5965.378,0.15597
5963.450,0.15581
5961.521,0.15569
5959.592,0.15562
5957.664,0.15557
5955.735,0.15554
5953.806,0.15549
5951.878,0.15541
5949.949,0.15531
5948.020,0.15527
5946.092,0.15530
5944.163,0.15535
5942.234,0.15536
5940.306,0.15528
5938.377,0.15519
5936.448,0.15515
5934.520,0.15519
5932.591,0.15526
5930.662,0.15528
5928.734,0.15518
5926.805,0.15504
5924.876,0.15498
5922.948,0.15503
5921.019,0.15514
5919.090,0.15522
5917.162,0.15521
5915.233,0.15514
5913.304,0.15512
5911.376,0.15524
5909.447,0.15539
5907.518,0.15545
5905.590,0.15539
5903.661,0.15531
5901.732,0.15531
5899.804,0.15540
5897.875,0.15550
5895.946,0.15554
5894.018,0.15546
5892.089,0.15528
5890.160,0.15511
5888.232,0.15497
5886.303,0.15485
5884.374,0.15476
5882.445,0.15468
5880.517,0.15461
5878.588,0.15462
5876.659,0.15468
5874.731,0.15477
5872.802,0.15486
5870.873,0.15491
5868.945,0.15492
5867.016,0.15491
5865.087,0.15489
5863.159,0.15494
5861.230,0.15509
5859.301,0.15528
5857.373,0.15538
5855.444,0.15541
5853.515,0.15547
5851.587,0.15559
5849.658,0.15577
5847.729,0.15596
5845.801,0.15607
5843.872,0.15613
5841.943,0.15623
5840.015,0.15637
5838.086,0.15646
5836.157,0.15646
5834.229,0.15632
5832.300,0.15601
5830.371,0.15562
5828.443,0.15528
5826.514,0.15501
5824.585,0.15479
5822.657,0.15461
5820.728,0.15437
5818.799,0.15408
5816.871,0.15384
5814.942,0.15370
5813.013,0.15366
5811.085,0.15359
5809.156,0.15345
5807.227,0.15333
5805.299,0.15322
5803.370,0.15310
5801.441,0.15302
5799.513,0.15294
5797.584,0.15283
5795.655,0.15272
5793.727,0.15263
5791.798,0.15255
5789.869,0.15250
5787.941,0.15246
5786.012,0.15237
5784.083,0.15221
5782.155,0.15205
5780.226,0.15198
5778.297,0.15197
5776.369,0.15195
5774.440,0.15187
5772.511,0.15174
5770.583,0.15160
5768.654,0.15147
5766.725,0.15135
5764.797,0.15125
5762.868,0.15117
5760.939,0.15104
5759.011,0.15086
5757.082,0.15066
5755.153,0.15055
5753.225,0.15054
5751.296,0.15055
5749.367,0.15048
5747.439,0.15033
5745.510,0.15019
5743.581,0.15012
5741.653,0.15015
5739.724,0.15019
5737.795,0.15012
5735.867,0.14999
5733.938,0.14993
5732.009,0.14991
5730.081,0.14991
5728.152,0.14996
5726.223,0.15003
5724.295,0.15007
5722.366,0.15010
5720.437,0.15011
5718.508,0.15013
5716.580,0.15023
5714.651,0.15039
5712.722,0.15050
5710.794,0.15060
5708.865,0.15078
5706.936,0.15106
5705.008,0.15139
5703.079,0.15165
5701.150,0.15177
5699.222,0.15175
5697.293,0.15157
5695.364,0.15126
5693.436,0.15091
5691.507,0.15061
5689.578,0.15031
5687.650,0.15000
5685.721,0.14972
5683.792,0.14948
5681.864,0.14931
5679.935,0.14926
5678.006,0.14921
5676.078,0.14903
5674.149,0.14883
5672.220,0.14868
5670.292,0.14859
5668.363,0.14858
5666.434,0.14858
5664.506,0.14845
5662.577,0.14824
5660.648,0.14808
5658.720,0.14797
5656.791,0.14790
5654.862,0.14784
5652.934,0.14770
5651.005,0.14747
5649.076,0.14726
5647.148,0.14713
5645.219,0.14706
5643.290,0.14701
5641.362,0.14691
5639.433,0.14678
5637.504,0.14664
5635.576,0.14655
5633.647,0.14650
5631.718,0.14648
5629.790,0.14644
5627.861,0.14640
5625.932,0.14633
5624.004,0.14625
5622.075,0.14618
5620.146,0.14617
5618.218,0.14614
5616.289,0.14601
5614.360,0.14584
5612.432,0.14575
5610.503,0.14574
5608.574,0.14580
5606.646,0.14585
5604.717,0.14578
5602.788,0.14559
5600.860,0.14542
5598.931,0.14531
5597.002,0.14524
5595.074,0.14519
5593.145,0.14510
5591.216,0.14496
5589.288,0.14482
5587.359,0.14473
5585.430,0.14470
5583.502,0.14469
5581.573,0.14464
5579.644,0.14450
5577.716,0.14430
5575.787,0.14414
5573.858,0.14408
5571.930,0.14409
5570.001,0.14408
5568.072,0.14401
5566.144,0.14390
5564.215,0.14379
5562.286,0.14371
5560.357,0.14368
5558.429,0.14365
5556.500,0.14357
5554.571,0.14345
5552.643,0.14333
5550.714,0.14326
5548.785,0.14327
5546.857,0.14329
5544.928,0.14320
5542.999,0.14306
5541.071,0.14296
5539.142,0.14290
5537.213,0.14288
5535.285,0.14291
5533.356,0.14289
5531.427,0.14276
5529.499,0.14257
5527.570,0.14246
5525.641,0.14249
5523.713,0.14255
5521.784,0.14251
5519.855,0.14241
5517.927,0.14235
5515.998,0.14233
5514.069,0.14232
5512.141,0.14234
5510.212,0.14237
5508.283,0.14234
5506.355,0.14225
5504.426,0.14217
5502.497,0.14213
5500.569,0.14215
5498.640,0.14219
5496.711,0.14219
5494.783,0.14210
5492.854,0.14196
5490.925,0.14182
5488.997,0.14172
5487.068,0.14164
5485.139,0.14155
5483.211,0.14141
5481.282,0.14126
5479.353,0.14113
5477.425,0.14109
5475.496,0.14108
5473.567,0.14100
5471.639,0.14090
5469.710,0.14082
5467.781,0.14071
5465.853,0.14059
5463.924,0.14054
5461.995,0.14054
5460.067,0.14047
5458.138,0.14030
5456.209,0.14016
5454.281,0.14010
5452.352,0.14013
5450.423,0.14016
5448.495,0.14010
5446.566,0.13996
5444.637,0.13980
5442.709,0.13969
5440.780,0.13964
5438.851,0.13966
5436.923,0.13971
5434.994,0.13966
5433.065,0.13955
5431.137,0.13947
5429.208,0.13943
5427.279,0.13935
5425.351,0.13929
5423.422,0.13921
5421.493,0.13910
5419.565,0.13903
5417.636,0.13906
5415.707,0.13919
5413.779,0.13924
5411.850,0.13913
5409.921,0.13896
5407.993,0.13883
5406.064,0.13877
5404.135,0.13877
5402.207,0.13877
5400.278,0.13869
5398.349,0.13855
5396.420,0.13848
5394.492,0.13848
5392.563,0.13848
5390.634,0.13848
5388.706,0.13847
5386.777,0.13838
5384.848,0.13817
5382.920,0.13797
5380.991,0.13795
5379.062,0.13808
5377.134,0.13813
5375.205,0.13801
5373.276,0.13785
5371.348,0.13774
5369.419,0.13771
5367.490,0.13774
5365.562,0.13773
5363.633,0.13764
5361.704,0.13750
5359.776,0.13740
5357.847,0.13739
5355.918,0.13747
5353.990,0.13753
5352.061,0.13746
5350.132,0.13729
5348.204,0.13717
5346.275,0.13717
5344.346,0.13719
5342.418,0.13717
5340.489,0.13714
5338.560,0.13705
5336.632,0.13692
5334.703,0.13682
5332.774,0.13676
5330.846,0.13672
5328.917,0.13671
5326.988,0.13667
5325.060,0.13659
5323.131,0.13648
5321.202,0.13638
5319.274,0.13632
5317.345,0.13631
5315.416,0.13627
5313.488,0.13615
5311.559,0.13601
5309.630,0.13595
5307.702,0.13596
5305.773,0.13594
5303.844,0.13590
5301.916,0.13586
5299.987,0.13577
5298.058,0.13569
5296.130,0.13570
5294.201,0.13573
5292.272,0.13570
5290.344,0.13558
5288.415,0.13543
5286.486,0.13531
5284.558,0.13528
5282.629,0.13532
5280.700,0.13537
5278.772,0.13535
5276.843,0.13523
5274.914,0.13508
5272.986,0.13504
5271.057,0.13508
5269.128,0.13510
5267.200,0.13507
5265.271,0.13501
5263.342,0.13491
5261.414,0.13483
5259.485,0.13486
5257.556,0.13493
5255.628,0.13492
5253.699,0.13479
5251.770,0.13468
5249.842,0.13468
5247.913,0.13473
5245.984,0.13476
5244.056,0.13471
5242.127,0.13460
5240.198,0.13448
5238.269,0.13439
5236.341,0.13436
5234.412,0.13439
5232.483,0.13442
5230.555,0.13438
5228.626,0.13428
5226.697,0.13420
5224.769,0.13416
5222.840,0.13415
5220.911,0.13415
5218.983,0.13408
5217.054,0.13397
5215.125,0.13386
5213.197,0.13383
5211.268,0.13387
5209.339,0.13396
5207.411,0.13397
5205.482,0.13380
5203.553,0.13355
5201.625,0.13339
5199.696,0.13336
5197.767,0.13342
5195.839,0.13345
5193.910,0.13337
5191.981,0.13324
5190.053,0.13315
5188.124,0.13316
5186.195,0.13318
5184.267,0.13315
5182.338,0.13304
5180.409,0.13292
5178.481,0.13283
5176.552,0.13281
5174.623,0.13283
5172.695,0.13285
5170.766,0.13283
5168.837,0.13275
5166.909,0.13265
5164.980,0.13258
5163.051,0.13255
5161.123,0.13252
5159.194,0.13244
5157.265,0.13234
5155.337,0.13226
5153.408,0.13218
5151.479,0.13216
5149.551,0.13218
5147.622,0.13213
5145.693,0.13201
5143.765,0.13192
5141.836,0.13186
5139.907,0.13183
5137.979,0.13179
5136.050,0.13172
5134.121,0.13163
5132.193,0.13155
5130.264,0.13146
5128.335,0.13139
5126.407,0.13139
5124.478,0.13137
5122.549,0.13127
5120.621,0.13112
5118.692,0.13099
5116.763,0.13094
5114.835,0.13097
5112.906,0.13098
5110.977,0.13092
5109.049,0.13081
5107.120,0.13069
5105.191,0.13063
5103.263,0.13065
5101.334,0.13066
5099.405,0.13059
5097.477,0.13050
5095.548,0.13042
5093.619,0.13036
5091.691,0.13036
5089.762,0.13038
5087.833,0.13034
5085.905,0.13026
5083.976,0.13017
5082.047,0.13007
5080.119,0.13003
5078.190,0.13001
5076.261,0.12995
5074.332,0.12986
5072.404,0.12978
5070.475,0.12968
5068.546,0.12963
5066.618,0.12962
5064.689,0.12960
5062.760,0.12953
5060.832,0.12942
5058.903,0.12931
5056.974,0.12920
5055.046,0.12914
5053.117,0.12912
5051.188,0.12907
5049.260,0.12898
5047.331,0.12889
5045.402,0.12879
5043.474,0.12873
5041.545,0.12873
5039.616,0.12870
5037.688,0.12862
5035.759,0.12852
5033.830,0.12842
5031.902,0.12838
5029.973,0.12841
5028.044,0.12844
5026.116,0.12839
5024.187,0.12827
5022.258,0.12813
5020.330,0.12804
5018.401,0.12805
5016.472,0.12808
5014.544,0.12806
5012.615,0.12797
5010.686,0.12787
5008.758,0.12782
5006.829,0.12781
5004.900,0.12779
5002.972,0.12775
5001.043,0.12768
4999.114,0.12758
4997.186,0.12752
4995.257,0.12754
4993.328,0.12754
4991.400,0.12746
4989.471,0.12734
4987.542,0.12726
4985.614,0.12719
4983.685,0.12718
4981.756,0.12721
4979.828,0.12716
4977.899,0.12703
4975.970,0.12690
4974.042,0.12681
4972.113,0.12677
4970.184,0.12678
4968.256,0.12677
4966.327,0.12672
4964.398,0.12664
4962.470,0.12657
4960.541,0.12652
4958.612,0.12652
4956.684,0.12654
4954.755,0.12651
4952.826,0.12642
4950.898,0.12631
4948.969,0.12623
4947.040,0.12625
4945.112,0.12629
4943.183,0.12625
4941.254,0.12613
4939.326,0.12599
4937.397,0.12588
4935.468,0.12583
4933.540,0.12585
4931.611,0.12588
4929.682,0.12582
4927.754,0.12570
4925.825,0.12557
4923.896,0.12549
4921.968,0.12547
4920.039,0.12544
4918.110,0.12536
4916.181,0.12524
4914.253,0.12514
4912.324,0.12509
4910.395,0.12509
4908.467,0.12510
4906.538,0.12504
4904.609,0.12495
4902.681,0.12485
4900.752,0.12475
4898.823,0.12470
4896.895,0.12468
4894.966,0.12463
4893.037,0.12454
4891.109,0.12443
4889.180,0.12431
4887.251,0.12427
4885.323,0.12428
4883.394,0.12428
4881.465,0.12424
4879.537,0.12416
4877.608,0.12404
4875.679,0.12396
4873.751,0.12397
4871.822,0.12396
4869.893,0.12389
4867.965,0.12382
4866.036,0.12377
4864.107,0.12374
4862.179,0.12374
4860.250,0.12373
4858.321,0.12365
4856.393,0.12353
4854.464,0.12340
4852.535,0.12330
4850.607,0.12326
4848.678,0.12328
4846.749,0.12326
4844.821,0.12320
4842.892,0.12312
4840.963,0.12305
4839.035,0.12301
4837.106,0.12300
4835.177,0.12294
4833.249,0.12280
4831.320,0.12264
4829.391,0.12251
4827.463,0.12248
4825.534,0.12250
4823.605,0.12249
4821.677,0.12245
4819.748,0.12239
4817.819,0.12230
4815.891,0.12222
4813.962,0.12217
4812.033,0.12214
4810.105,0.12209
4808.176,0.12200
4806.247,0.12187
4804.319,0.12177
4802.390,0.12176
4800.461,0.12178
4798.533,0.12175
4796.604,0.12165
4794.675,0.12154
4792.747,0.12148
4790.818,0.12147
4788.889,0.12147
4786.961,0.12143
4785.032,0.12134
4783.103,0.12122
4781.175,0.12114
4779.246,0.12113
4777.317,0.12114
4775.389,0.12111
4773.460,0.12104
4771.531,0.12096
4769.603,0.12091
4767.674,0.12090
4765.745,0.12092
4763.817,0.12092
4761.888,0.12089
4759.959,0.12083
4758.031,0.12073
4756.102,0.12066
4754.173,0.12065
4752.244,0.12067
4750.316,0.12063
4748.387,0.12055
4746.458,0.12045
4744.530,0.12035
4742.601,0.12030
4740.672,0.12031
4738.744,0.12025
4736.815,0.12014
4734.886,0.12004
4732.958,0.11995
4731.029,0.11986
4729.100,0.11981
4727.172,0.11978
4725.243,0.11971
4723.314,0.11964
4721.386,0.11959
4719.457,0.11959
4717.528,0.11961
4715.600,0.11961
4713.671,0.11956
4711.742,0.11947
4709.814,0.11938
4707.885,0.11932
4705.956,0.11930
4704.028,0.11931
4702.099,0.11928
4700.170,0.11920
4698.242,0.11910
4696.313,0.11905
4694.384,0.11905
4692.456,0.11905
4690.527,0.11901
4688.598,0.11894
4686.670,0.11888
4684.741,0.11883
4682.812,0.11880
4680.884,0.11879
4678.955,0.11877
4677.026,0.11871
4675.098,0.11866
4673.169,0.11861
4671.240,0.11856
4669.312,0.11853
4667.383,0.11849
4665.454,0.11840
4663.526,0.11830
4661.597,0.11819
4659.668,0.11810
4657.740,0.11809
4655.811,0.11809
4653.882,0.11805
4651.954,0.11800
4650.025,0.11794
4648.096,0.11782
4646.168,0.11771
4644.239,0.11769
4642.310,0.11769
4640.382,0.11762
4638.453,0.11751
4636.524,0.11741
4634.596,0.11735
4632.667,0.11731
4630.738,0.11726
4628.810,0.11718
4626.881,0.11711
4624.952,0.11707
4623.024,0.11705
4621.095,0.11705
4619.166,0.11705
4617.238,0.11705
4615.309,0.11706
4613.380,0.11707
4611.452,0.11705
4609.523,0.11705
4607.594,0.11706
4605.666,0.11705
4603.737,0.11699
4601.808,0.11692
4599.880,0.11685
4597.951,0.11680
4596.022,0.11678
4594.093,0.11671
4592.165,0.11658
4590.236,0.11647
4588.307,0.11640
4586.379,0.11636
4584.450,0.11635
4582.521,0.11634
4580.593,0.11630
4578.664,0.11624
4576.735,0.11618
4574.807,0.11617
4572.878,0.11617
4570.949,0.11613
4569.021,0.11601
4567.092,0.11590
4565.163,0.11582
4563.235,0.11580
4561.306,0.11580
4559.377,0.11577
4557.449,0.11571
4555.520,0.11566
4553.591,0.11560
4551.663,0.11556
4549.734,0.11556
4547.805,0.11561
4545.877,0.11563
4543.948,0.11559
4542.019,0.11554
4540.091,0.11554
4538.162,0.11564
4536.233,0.11577
4534.305,0.11589
4532.376,0.11594
4530.447,0.11592
4528.519,0.11585
4526.590,0.11578
4524.661,0.11576
4522.733,0.11579
4520.804,0.11585
4518.875,0.11591
4516.947,0.11598
4515.018,0.11602
4513.089,0.11602
4511.161,0.11601
4509.232,0.11605
4507.303,0.11619
4505.375,0.11646
4503.446,0.11688
4501.517,0.11745
4499.589,0.11817
4497.660,0.11913
4495.731,0.12040
4493.803,0.12170
4491.874,0.12251
4489.945,0.12263
4488.017,0.12231
4486.088,0.12194
4484.159,0.12171
4482.231,0.12147
4480.302,0.12088
4478.373,0.11989
4476.445,0.11883
4474.516,0.11803
4472.587,0.11758
4470.659,0.11744
4468.730,0.11754
4466.801,0.11786
4464.873,0.11837
4462.944,0.11893
4461.015,0.11938
4459.087,0.11967
4457.158,0.11980
4455.229,0.11981
4453.301,0.11969
4451.372,0.11945
4449.443,0.11913
4447.515,0.11875
4445.586,0.11834
4443.657,0.11792
4441.729,0.11754
4439.800,0.11724
4437.871,0.11704
4435.943,0.11692
4434.014,0.11692
4432.085,0.11706
4430.156,0.11741
4428.228,0.11796
4426.299,0.11861
4424.370,0.11926
4422.442,0.11996
4420.513,0.12081
4418.584,0.12181
4416.656,0.12277
4414.727,0.12340
4412.798,0.12362
4410.870,0.12362
4408.941,0.12368
4407.012,0.12388
4405.084,0.12417
4403.155,0.12443
4401.226,0.12452
4399.298,0.12431
4397.369,0.12380
4395.440,0.12314
4393.512,0.12254
4391.583,0.12217
4389.654,0.12205
4387.726,0.12212
4385.797,0.12229
4383.868,0.12252
4381.940,0.12278
4380.011,0.12295
4378.082,0.12282
4376.154,0.12231
4374.225,0.12149
4372.296,0.12052
4370.368,0.11954
4368.439,0.11864
4366.510,0.11787
4364.582,0.11726
4362.653,0.11681
4360.724,0.11651
4358.796,0.11636
4356.867,0.11638
4354.938,0.11656
4353.010,0.11691
4351.081,0.11745
4349.152,0.11819
4347.224,0.11908
4345.295,0.12002
4343.366,0.12088
4341.438,0.12157
4339.509,0.12209
4337.580,0.12244
4335.652,0.12259
4333.723,0.12256
4331.794,0.12237
4329.866,0.12217
4327.937,0.12220
4326.008,0.12273
4324.080,0.12383
4322.151,0.12522
4320.222,0.12635
4318.294,0.12662
4316.365,0.12600
4314.436,0.12512
4312.508,0.12461
4310.579,0.12439
4308.650,0.12397
4306.722,0.12313
4304.793,0.12209
4302.864,0.12118
4300.936,0.12061
4299.007,0.12034
4297.078,0.12034
4295.150,0.12057
4293.221,0.12096
4291.292,0.12137
4289.364,0.12160
4287.435,0.12157
4285.506,0.12135
4283.578,0.12103
4281.649,0.12064
4279.720,0.12009
4277.792,0.11937
4275.863,0.11852
4273.934,0.11767
4272.005,0.11687
4270.077,0.11616
4268.148,0.11552
4266.219,0.11499
4264.291,0.11456
4262.362,0.11419
4260.433,0.11391
4258.505,0.11376
4256.576,0.11371
4254.647,0.11369
4252.719,0.11364
4250.790,0.11344
4248.861,0.11305
4246.933,0.11257
4245.004,0.11211
4243.075,0.11173
4241.147,0.11146
4239.218,0.11127
4237.289,0.11111
4235.361,0.11100
4233.432,0.11095
4231.503,0.11094
4229.575,0.11097
4227.646,0.11105
4225.717,0.11116
4223.789,0.11131
4221.860,0.11150
4219.931,0.11173
4218.003,0.11192
4216.074,0.11206
4214.145,0.11210
4212.217,0.11206
4210.288,0.11203
4208.359,0.11204
4206.431,0.11211
4204.502,0.11224
4202.573,0.11235
4200.645,0.11238
4198.716,0.11235
4196.787,0.11231
4194.859,0.11220
4192.930,0.11201
4191.001,0.11173
4189.073,0.11141
4187.144,0.11108
4185.215,0.11079
4183.287,0.11056
4181.358,0.11037
4179.429,0.11018
4177.501,0.10999
4175.572,0.10979
4173.643,0.10961
4171.715,0.10944
4169.786,0.10930
4167.857,0.10919
4165.929,0.10907
4164.000,0.10894
4162.071,0.10882
4160.143,0.10869
4158.214,0.10856
4156.285,0.10843
4154.357,0.10832
4152.428,0.10822
4150.499,0.10814
4148.571,0.10805
4146.642,0.10796
4144.713,0.10789
4142.785,0.10786
4140.856,0.10781
4138.927,0.10775
4136.999,0.10769
4135.070,0.10763
4133.141,0.10760
4131.213,0.10759
4129.284,0.10758
4127.355,0.10757
4125.427,0.10756
4123.498,0.10755
4121.569,0.10761
4119.641,0.10773
4117.712,0.10788
4115.783,0.10805
4113.855,0.10830
4111.926,0.10862
4109.997,0.10897
4108.068,0.10931
4106.140,0.10955
4104.211,0.10966
4102.282,0.10970
4100.354,0.10976
4098.425,0.10986
4096.496,0.10997
4094.568,0.11000
4092.639,0.10988
4090.710,0.10966
4088.782,0.10936
4086.853,0.10902
4084.924,0.10872
4082.996,0.10842
4081.067,0.10810
4079.138,0.10779
4077.210,0.10751
4075.281,0.10725
4073.352,0.10699
4071.424,0.10672
4069.495,0.10643
4067.566,0.10613
4065.638,0.10587
4063.709,0.10565
4061.780,0.10546
4059.852,0.10532
4057.923,0.10519
4055.994,0.10505
4054.066,0.10491
4052.137,0.10479
4050.208,0.10473
4048.280,0.10472
4046.351,0.10474
4044.422,0.10473
4042.494,0.10472
4040.565,0.10473
4038.636,0.10478
4036.708,0.10486
4034.779,0.10499
4032.850,0.10511
4030.922,0.10526
4028.993,0.10546
4027.064,0.10572
4025.136,0.10603
4023.207,0.10633
4021.278,0.10650
4019.350,0.10650
4017.421,0.10642
4015.492,0.10633
4013.564,0.10628
4011.635,0.10625
4009.706,0.10617
4007.778,0.10600
4005.849,0.10583
4003.920,0.10574
4001.992,0.10576
4000.063,0.10591
3998.134,0.10611
3996.206,0.10631
3994.277,0.10648
3992.348,0.10660
3990.420,0.10660
3988.491,0.10652
3986.562,0.10638
3984.634,0.10618
3982.705,0.10592
3980.776,0.10561
3978.848,0.10524
3976.919,0.10488
3974.990,0.10454
3973.062,0.10417
3971.133,0.10381
3969.204,0.10353
3967.276,0.10335
3965.347,0.10327
3963.418,0.10326
3961.490,0.10323
3959.561,0.10315
3957.632,0.10307
3955.704,0.10298
3953.775,0.10290
3951.846,0.10287
3949.917,0.10281
3947.989,0.10266
3946.060,0.10247
3944.131,0.10229
3942.203,0.10213
3940.274,0.10201
3938.345,0.10197
3936.417,0.10199
3934.488,0.10211
3932.559,0.10225
3930.631,0.10229
3928.702,0.10228
3926.773,0.10232
3924.845,0.10234
3922.916,0.10233
3920.987,0.10233
3919.059,0.10229
3917.130,0.10210
3915.201,0.10181
3913.273,0.10157
3911.344,0.10137
3909.415,0.10121
3907.487,0.10117
3905.558,0.10124
3903.629,0.10127
3901.701,0.10116
3899.772,0.10090
3897.843,0.10057
3895.915,0.10036
3893.986,0.10038
3892.057,0.10047
3890.129,0.10046
3888.200,0.10048
3886.271,0.10052
3884.343,0.10041
3882.414,0.10028
3880.485,0.10019
3878.557,0.10000
3876.628,0.09988
3874.699,0.09988
3872.771,0.09994
3870.842,0.09998
3868.913,0.09989
3866.985,0.09981
3865.056,0.09981
3863.127,0.09972
3861.199,0.09950
3859.270,0.09939
3857.341,0.09966
3855.413,0.10017
3853.484,0.10019
3851.555,0.09954
3849.627,0.09888
3847.698,0.09859
3845.769,0.09858
3843.841,0.09870
3841.912,0.09880
3839.983,0.09885
3838.055,0.09885
3836.126,0.09877
3834.197,0.09869
3832.269,0.09865
3830.340,0.09858
3828.411,0.09847
3826.483,0.09834
3824.554,0.09832
3822.625,0.09842
3820.697,0.09841
3818.768,0.09832
3816.839,0.09827
3814.911,0.09809
3812.982,0.09782
3811.053,0.09773
3809.125,0.09783
3807.196,0.09790
3805.267,0.09785
3803.339,0.09784
3801.410,0.09779
3799.481,0.09761
3797.553,0.09749
3795.624,0.09740
3793.695,0.09727
3791.767,0.09714
3789.838,0.09701
3787.909,0.09690
3785.980,0.09680
3784.052,0.09674
3782.123,0.09672
3780.194,0.09667
3778.266,0.09649
3776.337,0.09627
3774.408,0.09618
3772.480,0.09628
3770.551,0.09644
3768.622,0.09644
3766.694,0.09633
3764.765,0.09622
3762.836,0.09619
3760.908,0.09632
3758.979,0.09642
3757.050,0.09640
3755.122,0.09645
3753.193,0.09670
3751.264,0.09689
3749.336,0.09683
3747.407,0.09691
3745.478,0.09712
3743.550,0.09688
3741.621,0.09635
3739.692,0.09622
3737.764,0.09645
3735.835,0.09659
3733.906,0.09646
3731.978,0.09611
3730.049,0.09579
3728.120,0.09569
3726.192,0.09570
3724.263,0.09571
3722.334,0.09568
3720.406,0.09559
3718.477,0.09548
3716.548,0.09548
3714.620,0.09567
3712.691,0.09596
3710.762,0.09607
3708.834,0.09595
3706.905,0.09580
3704.976,0.09583
3703.048,0.09598
3701.119,0.09602
3699.190,0.09600
3697.262,0.09601
3695.333,0.09607
3693.404,0.09626
3691.476,0.09656
3689.547,0.09676
3687.618,0.09679
3685.690,0.09680
3683.761,0.09695
3681.832,0.09725
3679.904,0.09766
3677.975,0.09820
3676.046,0.09866
3674.118,0.09886
3672.189,0.09899
3670.260,0.09913
3668.332,0.09910
3666.403,0.09899
3664.474,0.09905
3662.546,0.09928
3660.617,0.09954
3658.688,0.09981
3656.760,0.10003
3654.831,0.10017
3652.902,0.10048
3650.974,0.10099
3649.045,0.10129
3647.116,0.10121
3645.188,0.10105
3643.259,0.10105
3641.330,0.10122
3639.402,0.10150
3637.473,0.10180
3635.544,0.10207
3633.616,0.10241
3631.687,0.10299
3629.758,0.10359
3627.830,0.10383
3625.901,0.10391
3623.972,0.10418
3622.043,0.10470
3620.115,0.10530
3618.186,0.10575
3616.257,0.10618
3614.329,0.10676
3612.400,0.10738
3610.471,0.10792
3608.543,0.10837
3606.614,0.10872
3604.685,0.10911
3602.757,0.10964
3600.828,0.11016
3598.899,0.11061
3596.971,0.11110
3595.042,0.11161
3593.113,0.11213
3591.185,0.11280
3589.256,0.11354
3587.327,0.11400
3585.399,0.11422
3583.470,0.11448
3581.541,0.11488
3579.613,0.11538
3577.684,0.11588
3575.755,0.11632
3573.827,0.11674
3571.898,0.11725
3569.969,0.11786
3568.041,0.11848
3566.112,0.11895
3564.183,0.11926
3562.255,0.11957
3560.326,0.11992
3558.397,0.12031
3556.469,0.12077
3554.540,0.12132
3552.611,0.12182
3550.683,0.12224
3548.754,0.12269
3546.825,0.12319
3544.897,0.12367
3542.968,0.12420
3541.039,0.12478
3539.111,0.12527
3537.182,0.12568
3535.253,0.12602
3533.325,0.12634
3531.396,0.12671
3529.467,0.12708
3527.539,0.12735
3525.610,0.12757
3523.681,0.12779
3521.753,0.12804
3519.824,0.12838
3517.895,0.12879
3515.967,0.12916
3514.038,0.12947
3512.109,0.12979
3510.181,0.13013
3508.252,0.13050
3506.323,0.13094
3504.395,0.13135
3502.466,0.13166
3500.537,0.13196
3498.609,0.13233
3496.680,0.13277
3494.751,0.13329
3492.823,0.13380
3490.894,0.13422
3488.965,0.13463
3487.037,0.13504
3485.108,0.13542
3483.179,0.13583
3481.251,0.13624
3479.322,0.13656
3477.393,0.13686
3475.465,0.13720
3473.536,0.13754
3471.607,0.13792
3469.679,0.13834
3467.750,0.13870
3465.821,0.13900
3463.892,0.13930
3461.964,0.13953
3460.035,0.13969
3458.106,0.13986
3456.178,0.14000
3454.249,0.14007
3452.320,0.14015
3450.392,0.14031
3448.463,0.14051
3446.534,0.14069
3444.606,0.14081
3442.677,0.14082
3440.748,0.14081
3438.820,0.14078
3436.891,0.14071
3434.962,0.14065
3433.034,0.14058
3431.105,0.14040
3429.176,0.14021
3427.248,0.14011
3425.319,0.14005
3423.390,0.14001
3421.462,0.14000
3419.533,0.13989
3417.604,0.13966
3415.676,0.13941
3413.747,0.13908
3411.818,0.13863
3409.890,0.13813
3407.961,0.13753
3406.032,0.13684
3404.104,0.13617
3402.175,0.13557
3400.246,0.13497
3398.318,0.13444
3396.389,0.13392
3394.460,0.13336
3392.532,0.13281
3390.603,0.13230
3388.674,0.13181
3386.746,0.13136
3384.817,0.13092
3382.888,0.13041
3380.960,0.12987
3379.031,0.12936
3377.102,0.12879
3375.174,0.12816
3373.245,0.12751
3371.316,0.12677
3369.388,0.12598
3367.459,0.12525
3365.530,0.12454
3363.602,0.12383
3361.673,0.12316
3359.744,0.12244
3357.816,0.12166
3355.887,0.12098
3353.958,0.12038
3352.030,0.11978
3350.101,0.11923
3348.172,0.11862
3346.244,0.11787
3344.315,0.11707
3342.386,0.11631
3340.458,0.11557
3338.529,0.11493
3336.600,0.11437
3334.672,0.11375
3332.743,0.11315
3330.814,0.11268
3328.886,0.11225
3326.957,0.11184
3325.028,0.11150
3323.100,0.11113
3321.171,0.11072
3319.242,0.11038
3317.314,0.11002
3315.385,0.10959
3313.456,0.10914
3311.528,0.10865
3309.599,0.10811
3307.670,0.10767
3305.742,0.10731
3303.813,0.10694
3301.884,0.10663
3299.955,0.10633
3298.027,0.10594
3296.098,0.10557
3294.169,0.10527
3292.241,0.10494
3290.312,0.10465
3288.383,0.10440
3286.455,0.10406
3284.526,0.10372
3282.597,0.10348
3280.669,0.10325
3278.740,0.10301
3276.811,0.10284
3274.883,0.10262
3272.954,0.10236
3271.025,0.10217
3269.097,0.10197
3267.168,0.10175
3265.239,0.10159
3263.311,0.10141
3261.382,0.10116
3259.453,0.10096
3257.525,0.10080
3255.596,0.10059
3253.667,0.10041
3251.739,0.10022
3249.810,0.09997
3247.881,0.09976
3245.953,0.09957
3244.024,0.09928
3242.095,0.09900
3240.167,0.09878
3238.238,0.09851
3236.309,0.09823
3234.381,0.09803
3232.452,0.09777
3230.523,0.09750
3228.595,0.09732
3226.666,0.09711
3224.737,0.09688
3222.809,0.09672
3220.880,0.09654
3218.951,0.09633
3217.023,0.09618
3215.094,0.09604
3213.165,0.09583
3211.237,0.09568
3209.308,0.09551
3207.379,0.09527
3205.451,0.09510
3203.522,0.09498
3201.593,0.09480
3199.665,0.09468
3197.736,0.09467
3195.807,0.09465
3193.879,0.09473
3191.950,0.09492
3190.021,0.09511
3188.093,0.09540
3186.164,0.09582
3184.235,0.09620
3182.307,0.09650
3180.378,0.09670
3178.449,0.09666
3176.521,0.09651
3174.592,0.09646
3172.663,0.09647
3170.735,0.09654
3168.806,0.09675
3166.877,0.09702
3164.949,0.09727
3163.020,0.09762
3161.091,0.09800
3159.163,0.09833
3157.234,0.09868
3155.305,0.09902
3153.377,0.09926
3151.448,0.09951
3149.519,0.09980
3147.591,0.10010
3145.662,0.10058
3143.733,0.10127
3141.804,0.10201
3139.876,0.10280
3137.947,0.10357
3136.018,0.10410
3134.090,0.10440
3132.161,0.10454
3130.232,0.10443
3128.304,0.10420
3126.375,0.10407
3124.446,0.10406
3122.518,0.10424
3120.589,0.10475
3118.660,0.10545
3116.732,0.10635
3114.803,0.10756
3112.874,0.10901
3110.946,0.11054
3109.017,0.11213
3107.088,0.11360
3105.160,0.11485
3103.231,0.11611
3101.302,0.11757
3099.374,0.11929
3097.445,0.12141
3095.516,0.12400
3093.588,0.12709
3091.659,0.13113
3089.730,0.13686
3087.802,0.14550
3085.873,0.15941
3083.944,0.18300
3082.016,0.22491
3080.087,0.29941
3078.158,0.41445
3076.230,0.53165
3074.301,0.55346
3072.372,0.48052
3070.444,0.42575
3068.515,0.44033
3066.586,0.48132
3064.658,0.45523
3062.729,0.36068
3060.800,0.27109
3058.872,0.21412
3056.943,0.18157
3055.014,0.16137
3053.086,0.14712
3051.157,0.13690
3049.228,0.13003
3047.300,0.12552
3045.371,0.12239
3043.442,0.12029
3041.514,0.11935
3039.585,0.11939
3037.656,0.11943
3035.728,0.11827
3033.799,0.11610
3031.870,0.11449
3029.942,0.11427
3028.013,0.11474
3026.084,0.11494
3024.156,0.11468
3022.227,0.11426
3020.298,0.11417
3018.370,0.11492
3016.441,0.11672
3014.512,0.11978
3012.584,0.12454
3010.655,0.13161
3008.726,0.14209
3006.798,0.15738
3004.869,0.17621
3002.940,0.19189
3001.012,0.19566
2999.083,0.18543
2997.154,0.16784
2995.226,0.15073
2993.297,0.13746
2991.368,0.12795
2989.440,0.12140
2987.511,0.11706
2985.582,0.11419
2983.654,0.11234
2981.725,0.11129
2979.796,0.11075
2977.867,0.11069
2975.939,0.11115
2974.010,0.11190
2972.081,0.11285
2970.153,0.11415
2968.224,0.11575
2966.295,0.11755
2964.367,0.11963
2962.438,0.12182
2960.509,0.12398
2958.581,0.12622
2956.652,0.12860
2954.723,0.13130
2952.795,0.13480
2950.866,0.13891
2948.937,0.14215
2947.009,0.14311
2945.080,0.14208
2943.151,0.14077
2941.223,0.14083
2939.294,0.14277
2937.365,0.14633
2935.437,0.15136
2933.508,0.15782
2931.579,0.16551
2929.651,0.17449
2927.722,0.18507
2925.793,0.19737
2923.865,0.21108
2921.936,0.22478
2920.007,0.23505
2918.079,0.23709
2916.150,0.22809
2914.221,0.21100
2912.293,0.19268
2910.364,0.17795
2908.435,0.16744
2906.507,0.16000
2904.578,0.15464
2902.649,0.15056
2900.721,0.14708
2898.792,0.14397
2896.863,0.14108
2894.935,0.13823
2893.006,0.13552
2891.077,0.13297
2889.149,0.13035
2887.220,0.12769
2885.291,0.12508
2883.363,0.12242
2881.434,0.11982
2879.505,0.11752
2877.577,0.11569
2875.648,0.11456
2873.719,0.11431
2871.791,0.11454
2869.862,0.11508
2867.933,0.11628
2866.005,0.11843
2864.076,0.12179
2862.147,0.12665
2860.219,0.13310
2858.290,0.14151
2856.361,0.15323
2854.433,0.16967
2852.504,0.18952
2850.575,0.20490
2848.647,0.20503
2846.718,0.18978
2844.789,0.17059
2842.861,0.15608
2840.932,0.14706
2839.003,0.14153
2837.075,0.13764
2835.146,0.13413
2833.217,0.13056
2831.289,0.12684
2829.360,0.12280
2827.431,0.11854
2825.503,0.11452
2823.574,0.11099
2821.645,0.10820
2819.716,0.10642
2817.788,0.10551
2815.859,0.10516
2813.930,0.10526
2812.002,0.10555
2810.073,0.10581
2808.144,0.10612
2806.216,0.10626
2804.287,0.10588
2802.358,0.10495
2800.430,0.10335
2798.501,0.10099
2796.572,0.09823
2794.644,0.09549
2792.715,0.09294
2790.786,0.09085
2788.858,0.08927
2786.929,0.08795
2785.000,0.08689
2783.072,0.08615
2781.143,0.08553
2779.214,0.08505
2777.286,0.08482
2775.357,0.08468
2773.428,0.08456
2771.500,0.08456
2769.571,0.08453
2767.642,0.08440
2765.714,0.08446
2763.785,0.08470
2761.856,0.08512
2759.928,0.08595
2757.999,0.08708
2756.070,0.08827
2754.142,0.08964
2752.213,0.09120
2750.284,0.09262
2748.356,0.09359
2746.427,0.09359
2744.498,0.09229
2742.570,0.09023
2740.641,0.08802
2738.712,0.08581
2736.784,0.08391
2734.855,0.08247
2732.926,0.08123
2730.998,0.08016
2729.069,0.07936
2727.140,0.07860
2725.212,0.07784
2723.283,0.07727
2721.354,0.07675
2719.426,0.07627
2717.497,0.07607
2715.568,0.07601
2713.640,0.07597
2711.711,0.07617
2709.782,0.07650
2707.854,0.07680
2705.925,0.07716
2703.996,0.07743
2702.068,0.07734
2700.139,0.07715
2698.210,0.07700
2696.282,0.07680
2694.353,0.07674
2692.424,0.07690
2690.496,0.07705
2688.567,0.07726
2686.638,0.07758
2684.710,0.07769
2682.781,0.07764
2680.852,0.07769
2678.924,0.07775
2676.995,0.07792
2675.066,0.07831
2673.138,0.07857
2671.209,0.07852
2669.280,0.07836
2667.352,0.07801
2665.423,0.07743
2663.494,0.07693
2661.566,0.07642
2659.637,0.07581
2657.708,0.07534
2655.779,0.07497
2653.851,0.07452
2651.922,0.07422
2649.993,0.07409
2648.065,0.07393
2646.136,0.07397
2644.207,0.07418
2642.279,0.07424
2640.350,0.07430
2638.421,0.07450
2636.493,0.07459
2634.564,0.07470
2632.635,0.07504
2630.707,0.07540
2628.778,0.07584
2626.849,0.07656
2624.921,0.07725
2622.992,0.07780
2621.063,0.07834
2619.135,0.07865
2617.206,0.07865
2615.277,0.07867
2613.349,0.07864
2611.420,0.07853
2609.491,0.07866
2607.563,0.07893
2605.634,0.07905
2603.705,0.07916
2601.777,0.07918
2599.848,0.07886
2597.919,0.07853
2595.991,0.07838
2594.062,0.07825
2592.133,0.07833
2590.205,0.07866
2588.276,0.07890
2586.347,0.07913
2584.419,0.07945
2582.490,0.07951
2580.561,0.07929
2578.633,0.07897
2576.704,0.07834
2574.775,0.07749
2572.847,0.07685
2570.918,0.07624
2568.989,0.07560
2567.061,0.07519
2565.132,0.07481
2563.203,0.07428
2561.275,0.07389
2559.346,0.07361
2557.417,0.07328
2555.489,0.07326
2553.560,0.07352
2551.631,0.07380
2549.703,0.07433
2547.774,0.07509
2545.845,0.07564
2543.917,0.07607
2541.988,0.07644
2540.059,0.07642
2538.131,0.07616
2536.202,0.07587
2534.273,0.07529
2532.345,0.07453
2530.416,0.07390
2528.487,0.07318
2526.559,0.07244
2524.630,0.07201
2522.701,0.07164
2520.773,0.07123
2518.844,0.07115
2516.915,0.07124
2514.987,0.07136
2513.058,0.07184
2511.129,0.07250
2509.201,0.07305
2507.272,0.07376
2505.343,0.07451
2503.415,0.07500
2501.486,0.07547
2499.557,0.07592
2497.628,0.07601
2495.700,0.07607
2493.771,0.07633
2491.842,0.07656
2489.914,0.07696
2487.985,0.07771
2486.056,0.07842
2484.128,0.07910
2482.199,0.07987
2480.270,0.08031
2478.342,0.08047
2476.413,0.08080
2474.484,0.08112
2472.556,0.08133
2470.627,0.08167
2468.698,0.08181
2466.770,0.08152
2464.841,0.08120
2462.912,0.08080
2460.984,0.08019
2459.055,0.07981
2457.126,0.07969
2455.198,0.07950
2453.269,0.07940
2451.340,0.07928
2449.412,0.07876
2447.483,0.07819
2445.554,0.07777
2443.626,0.07717
2441.697,0.07656
2439.768,0.07620
2437.840,0.07586
2435.911,0.07572
2433.982,0.07607
2432.054,0.07649
2430.125,0.07690
2428.196,0.07757
2426.268,0.07818
2424.339,0.07857
2422.410,0.07893
2420.482,0.07887
2418.553,0.07820
2416.624,0.07745
2414.696,0.07676
2412.767,0.07613
2410.838,0.07597
2408.910,0.07612
2406.981,0.07608
2405.052,0.07603
2403.124,0.07598
2401.195,0.07562
2399.266,0.07537
2397.338,0.07546
2395.409,0.07555
2393.480,0.07581
2391.552,0.07647
2389.623,0.07718
2387.694,0.07808
2385.766,0.07939
2383.837,0.08063
2381.908,0.08165
2379.980,0.08263
2378.051,0.08315
2376.122,0.08305
2374.194,0.08270
2372.265,0.08205
2370.336,0.08117
2368.408,0.08063
2366.479,0.08032
2364.550,0.08000
2362.622,0.08004
2360.693,0.08032
2358.764,0.08042
2356.836,0.08067
2354.907,0.08106
2352.978,0.08118
2351.050,0.08128
2349.121,0.08146
2347.192,0.08125
2345.264,0.08076
2343.335,0.08013
2341.406,0.07891
2339.478,0.07732
2337.549,0.07588
2335.620,0.07439
2333.691,0.07304
2331.763,0.07222
2329.834,0.07159
2327.905,0.07102
2325.977,0.07088
2324.048,0.07087
2322.119,0.07076
2320.191,0.07096
2318.262,0.07128
2316.333,0.07148
2314.405,0.07203
2312.476,0.07286
2310.547,0.07359
2308.619,0.07457
2306.690,0.07575
2304.761,0.07668
2302.833,0.07760
2300.904,0.07853
2298.975,0.07888
2297.047,0.07876
2295.118,0.07840
2293.189,0.07756
2291.261,0.07657
2289.332,0.07590
2287.403,0.07521
2285.475,0.07454
2283.546,0.07429
2281.617,0.07407
2279.689,0.07375
2277.760,0.07373
2275.831,0.07368
2273.903,0.07344
2271.974,0.07346
2270.045,0.07356
2268.117,0.07341
2266.188,0.07341
2264.259,0.07340
2262.331,0.07303
2260.402,0.07271
2258.473,0.07253
2256.545,0.07213
2254.616,0.07186
2252.687,0.07183
2250.759,0.07152
2248.830,0.07111
2246.901,0.07086
2244.973,0.07039
2243.044,0.06989
2241.115,0.06970
2239.187,0.06940
2237.258,0.06900
2235.329,0.06892
2233.401,0.06874
2231.472,0.06835
2229.543,0.06820
2227.615,0.06800
2225.686,0.06761
2223.757,0.06752
2221.829,0.06752
2219.900,0.06730
2217.971,0.06733
2216.043,0.06747
2214.114,0.06734
2212.185,0.06735
2210.257,0.06757
2208.328,0.06763
2206.399,0.06794
2204.471,0.06863
2202.542,0.06919
2200.613,0.06985
2198.685,0.07076
2196.756,0.07138
2194.827,0.07182
2192.899,0.07231
2190.970,0.07235
2189.041,0.07203
2187.113,0.07187
2185.184,0.07161
2183.255,0.07129
2181.327,0.07134
2179.398,0.07136
2177.469,0.07115
2175.540,0.07123
2173.612,0.07143
2171.683,0.07149
2169.754,0.07186
2167.826,0.07234
2165.897,0.07247
2163.968,0.07266
2162.040,0.07288
2160.111,0.07269
2158.182,0.07248
2156.254,0.07236
2154.325,0.07189
2152.396,0.07143
2150.468,0.07129
2148.539,0.07100
2146.610,0.07076
2144.682,0.07085
2142.753,0.07074
2140.824,0.07052
2138.896,0.07067
2136.967,0.07078
2135.038,0.07083
2133.110,0.07127
2131.181,0.07163
2129.252,0.07167
2127.324,0.07182
2125.395,0.07181
2123.466,0.07144
2121.538,0.07128
2119.609,0.07122
2117.680,0.07095
2115.752,0.07098
2113.823,0.07124
2111.894,0.07118
2109.966,0.07117
2108.037,0.07137
2106.108,0.07134
2104.180,0.07143
2102.251,0.07177
2100.322,0.07177
2098.394,0.07166
2096.465,0.07175
2094.536,0.07153
2092.608,0.07111
2090.679,0.07091
2088.750,0.07054
2086.822,0.07005
2084.893,0.07000
2082.964,0.07003
2081.036,0.07003
2079.107,0.07052
2077.178,0.07120
2075.250,0.07179
2073.321,0.07277
2071.392,0.07387
2069.464,0.07462
2067.535,0.07535
2065.606,0.07590
2063.678,0.07578
2061.749,0.07553
2059.820,0.07533
2057.892,0.07476
2055.963,0.07426
2054.034,0.07405
2052.106,0.07358
2050.177,0.07310
2048.248,0.07293
2046.320,0.07258
2044.391,0.07226
2042.462,0.07244
2040.534,0.07260
2038.605,0.07276
2036.676,0.07339
2034.748,0.07403
2032.819,0.07451
2030.890,0.07532
2028.962,0.07606
2027.033,0.07637
2025.104,0.07672
2023.176,0.07686
2021.247,0.07647
2019.318,0.07623
2017.390,0.07614
2015.461,0.07585
2013.532,0.07588
2011.603,0.07625
2009.675,0.07641
2007.746,0.07671
2005.817,0.07723
2003.889,0.07732
2001.960,0.07726
2000.031,0.07738
1998.103,0.07716
1996.174,0.07692
1994.245,0.07716
1992.317,0.07737
1990.388,0.07759
1988.459,0.07829
1986.531,0.07894
1984.602,0.07938
1982.673,0.08012
1980.745,0.08076
1978.816,0.08105
1976.887,0.08155
1974.959,0.08197
1973.030,0.08201
1971.101,0.08230
1969.173,0.08271
1967.244,0.08279
1965.315,0.08306
1963.387,0.08352
1961.458,0.08361
1959.529,0.08378
1957.601,0.08413
1955.672,0.08411
1953.743,0.08413
1951.815,0.08447
1949.886,0.08455
1947.957,0.08465
1946.029,0.08518
1944.100,0.08549
1942.171,0.08555
1940.243,0.08580
1938.314,0.08575
1936.385,0.08543
1934.457,0.08546
1932.528,0.08550
1930.599,0.08539
1928.671,0.08574
1926.742,0.08619
1924.813,0.08643
1922.885,0.08703
1920.956,0.08776
1919.027,0.08810
1917.099,0.08851
1915.170,0.08889
1913.241,0.08881
1911.313,0.08885
1909.384,0.08905
1907.455,0.08885
1905.527,0.08871
1903.598,0.08888
1901.669,0.08875
1899.741,0.08861
1897.812,0.08890
1895.883,0.08899
1893.955,0.08908
1892.026,0.08967
1890.097,0.09020
1888.169,0.09057
1886.240,0.09134
1884.311,0.09202
1882.383,0.09247
1880.454,0.09332
1878.525,0.09409
1876.597,0.09444
1874.668,0.09498
1872.739,0.09550
1870.811,0.09566
1868.882,0.09604
1866.953,0.09644
1865.025,0.09645
1863.096,0.09672
1861.167,0.09721
1859.239,0.09722
1857.310,0.09719
1855.381,0.09738
1853.452,0.09724
1851.524,0.09725
1849.595,0.09780
1847.666,0.09828
1845.738,0.09887
1843.809,0.09984
1841.880,0.10044
1839.952,0.10088
1838.023,0.10175
1836.094,0.10237
1834.166,0.10273
1832.237,0.10357
1830.308,0.10438
1828.380,0.10487
1826.451,0.10575
1824.522,0.10666
1822.594,0.10719
1820.665,0.10811
1818.736,0.10923
1816.808,0.11007
1814.879,0.11127
1812.950,0.11280
1811.022,0.11393
1809.093,0.11509
1807.164,0.11633
1805.236,0.11697
1803.307,0.11752
1801.378,0.11822
1799.450,0.11840
1797.521,0.11855
1795.592,0.11924
1793.664,0.11979
1791.735,0.12026
1789.806,0.12117
1787.878,0.12209
1785.949,0.12315
1784.020,0.12488
1782.092,0.12671
1780.163,0.12850
1778.234,0.13083
1776.306,0.13321
1774.377,0.13520
1772.448,0.13719
1770.520,0.13858
1768.591,0.13894
1766.662,0.13918
1764.734,0.13950
1762.805,0.13965
1760.876,0.14025
1758.948,0.14131
1757.019,0.14216
1755.090,0.14333
1753.162,0.14508
1751.233,0.14666
1749.304,0.14832
1747.376,0.15036
1745.447,0.15222
1743.518,0.15422
1741.590,0.15677
1739.661,0.15903
1737.732,0.16116
1735.804,0.16379
1733.875,0.16608
1731.946,0.16788
1730.018,0.17007
1728.089,0.17222
1726.160,0.17416
1724.232,0.17667
1722.303,0.17940
1720.374,0.18214
1718.446,0.18556
1716.517,0.18907
1714.588,0.19193
1712.660,0.19483
1710.731,0.19792
1708.802,0.20098
1706.874,0.20463
1704.945,0.20839
1703.016,0.21096
1701.088,0.21278
1699.159,0.21463
1697.230,0.21631
1695.302,0.21807
1693.373,0.22024
1691.444,0.22257
1689.515,0.22533
1687.587,0.22849
1685.658,0.23105
1683.729,0.23305
1681.801,0.23533
1679.872,0.23782
1677.943,0.24070
1676.015,0.24438
1674.086,0.24807
1672.157,0.25167
1670.229,0.25592
1668.300,0.26026
1666.371,0.26453
1664.443,0.26961
1662.514,0.27515
1660.585,0.28064
1658.657,0.28690
1656.728,0.29403
1654.799,0.30162
1652.871,0.30984
1650.942,0.31850
1649.013,0.32732
1647.085,0.33661
1645.156,0.34589
1643.227,0.35462
1641.299,0.36352
1639.370,0.37306
1637.441,0.38303
1635.513,0.39395
1633.584,0.40632
1631.655,0.42010
1629.727,0.43574
1627.798,0.45346
1625.869,0.47279
1623.941,0.49398
1622.012,0.51766
1620.083,0.54408
1618.155,0.57396
1616.226,0.60807
1614.297,0.64676
1612.369,0.69175
1610.440,0.74671
1608.511,0.81658
1606.583,0.90725
1604.654,1.02350
1602.725,1.16334
1600.797,1.31100
1598.868,1.43632
1596.939,1.51589
1595.011,1.55794
1593.082,1.57072
1591.153,1.51778
1589.225,1.37972
1587.296,1.21986
1585.367,1.10277
1583.439,1.05147
1581.510,1.06537
1579.581,1.13181
1577.653,1.22625
1575.724,1.31288
1573.795,1.35445
1571.867,1.32589
1569.938,1.22600
1568.009,1.08272
1566.081,0.93188
1564.152,0.79498
1562.223,0.67924
1560.295,0.58482
1558.366,0.51041
1556.437,0.45632
1554.509,0.42331
1552.580,0.41022
1550.651,0.41584
1548.723,0.44221
1546.794,0.49486
1544.865,0.58026
1542.937,0.69753
1541.008,0.82353
1539.079,0.91901
1537.151,0.97880
1535.222,1.03201
1533.293,1.07282
1531.364,1.05225
1529.436,0.95712
1527.507,0.83227
1525.578,0.71690
1523.650,0.62358
1521.721,0.55077
1519.792,0.49409
1517.864,0.44954
1515.935,0.41333
1514.006,0.38370
1512.078,0.36049
1510.149,0.34205
1508.220,0.32579
1506.292,0.31020
1504.363,0.29472
1502.434,0.28033
1500.506,0.26886
1498.577,0.26012
1496.648,0.25293
1494.720,0.24689
1492.791,0.24098
1490.862,0.23440
1488.934,0.22836
1487.005,0.22378
1485.076,0.22127
1483.148,0.22233
1481.219,0.22713
1479.290,0.23535
1477.362,0.24900
1475.433,0.26833
1473.504,0.28842
1471.576,0.30734
1469.647,0.33372
1467.718,0.38077
1465.790,0.46058
1463.861,0.58042
1461.932,0.72442
1460.004,0.82144
1458.075,0.78276
1456.146,0.64330
1454.218,0.50021
1452.289,0.39670
1450.360,0.33535
1448.432,0.30758
1446.503,0.30590
1444.574,0.32594
1442.646,0.36745
1440.717,0.43318
1438.788,0.52214
1436.860,0.61875
1434.931,0.68552
1433.002,0.69105
1431.074,0.65540
1429.145,0.62494
1427.216,0.62679
1425.288,0.65584
1423.359,0.66629
1421.430,0.60594
1419.502,0.49890
1417.573,0.40524
1415.644,0.34803
1413.716,0.32192
1411.787,0.31686
1409.858,0.32580
1407.930,0.34463
1406.001,0.37308
1404.072,0.41314
1402.144,0.46684
1400.215,0.53841
1398.286,0.63322
1396.358,0.74903
1394.429,0.86894
1392.500,0.96814
1390.572,1.02533
1388.643,1.01758
1386.714,0.93445
1384.786,0.80546
1382.857,0.67508
1380.928,0.57238
1379.000,0.50633
1377.071,0.46251
1375.142,0.41273
1373.214,0.35017
1371.285,0.29524
1369.356,0.26326
1367.427,0.25355
1365.499,0.26027
1363.570,0.28101
1361.641,0.31656
1359.713,0.36869
1357.784,0.44054
1355.855,0.53135
1353.927,0.62417
1351.998,0.68098
1350.069,0.67058
1348.141,0.60881
1346.212,0.53736
1344.283,0.48150
1342.355,0.44631
1340.426,0.43073
1338.497,0.43239
1336.569,0.44385
1334.640,0.45732
1332.711,0.47400
1330.783,0.50124
1328.854,0.54423
1326.925,0.60229
1324.997,0.66728
1323.068,0.72556
1321.139,0.76634
1319.211,0.79041
1317.282,0.81044
1315.353,0.83880
1313.425,0.87184
1311.496,0.88477
1309.567,0.85144
1307.639,0.77625
1305.710,0.68903
1303.781,0.61499
1301.853,0.56306
1299.924,0.53086
1297.995,0.51357
1296.067,0.50845
1294.138,0.51433
1292.209,0.53127
1290.281,0.56017
1288.352,0.60222
1286.423,0.66138
1284.495,0.74587
1282.566,0.86614
1280.637,1.03088
1278.709,1.23781
1276.780,1.45794
1274.851,1.63776
1272.923,1.76115
1270.994,1.86892
1269.065,1.95684
1267.137,1.92069
1265.208,1.71727
1263.279,1.46142
1261.351,1.23515
1259.422,1.05497
1257.493,0.91541
1255.565,0.80941
1253.636,0.73363
1251.707,0.68633
1249.779,0.66125
1247.850,0.64569
1245.921,0.63173
1243.993,0.62671
1242.064,0.64452
1240.135,0.69156
1238.207,0.76065
1236.278,0.82997
1234.349,0.87046
1232.421,0.86719
1230.492,0.83159
1228.563,0.78623
1226.635,0.74960
1224.706,0.73489
1222.777,0.74880
1220.849,0.78438
1218.920,0.81544
1216.991,0.80981
1215.063,0.76094
1213.134,0.69088
1211.205,0.62208
1209.277,0.56408
1207.348,0.51793
1205.419,0.48163
1203.490,0.45125
1201.562,0.42297
1199.633,0.39657
1197.704,0.37327
1195.776,0.35292
1193.847,0.33558
1191.918,0.32119
1189.990,0.30836
1188.061,0.29670
1186.132,0.28655
1184.204,0.27682
1182.275,0.26717
1180.346,0.25829
1178.418,0.24952
1176.489,0.24085
1174.560,0.23337
1172.632,0.22640
1170.703,0.21946
1168.774,0.21353
1166.846,0.20810
1164.917,0.20260
1162.988,0.19813
1161.060,0.19436
1159.131,0.19058
1157.202,0.18803
1155.274,0.18671
1153.345,0.18574
1151.416,0.18585
1149.488,0.18631
1147.559,0.18507
1145.630,0.18257
1143.702,0.17926
1141.773,0.17446
1139.844,0.16949
1137.916,0.16529
1135.987,0.16112
1134.058,0.15797
1132.130,0.15633
1130.201,0.15381
1128.272,0.14961
1126.344,0.14454
1124.415,0.13837
1122.486,0.13228
1120.558,0.12769
1118.629,0.12343
1116.700,0.11932
1114.772,0.11648
1112.843,0.11379
1110.914,0.11096
1108.986,0.10921
1107.057,0.10744
1105.128,0.10505
1103.200,0.10349
1101.271,0.10216
1099.342,0.10046
1097.414,0.10000
1095.485,0.10056
1093.556,0.10170
1091.628,0.10514
1089.699,0.11011
1087.770,0.11395
1085.842,0.11634
1083.913,0.11684
1081.984,0.11510
1080.056,0.11335
1078.127,0.11236
1076.198,0.11135
1074.270,0.11163
1072.341,0.11363
1070.412,0.11622
1068.484,0.12053
1066.555,0.12717
1064.626,0.13505
1062.698,0.14493
1060.769,0.15746
1058.840,0.17172
1056.912,0.18889
1054.983,0.21089
1053.054,0.23891
1051.126,0.27686
1049.197,0.33077
1047.268,0.40759
1045.339,0.51735
1043.411,0.66647
1041.482,0.82883
1039.553,0.90897
1037.625,0.83918
1035.696,0.70150
1033.767,0.57477
1031.839,0.47972
1029.910,0.41720
1027.981,0.38362
1026.053,0.37397
1024.124,0.38181
1022.195,0.39846
1020.267,0.41370
1018.338,0.41694
1016.409,0.40191
1014.481,0.37201
1012.552,0.33510
1010.623,0.29658
1008.695,0.26028
1006.766,0.22840
1004.837,0.20053
1002.909,0.17691
1000.980,0.15845
999.051,0.14390
997.123,0.13259
995.194,0.12494
993.265,0.11945
991.337,0.11536
989.408,0.11361
987.479,0.11340
985.551,0.11436
983.622,0.11778
981.693,0.12311
979.765,0.13002
977.836,0.13995
975.907,0.15253
973.979,0.16725
972.050,0.18530
970.121,0.20618
968.193,0.22840
966.264,0.25170
964.335,0.27559
962.407,0.30034
960.478,0.32835
958.549,0.36175
956.621,0.40269
954.692,0.45421
952.763,0.51782
950.835,0.59076
948.906,0.66039
946.977,0.70236
945.049,0.70247
943.120,0.67642
941.191,0.65068
939.263,0.64282
937.334,0.66204
935.405,0.71377
933.477,0.80178
931.548,0.92747
929.619,1.08418
927.691,1.24673
925.762,1.36432
923.833,1.39179
921.905,1.35088
919.976,1.30028
918.047,1.27109
916.119,1.26089
914.190,1.25048
912.261,1.21924
910.333,1.15680
908.404,1.06844
906.475,0.96908
904.547,0.87203
902.618,0.78376
900.689,0.70641
898.761,0.64031
896.832,0.58438
894.903,0.53782
892.975,0.50155
891.046,0.47886
889.117,0.47830
887.189,0.51264
885.260,0.58343
883.331,0.65708
881.402,0.67477
879.474,0.62655
877.545,0.55654
875.616,0.49476
873.688,0.44623
871.759,0.40746
869.830,0.37564
867.902,0.34901
865.973,0.32601
864.044,0.30674
862.116,0.29167
860.187,0.28127
858.258,0.28100
856.330,0.30115
854.401,0.33923
852.472,0.36811
850.544,0.37327
848.615,0.38218
846.686,0.41738
844.758,0.45908
842.829,0.46300
840.900,0.41931
838.972,0.36145
837.043,0.31386
835.114,0.28073
833.186,0.25964
831.257,0.24543
829.328,0.23366
827.400,0.22367
825.471,0.21514
823.542,0.20767
821.614,0.20210
819.685,0.19765
817.756,0.19328
815.828,0.18968
813.899,0.18621
811.970,0.18202
810.042,0.17840
808.113,0.17559
806.184,0.17353
804.256,0.17432
802.327,0.17932
800.398,0.18992
798.470,0.21028
796.541,0.24514
794.612,0.30076
792.684,0.38709
790.755,0.51108
788.826,0.66424
786.898,0.81370
784.969,0.91784
783.040,0.95687
781.112,0.91885
779.183,0.80726
777.254,0.66843
775.326,0.54704
773.397,0.45624
771.468,0.39011
769.540,0.34088
767.611,0.30457
765.682,0.27884
763.754,0.26379
761.825,0.26280
759.896,0.28498
757.968,0.34877
756.039,0.45860
754.110,0.55074
752.182,0.53122
750.253,0.44126
748.324,0.36316
746.396,0.31675
744.467,0.29694
742.538,0.29792
740.610,0.31208
738.681,0.32506
736.752,0.32161
734.824,0.30228
732.895,0.28130
730.966,0.26510
729.038,0.24991
727.109,0.23532
725.180,0.22438
723.251,0.21785
721.323,0.21532
719.394,0.21267
717.465,0.20480
715.537,0.19490
713.608,0.18786
711.679,0.18247
709.751,0.17776
707.822,0.17440
705.893,0.17093
703.965,0.16716
702.036,0.16441
700.107,0.16156
698.179,0.15841
696.250,0.15643
694.321,0.15440
692.393,0.15182
690.464,0.15028
688.535,0.14882
686.607,0.14685
684.678,0.14629
682.749,0.14670
680.821,0.14776
678.892,0.15207
676.963,0.16002
675.035,0.17003
673.106,0.18043
671.177,0.18559
669.249,0.18136
667.320,0.17185
665.391,0.16184
663.463,0.15333
661.534,0.14859
659.605,0.14608
657.677,0.14187
655.748,0.13680
653.819,0.13246
651.891,0.12818
649.962,0.12538
648.033,0.12424
646.105,0.12260
644.176,0.12142
642.247,0.12120
640.319,0.11997
638.390,0.11895
636.461,0.11939
634.533,0.12008
632.604,0.12309
630.675,0.13052
628.747,0.13970
626.818,0.14827
624.889,0.15549
622.961,0.16171
621.032,0.17126
619.103,0.18758
617.175,0.21013
615.246,0.24097
613.317,0.28380
611.389,0.33809
609.460,0.39967
607.531,0.45865
605.603,0.49832
603.674,0.50860
601.745,0.49391
599.817,0.46567
597.888,0.44091
595.959,0.43850
594.031,0.46236
592.102,0.49271
590.173,0.50718
588.245,0.50258
586.316,0.48016
584.387,0.43967
582.459,0.38950
580.530,0.34175
578.601,0.30382
576.673,0.27531
574.744,0.25267
572.815,0.23545
570.887,0.22254
568.958,0.21106
567.029,0.20167
565.101,0.19451
563.172,0.18734
561.243,0.18125
559.314,0.17691
557.386,0.17207
555.457,0.16775
553.528,0.16492
551.600,0.16138
549.671,0.15812
547.742,0.15624
545.814,0.15345
543.885,0.15062
541.956,0.14923
540.028,0.14702
538.099,0.14474
536.170,0.14389
534.242,0.14213
532.313,0.14011
530.384,0.13968
528.456,0.13857
526.527,0.13707
524.598,0.13699
522.670,0.13612
520.741,0.13479
518.812,0.13507
516.884,0.13486
514.955,0.13440
513.026,0.13600
511.098,0.13780
509.169,0.13987
507.240,0.14437
505.312,0.14946
503.383,0.15528
501.454,0.16436
499.526,0.17500
497.597,0.18676
495.668,0.20143
493.740,0.21634
491.811,0.22937
489.882,0.24111
487.954,0.24895
486.025,0.25186
484.096,0.25201
482.168,0.24855
480.239,0.24193
478.310,0.23550
476.382,0.22967
474.453,0.22585
472.524,0.22746
470.596,0.23481
468.667,0.24962
466.738,0.27463
464.810,0.30457
462.881,0.32883
460.952,0.33965
459.024,0.33370
457.095,0.31604
455.166,0.29616
453.238,0.27747
451.309,0.26084
449.380,0.24823
447.452,0.23757
445.523,0.22728
443.594,0.21927
441.666,0.21220
439.737,0.20488
437.808,0.19932
435.880,0.19341
433.951,0.18549
432.022,0.17906
430.094,0.17404
428.165,0.16937
426.236,0.16793
424.308,0.16824
422.379,0.16886
420.450,0.17471
418.522,0.18714
416.593,0.20593
414.664,0.23252
412.736,0.25879
410.807,0.27271
408.878,0.27066
406.950,0.25754
405.021,0.24250
403.092,0.22795
401.163,0.21661
399.235,0.21505
