6999.146,0.28823
6997.217,0.28784
6995.288,0.28757
6993.360,0.28763
6991.431,0.28782
6989.502,0.28776
6987.574,0.28754
6985.645,0.28741
6983.716,0.28738
6981.788,0.28734
6979.859,0.28716
6977.930,0.28696
6976.002,0.28688
6974.073,0.28686
6972.144,0.28682
6970.216,0.28677
6968.287,0.28672
6966.358,0.28658
6964.430,0.28629
6962.501,0.28602
6960.572,0.28588
6958.644,0.28591
6956.715,0.28617
6954.786,0.28636
6952.858,0.28627
6950.929,0.28615
6949.000,0.28611
6947.072,0.28591
6945.143,0.28548
6943.214,0.28510
6941.286,0.28495
6939.357,0.28497
6937.428,0.28497
6935.500,0.28485
6933.571,0.28475
6931.642,0.28482
6929.714,0.28490
6927.785,0.28475
6925.856,0.28443
6923.928,0.28421
6921.999,0.28416
6920.070,0.28411
6918.142,0.28391
6916.213,0.28372
6914.284,0.28371
6912.356,0.28371
6910.427,0.28349
6908.498,0.28317
6906.570,0.28308
6904.641,0.28313
6902.712,0.28300
6900.784,0.28272
6898.855,0.28257
6896.926,0.28263
6894.998,0.28266
6893.069,0.28261
6891.140,0.28266
6889.212,0.28265
6887.283,0.28235
6885.354,0.28200
6883.426,0.28188
6881.497,0.28187
6879.568,0.28174
6877.640,0.28152
6875.711,0.28134
6873.782,0.28124
6871.854,0.28115
6869.925,0.28112
6867.996,0.28112
6866.068,0.28103
6864.139,0.28079
6862.210,0.28061
6860.282,0.28055
6858.353,0.28043
6856.424,0.28012
6854.496,0.27979
6852.567,0.27951
6850.638,0.27924
6848.709,0.27911
6846.781,0.27917
6844.852,0.27921
6842.923,0.27910
6840.995,0.27892
6839.066,0.27883
6837.137,0.27883
6835.209,0.27874
6833.280,0.27851
6831.351,0.27822
6829.423,0.27798
6827.494,0.27783
6825.565,0.27764
6823.637,0.27744
6821.708,0.27739
6819.779,0.27741
6817.851,0.27729
6815.922,0.27709
6813.993,0.27690
6812.065,0.27685
6810.136,0.27690
6808.207,0.27680
6806.279,0.27653
6804.350,0.27633
6802.421,0.27623
6800.493,0.27607
6798.564,0.27579
6796.635,0.27558
6794.707,0.27559
6792.778,0.27562
6790.849,0.27547
6788.921,0.27526
6786.992,0.27512
6785.063,0.27494
6783.135,0.27469
6781.206,0.27449
6779.277,0.27432
6777.349,0.27418
6775.420,0.27418
6773.491,0.27422
6771.563,0.27409
6769.634,0.27387
6767.705,0.27376
6765.777,0.27374
6763.848,0.27363
6761.919,0.27344
6759.991,0.27323
6758.062,0.27301
6756.133,0.27282
6754.205,0.27263
6752.276,0.27239
6750.347,0.27222
6748.419,0.27218
6746.490,0.27215
6744.561,0.27209
6742.633,0.27200
6740.704,0.27196
6738.775,0.27203
6736.847,0.27200
6734.918,0.27166
6732.989,0.27121
6731.061,0.27097
6729.132,0.27099
6727.203,0.27106
6725.275,0.27096
6723.346,0.27077
6721.417,0.27064
6719.489,0.27054
6717.560,0.27049
6715.631,0.27044
6713.703,0.27027
6711.774,0.27003
6709.845,0.26987
6707.917,0.26979
6705.988,0.26971
6704.059,0.26961
6702.131,0.26951
6700.202,0.26931
6698.273,0.26907
6696.345,0.26888
6694.416,0.26875
6692.487,0.26876
6690.558,0.26893
6688.630,0.26894
6686.701,0.26865
6684.772,0.26825
6682.844,0.26790
6680.915,0.26767
6678.986,0.26768
6677.058,0.26772
6675.129,0.26763
6673.200,0.26749
6671.272,0.26739
6669.343,0.26728
6667.414,0.26717
6665.486,0.26704
6663.557,0.26678
6661.628,0.26646
6659.700,0.26630
6657.771,0.26631
6655.842,0.26626
6653.914,0.26610
6651.985,0.26592
6650.056,0.26576
6648.128,0.26568
6646.199,0.26568
6644.270,0.26567
6642.342,0.26551
6640.413,0.26525
6638.484,0.26504
6636.556,0.26487
6634.627,0.26477
6632.698,0.26476
6630.770,0.26470
6628.841,0.26454
6626.912,0.26435
6624.984,0.26410
6623.055,0.26384
6621.126,0.26375
6619.198,0.26386
6617.269,0.26397
6615.340,0.26392
6613.412,0.26375
6611.483,0.26359
6609.554,0.26344
6607.626,0.26336
6605.697,0.26328
6603.768,0.26306
6601.840,0.26278
6599.911,0.26258
6597.982,0.26248
6596.054,0.26239
6594.125,0.26223
6592.196,0.26200
6590.268,0.26178
6588.339,0.26166
6586.410,0.26159
6584.482,0.26161
6582.553,0.26169
6580.624,0.26169
6578.696,0.26149
6576.767,0.26113
6574.838,0.26084
6572.910,0.26078
6570.981,0.26092
6569.052,0.26107
6567.124,0.26103
6565.195,0.26076
6563.266,0.26042
6561.338,0.26020
6559.409,0.26015
6557.480,0.26016
6555.552,0.26007
6553.623,0.25984
6551.694,0.25953
6549.766,0.25929
6547.837,0.25923
6545.908,0.25930
6543.980,0.25928
6542.051,0.25904
6540.122,0.25864
6538.194,0.25835
6536.265,0.25830
6534.336,0.25837
6532.408,0.25842
6530.479,0.25840
6528.550,0.25828
6526.621,0.25813
6524.693,0.25799
6522.764,0.25789
6520.835,0.25780
6518.907,0.25765
6516.978,0.25741
6515.049,0.25717
6513.121,0.25706
6511.192,0.25699
6509.263,0.25689
6507.335,0.25683
6505.406,0.25676
6503.477,0.25664
6501.549,0.25650
6499.620,0.25630
6497.691,0.25614
6495.763,0.25611
6493.834,0.25607
6491.905,0.25592
6489.977,0.25573
6488.048,0.25561
6486.119,0.25550
6484.191,0.25533
6482.262,0.25515
6480.333,0.25503
6478.405,0.25493
6476.476,0.25477
6474.547,0.25462
6472.619,0.25460
6470.690,0.25462
6468.761,0.25450
6466.833,0.25425
6464.904,0.25402
6462.975,0.25382
6461.047,0.25361
6459.118,0.25351
6457.189,0.25350
6455.261,0.25338
6453.332,0.25321
6451.403,0.25315
6449.475,0.25319
6447.546,0.25310
6445.617,0.25279
6443.689,0.25250
6441.760,0.25236
6439.831,0.25234
6437.903,0.25235
6435.974,0.25228
6434.045,0.25207
6432.117,0.25183
6430.188,0.25169
6428.259,0.25166
6426.331,0.25166
6424.402,0.25160
6422.473,0.25142
6420.545,0.25114
6418.616,0.25090
6416.687,0.25081
6414.759,0.25079
6412.830,0.25066
6410.901,0.25043
6408.973,0.25022
6407.044,0.25008
6405.115,0.25003
6403.187,0.25006
6401.258,0.25001
6399.329,0.24987
6397.401,0.24967
6395.472,0.24946
6393.543,0.24933
6391.615,0.24923
6389.686,0.24914
6387.757,0.24913
6385.829,0.24908
6383.900,0.24890
6381.971,0.24870
6380.043,0.24860
6378.114,0.24851
6376.185,0.24836
6374.257,0.24823
6372.328,0.24818
6370.399,0.24807
6368.471,0.24793
6366.542,0.24785
6364.613,0.24781
6362.684,0.24767
6360.756,0.24747
6358.827,0.24728
6356.898,0.24722
6354.970,0.24723
6353.041,0.24717
6351.112,0.24705
6349.184,0.24695
6347.255,0.24690
6345.326,0.24679
6343.398,0.24659
6341.469,0.24640
6339.540,0.24625
6337.612,0.24606
6335.683,0.24584
6333.754,0.24571
6331.826,0.24573
6329.897,0.24578
6327.968,0.24567
6326.040,0.24543
6324.111,0.24522
6322.182,0.24509
6320.254,0.24508
6318.325,0.24514
6316.396,0.24509
6314.468,0.24485
6312.539,0.24454
6310.610,0.24430
6308.682,0.24422
6306.753,0.24420
6304.824,0.24421
6302.896,0.24419
6300.967,0.24405
6299.038,0.24394
6297.110,0.24396
6295.181,0.24395
6293.252,0.24381
6291.324,0.24359
6289.395,0.24333
6287.466,0.24308
6285.538,0.24291
6283.609,0.24287
6281.680,0.24294
6279.752,0.24295
6277.823,0.24285
6275.894,0.24274
6273.966,0.24266
6272.037,0.24258
6270.108,0.24248
6268.180,0.24234
6266.251,0.24222
6264.322,0.24213
6262.394,0.24196
6260.465,0.24173
6258.536,0.24157
6256.608,0.24142
6254.679,0.24129
6252.750,0.24117
6250.822,0.24101
6248.893,0.24082
6246.964,0.24071
6245.036,0.24067
6243.107,0.24066
6241.178,0.24056
6239.250,0.24033
6237.321,0.24014
6235.392,0.24009
6233.464,0.24005
6231.535,0.23995
6229.606,0.23988
6227.678,0.23985
6225.749,0.23981
6223.820,0.23975
6221.892,0.23970
6219.963,0.23966
6218.034,0.23956
6216.106,0.23935
6214.177,0.23914
6212.248,0.23909
6210.320,0.23910
6208.391,0.23905
6206.462,0.23891
6204.533,0.23870
6202.605,0.23853
6200.676,0.23853
6198.747,0.23866
6196.819,0.23872
6194.890,0.23860
6192.961,0.23842
6191.033,0.23826
6189.104,0.23823
6187.175,0.23837
6185.247,0.23850
6183.318,0.23842
6181.389,0.23822
6179.461,0.23811
6177.532,0.23826
6175.603,0.23862
6173.675,0.23895
6171.746,0.23915
6169.817,0.23929
6167.889,0.23947
6165.960,0.23981
6164.031,0.24041
6162.103,0.24129
6160.174,0.24239
6158.245,0.24364
6156.317,0.24491
6154.388,0.24611
6152.459,0.24706
6150.531,0.24734
6148.602,0.24683
6146.673,0.24588
6144.745,0.24490
6142.816,0.24406
6140.887,0.24346
6138.959,0.24318
6137.030,0.24342
6135.101,0.24416
6133.173,0.24490
6131.244,0.24503
6129.315,0.24437
6127.387,0.24323
6125.458,0.24193
6123.529,0.24065
6121.601,0.23950
6119.672,0.23847
6117.743,0.23753
6115.815,0.23674
6113.886,0.23614
6111.957,0.23572
6110.029,0.23535
6108.100,0.23496
6106.171,0.23456
6104.243,0.23418
6102.314,0.23390
6100.385,0.23379
6098.457,0.23378
6096.528,0.23378
6094.599,0.23366
6092.671,0.23336
6090.742,0.23300
6088.813,0.23276
6086.885,0.23261
6084.956,0.23245
6083.027,0.23224
6081.099,0.23207
6079.170,0.23199
6077.241,0.23201
6075.313,0.23201
6073.384,0.23190
6071.455,0.23170
6069.527,0.23157
6067.598,0.23163
6065.669,0.23187
6063.741,0.23214
6061.812,0.23233
6059.883,0.23236
6057.955,0.23220
6056.026,0.23189
6054.097,0.23158
6052.169,0.23140
6050.240,0.23128
6048.311,0.23114
6046.383,0.23100
6044.454,0.23090
6042.525,0.23086
6040.596,0.23086
6038.668,0.23078
6036.739,0.23055
6034.810,0.23027
6032.882,0.23002
6030.953,0.22986
6029.024,0.22984
6027.096,0.22992
6025.167,0.22995
6023.238,0.22992
6021.310,0.22997
6019.381,0.23015
6017.452,0.23046
6015.524,0.23087
6013.595,0.23130
6011.666,0.23170
6009.738,0.23215
6007.809,0.23262
6005.880,0.23293
6003.952,0.23300
6002.023,0.23278
6000.094,0.23228
5998.166,0.23162
5996.237,0.23092
5994.308,0.23024
5992.380,0.22961
5990.451,0.22907
5988.522,0.22861
5986.594,0.22814
5984.665,0.22768
5982.736,0.22731
5980.808,0.22706
5978.879,0.22684
5976.950,0.22658
5975.022,0.22630
5973.093,0.22607
5971.164,0.22589
5969.236,0.22576
5967.307,0.22567
5965.378,0.22556
5963.450,0.22540
5961.521,0.22521
5959.592,0.22504
5957.664,0.22493
5955.735,0.22486
5953.806,0.22477
5951.878,0.22460
5949.949,0.22435
5948.020,0.22418
5946.092,0.22413
5944.163,0.22417
5942.234,0.22419
5940.306,0.22413
5938.377,0.22398
5936.448,0.22385
5934.520,0.22378
5932.591,0.22378
5930.662,0.22380
5928.734,0.22378
5926.805,0.22370
5924.876,0.22357
5922.948,0.22344
5921.019,0.22339
5919.090,0.22344
5917.162,0.22352
5915.233,0.22352
5913.304,0.22341
5911.376,0.22329
5909.447,0.22332
5907.518,0.22342
5905.590,0.22345
5903.661,0.22336
5901.732,0.22322
5899.804,0.22317
5897.875,0.22319
5895.946,0.22317
5894.018,0.22306
5892.089,0.22286
5890.160,0.22265
5888.232,0.22249
5886.303,0.22236
5884.374,0.22226
5882.445,0.22221
5880.517,0.22210
5878.588,0.22194
5876.659,0.22185
5874.731,0.22185
5872.802,0.22191
5870.873,0.22200
5868.945,0.22202
5867.016,0.22195
5865.087,0.22188
5863.159,0.22185
5861.230,0.22192
5859.301,0.22208
5857.373,0.22217
5855.444,0.22216
5853.515,0.22218
5851.587,0.22230
5849.658,0.22246
5847.729,0.22262
5845.801,0.22275
5843.872,0.22280
5841.943,0.22280
5840.015,0.22284
5838.086,0.22287
5836.157,0.22283
5834.229,0.22267
5832.300,0.22234
5830.371,0.22186
5828.443,0.22140
5826.514,0.22101
5824.585,0.22070
5822.657,0.22047
5820.728,0.22023
5818.799,0.21990
5816.871,0.21955
5814.942,0.21929
5813.013,0.21916
5811.085,0.21909
5809.156,0.21896
5807.227,0.21875
5805.299,0.21848
5803.370,0.21825
5801.441,0.21812
5799.513,0.21804
5797.584,0.21795
5795.655,0.21779
5793.727,0.21758
5791.798,0.21738
5789.869,0.21725
5787.941,0.21716
5786.012,0.21706
5784.083,0.21692
5782.155,0.21676
5780.226,0.21663
5778.297,0.21649
5776.369,0.21632
5774.440,0.21618
5772.511,0.21605
5770.583,0.21589
5768.654,0.21568
5766.725,0.21543
5764.797,0.21523
5762.868,0.21511
5760.939,0.21498
5759.011,0.21475
5757.082,0.21447
5755.153,0.21430
5753.225,0.21426
5751.296,0.21424
5749.367,0.21413
5747.439,0.21391
5745.510,0.21370
5743.581,0.21360
5741.653,0.21358
5739.724,0.21356
5737.795,0.21348
5735.867,0.21332
5733.938,0.21314
5732.009,0.21302
5730.081,0.21295
5728.152,0.21297
5726.223,0.21306
5724.295,0.21310
5722.366,0.21303
5720.437,0.21296
5718.508,0.21299
5716.580,0.21310
5714.651,0.21321
5712.722,0.21328
5710.794,0.21333
5708.865,0.21342
5706.936,0.21361
5705.008,0.21390
5703.079,0.21423
5701.150,0.21447
5699.222,0.21447
5697.293,0.21424
5695.364,0.21386
5693.436,0.21340
5691.507,0.21293
5689.578,0.21253
5687.650,0.21216
5685.721,0.21178
5683.792,0.21143
5681.864,0.21116
5679.935,0.21100
5678.006,0.21089
5676.078,0.21075
5674.149,0.21054
5672.220,0.21030
5670.292,0.21012
5668.363,0.21000
5666.434,0.20992
5664.506,0.20981
5662.577,0.20959
5660.648,0.20932
5658.720,0.20909
5656.791,0.20892
5654.862,0.20880
5652.934,0.20864
5651.005,0.20837
5649.076,0.20809
5647.148,0.20791
5645.219,0.20775
5643.290,0.20757
5641.362,0.20738
5639.433,0.20721
5637.504,0.20707
5635.576,0.20697
5633.647,0.20689
5631.718,0.20682
5629.790,0.20675
5627.861,0.20662
5625.932,0.20643
5624.004,0.20625
5622.075,0.20613
5620.146,0.20605
5618.218,0.20602
5616.289,0.20596
5614.360,0.20583
5612.432,0.20568
5610.503,0.20554
5608.574,0.20546
5606.646,0.20542
5604.717,0.20534
5602.788,0.20518
5600.860,0.20498
5598.931,0.20481
5597.002,0.20471
5595.074,0.20461
5593.145,0.20445
5591.216,0.20425
5589.288,0.20403
5587.359,0.20380
5585.430,0.20363
5583.502,0.20358
5581.573,0.20359
5579.644,0.20348
5577.716,0.20325
5575.787,0.20305
5573.858,0.20292
5571.930,0.20286
5570.001,0.20282
5568.072,0.20275
5566.144,0.20260
5564.215,0.20239
5562.286,0.20219
5560.357,0.20205
5558.429,0.20198
5556.500,0.20191
5554.571,0.20174
5552.643,0.20151
5550.714,0.20134
5548.785,0.20125
5546.857,0.20123
5544.928,0.20117
5542.999,0.20105
5541.071,0.20090
5539.142,0.20075
5537.213,0.20065
5535.285,0.20061
5533.356,0.20059
5531.427,0.20049
5529.499,0.20032
5527.570,0.20017
5525.641,0.20005
5523.713,0.20000
5521.784,0.19997
5519.855,0.19988
5517.927,0.19973
5515.998,0.19960
5514.069,0.19952
5512.141,0.19950
5510.212,0.19952
5508.283,0.19952
5506.355,0.19939
5504.426,0.19919
5502.497,0.19902
5500.569,0.19893
5498.640,0.19892
5496.711,0.19895
5494.783,0.19890
5492.854,0.19874
5490.925,0.19852
5488.997,0.19832
5487.068,0.19816
5485.139,0.19802
5483.211,0.19784
5481.282,0.19763
5479.353,0.19742
5477.425,0.19728
5475.496,0.19720
5473.567,0.19711
5471.639,0.19697
5469.710,0.19680
5467.781,0.19661
5465.853,0.19643
5463.924,0.19631
5461.995,0.19629
5460.067,0.19624
5458.138,0.19607
5456.209,0.19584
5454.281,0.19567
5452.352,0.19561
5450.423,0.19562
5448.495,0.19553
5446.566,0.19534
5444.637,0.19518
5442.709,0.19508
5440.780,0.19498
5438.851,0.19491
5436.923,0.19485
5434.994,0.19474
5433.065,0.19456
5431.137,0.19439
5429.208,0.19427
5427.279,0.19421
5425.351,0.19419
5423.422,0.19416
5421.493,0.19404
5419.565,0.19389
5417.636,0.19376
5415.707,0.19368
5413.779,0.19363
5411.850,0.19355
5409.921,0.19342
5407.993,0.19325
5406.064,0.19309
5404.135,0.19300
5402.207,0.19298
5400.278,0.19295
5398.349,0.19281
5396.420,0.19264
5394.492,0.19254
5392.563,0.19247
5390.634,0.19240
5388.706,0.19234
5386.777,0.19223
5384.848,0.19205
5382.920,0.19184
5380.991,0.19173
5379.062,0.19176
5377.134,0.19176
5375.205,0.19162
5373.276,0.19142
5371.348,0.19127
5369.419,0.19118
5367.490,0.19110
5365.562,0.19106
5363.633,0.19100
5361.704,0.19084
5359.776,0.19064
5357.847,0.19050
5355.918,0.19046
5353.990,0.19050
5352.061,0.19050
5350.132,0.19041
5348.204,0.19027
5346.275,0.19012
5344.346,0.18998
5342.418,0.18987
5340.489,0.18977
5338.560,0.18966
5336.632,0.18954
5334.703,0.18939
5332.774,0.18923
5330.846,0.18914
5328.917,0.18913
5326.988,0.18908
5325.060,0.18896
5323.131,0.18878
5321.202,0.18861
5319.274,0.18852
5317.345,0.18851
5315.416,0.18849
5313.488,0.18837
5311.559,0.18817
5309.630,0.18795
5307.702,0.18782
5305.773,0.18779
5303.844,0.18773
5301.916,0.18760
5299.987,0.18745
5298.058,0.18736
5296.130,0.18735
5294.201,0.18733
5292.272,0.18727
5290.344,0.18715
5288.415,0.18698
5286.486,0.18680
5284.558,0.18669
5282.629,0.18666
5280.700,0.18666
5278.772,0.18660
5276.843,0.18644
5274.914,0.18625
5272.986,0.18612
5271.057,0.18609
5269.128,0.18608
5267.200,0.18603
5265.271,0.18589
5263.342,0.18571
5261.414,0.18555
5259.485,0.18547
5257.556,0.18547
5255.628,0.18550
5253.699,0.18546
5251.770,0.18534
5249.842,0.18520
5247.913,0.18510
5245.984,0.18504
5244.056,0.18501
5242.127,0.18493
5240.198,0.18479
5238.269,0.18463
5236.341,0.18454
5234.412,0.18451
5232.483,0.18447
5230.555,0.18439
5228.626,0.18424
5226.697,0.18405
5224.769,0.18391
5222.840,0.18384
5220.911,0.18384
5218.983,0.18382
5217.054,0.18370
5215.125,0.18353
5213.197,0.18341
5211.268,0.18336
5209.339,0.18336
5207.411,0.18332
5205.482,0.18316
5203.553,0.18295
5201.625,0.18275
5199.696,0.18261
5197.767,0.18258
5195.839,0.18254
5193.910,0.18241
5191.981,0.18228
5190.053,0.18217
5188.124,0.18208
5186.195,0.18203
5184.267,0.18196
5182.338,0.18185
5180.409,0.18170
5178.481,0.18155
5176.552,0.18143
5174.623,0.18136
5172.695,0.18134
5170.766,0.18130
5168.837,0.18121
5166.909,0.18108
5164.980,0.18095
5163.051,0.18088
5161.123,0.18083
5159.194,0.18072
5157.265,0.18054
5155.337,0.18034
5153.408,0.18019
5151.479,0.18012
5149.551,0.18009
5147.622,0.17999
5145.693,0.17982
5143.765,0.17966
5141.836,0.17954
5139.907,0.17947
5137.979,0.17941
5136.050,0.17934
5134.121,0.17923
5132.193,0.17907
5130.264,0.17891
5128.335,0.17880
5126.407,0.17874
5124.478,0.17871
5122.549,0.17863
5120.621,0.17846
5118.692,0.17827
5116.763,0.17815
5114.835,0.17812
5112.906,0.17810
5110.977,0.17802
5109.049,0.17790
5107.120,0.17776
5105.191,0.17764
5103.263,0.17753
5101.334,0.17747
5099.405,0.17742
5097.477,0.17733
5095.548,0.17718
5093.619,0.17701
5091.691,0.17691
5089.762,0.17688
5087.833,0.17685
5085.905,0.17676
5083.976,0.17664
5082.047,0.17649
5080.119,0.17636
5078.190,0.17630
5076.261,0.17631
5074.332,0.17626
5072.404,0.17610
5070.475,0.17589
5068.546,0.17575
5066.618,0.17568
5064.689,0.17563
5062.760,0.17553
5060.832,0.17539
5058.903,0.17523
5056.974,0.17506
5055.046,0.17494
5053.117,0.17490
5051.188,0.17485
5049.260,0.17472
5047.331,0.17455
5045.402,0.17439
5043.474,0.17426
5041.545,0.17422
5039.616,0.17420
5037.688,0.17410
5035.759,0.17395
5033.830,0.17380
5031.902,0.17369
5029.973,0.17365
5028.044,0.17362
5026.116,0.17355
5024.187,0.17345
5022.258,0.17333
5020.330,0.17322
5018.401,0.17315
5016.472,0.17308
5014.544,0.17297
5012.615,0.17282
5010.686,0.17268
5008.758,0.17255
5006.829,0.17248
5004.900,0.17246
5002.972,0.17244
5001.043,0.17232
4999.114,0.17215
4997.186,0.17199
4995.257,0.17192
4993.328,0.17190
4991.400,0.17182
4989.471,0.17169
4987.542,0.17160
4985.614,0.17149
4983.685,0.17135
4981.756,0.17126
4979.828,0.17121
4977.899,0.17113
4975.970,0.17101
4974.042,0.17087
4972.113,0.17076
4970.184,0.17072
4968.256,0.17071
4966.327,0.17064
4964.398,0.17051
4962.470,0.17036
4960.541,0.17024
4958.612,0.17018
4956.684,0.17016
4954.755,0.17010
4952.826,0.16997
4950.898,0.16982
4948.969,0.16967
4947.040,0.16959
4945.112,0.16956
4943.183,0.16950
4941.254,0.16935
4939.326,0.16919
4937.397,0.16903
4935.468,0.16892
4933.540,0.16892
4931.611,0.16894
4929.682,0.16884
4927.754,0.16863
4925.825,0.16844
4923.896,0.16833
4921.968,0.16828
4920.039,0.16825
4918.110,0.16816
4916.181,0.16800
4914.253,0.16783
4912.324,0.16771
4910.395,0.16766
4908.467,0.16763
4906.538,0.16754
4904.609,0.16738
4902.681,0.16719
4900.752,0.16699
4898.823,0.16687
4896.895,0.16686
4894.966,0.16685
4893.037,0.16676
4891.109,0.16662
4889.180,0.16645
4887.251,0.16631
4885.323,0.16626
4883.394,0.16624
4881.465,0.16614
4879.537,0.16600
4877.608,0.16583
4875.679,0.16569
4873.751,0.16565
4871.822,0.16563
4869.893,0.16555
4867.965,0.16543
4866.036,0.16530
4864.107,0.16519
4862.179,0.16513
4860.250,0.16509
4858.321,0.16500
4856.393,0.16490
4854.464,0.16477
4852.535,0.16462
4850.607,0.16452
4848.678,0.16449
4846.749,0.16445
4844.821,0.16434
4842.892,0.16421
4840.963,0.16410
4839.035,0.16399
4837.106,0.16391
4835.177,0.16384
4833.249,0.16372
4831.320,0.16355
4829.391,0.16339
4827.463,0.16327
4825.534,0.16321
4823.605,0.16318
4821.677,0.16308
4819.748,0.16291
4817.819,0.16276
4815.891,0.16266
4813.962,0.16258
4812.033,0.16251
4810.105,0.16244
4808.176,0.16233
4806.247,0.16219
4804.319,0.16204
4802.390,0.16193
4800.461,0.16188
4798.533,0.16181
4796.604,0.16170
4794.675,0.16158
4792.747,0.16148
4790.818,0.16139
4788.889,0.16132
4786.961,0.16127
4785.032,0.16117
4783.103,0.16102
4781.175,0.16089
4779.246,0.16081
4777.317,0.16077
4775.389,0.16073
4773.460,0.16066
4771.531,0.16056
4769.603,0.16043
4767.674,0.16032
4765.745,0.16028
4763.817,0.16029
4761.888,0.16027
4759.959,0.16016
4758.031,0.16000
4756.102,0.15985
4754.173,0.15977
4752.244,0.15975
4750.316,0.15970
4748.387,0.15957
4746.458,0.15941
4744.530,0.15924
4742.601,0.15912
4740.672,0.15906
4738.744,0.15900
4736.815,0.15890
4734.886,0.15876
4732.958,0.15861
4731.029,0.15849
4729.100,0.15840
4727.172,0.15834
4725.243,0.15826
4723.314,0.15817
4721.386,0.15807
4719.457,0.15798
4717.528,0.15791
4715.600,0.15785
4713.671,0.15778
4711.742,0.15770
4709.814,0.15762
4707.885,0.15751
4705.956,0.15741
4704.028,0.15737
4702.099,0.15731
4700.170,0.15721
4698.242,0.15711
4696.313,0.15702
4694.384,0.15694
4692.456,0.15686
4690.527,0.15679
4688.598,0.15671
4686.670,0.15662
4684.741,0.15653
4682.812,0.15645
4680.884,0.15640
4678.955,0.15636
4677.026,0.15627
4675.098,0.15616
4673.169,0.15604
4671.240,0.15593
4669.312,0.15584
4667.383,0.15576
4665.454,0.15564
4663.526,0.15551
4661.597,0.15538
4659.668,0.15524
4657.740,0.15513
4655.811,0.15505
4653.882,0.15499
4651.954,0.15490
4650.025,0.15481
4648.096,0.15469
4646.168,0.15458
4644.239,0.15452
4642.310,0.15445
4640.382,0.15432
4638.453,0.15415
4636.524,0.15400
4634.596,0.15389
4632.667,0.15379
4630.738,0.15373
4628.810,0.15368
4626.881,0.15359
4624.952,0.15346
4623.024,0.15336
4621.095,0.15334
4619.166,0.15337
4617.238,0.15337
4615.309,0.15331
4613.380,0.15320
4611.452,0.15309
4609.523,0.15304
4607.594,0.15306
4605.666,0.15308
4603.737,0.15302
4601.808,0.15290
4599.880,0.15274
4597.951,0.15261
4596.022,0.15253
4594.093,0.15243
4592.165,0.15230
4590.236,0.15216
4588.307,0.15202
4586.379,0.15191
4584.450,0.15187
4582.521,0.15185
4580.593,0.15181
4578.664,0.15172
4576.735,0.15161
4574.807,0.15153
4572.878,0.15148
4570.949,0.15141
4569.021,0.15128
4567.092,0.15113
4565.163,0.15102
4563.235,0.15093
4561.306,0.15084
4559.377,0.15075
4557.449,0.15069
4555.520,0.15064
4553.591,0.15059
4551.663,0.15053
4549.734,0.15047
4547.805,0.15044
4545.877,0.15040
4543.948,0.15035
4542.019,0.15029
4540.091,0.15026
4538.162,0.15027
4536.233,0.15034
4534.305,0.15041
4532.376,0.15044
4530.447,0.15040
4528.519,0.15028
4526.590,0.15014
4524.661,0.15009
4522.733,0.15009
4520.804,0.15010
4518.875,0.15011
4516.947,0.15015
4515.018,0.15016
4513.089,0.15011
4511.161,0.15006
4509.232,0.15007
4507.303,0.15018
4505.375,0.15041
4503.446,0.15078
4501.517,0.15130
4499.589,0.15199
4497.660,0.15296
4495.731,0.15419
4493.803,0.15540
4491.874,0.15612
4489.945,0.15617
4488.017,0.15580
4486.088,0.15540
4484.159,0.15515
4482.231,0.15488
4480.302,0.15426
4478.373,0.15325
4476.445,0.15217
4474.516,0.15133
4472.587,0.15084
4470.659,0.15063
4468.730,0.15066
4466.801,0.15093
4464.873,0.15140
4462.944,0.15194
4461.015,0.15238
4459.087,0.15262
4457.158,0.15266
4455.229,0.15261
4453.301,0.15247
4451.372,0.15223
4449.443,0.15189
4447.515,0.15149
4445.586,0.15104
4443.657,0.15055
4441.729,0.15011
4439.800,0.14977
4437.871,0.14953
4435.943,0.14938
4434.014,0.14937
4432.085,0.14951
4430.156,0.14984
4428.228,0.15036
4426.299,0.15095
4424.370,0.15156
4422.442,0.15222
4420.513,0.15302
4418.584,0.15393
4416.656,0.15478
4414.727,0.15534
4412.798,0.15552
4410.870,0.15550
4408.941,0.15555
4407.012,0.15573
4405.084,0.15597
4403.155,0.15617
4401.226,0.15622
4399.298,0.15598
4397.369,0.15541
4395.440,0.15468
4393.512,0.15405
4391.583,0.15366
4389.654,0.15350
4387.726,0.15351
4385.797,0.15362
4383.868,0.15381
4381.940,0.15403
4380.011,0.15415
4378.082,0.15399
4376.154,0.15346
4374.225,0.15261
4372.296,0.15160
4370.368,0.15058
4368.439,0.14964
4366.510,0.14886
4364.582,0.14823
4362.653,0.14774
4360.724,0.14742
4358.796,0.14725
4356.867,0.14721
4354.938,0.14733
4353.010,0.14767
4351.081,0.14819
4349.152,0.14886
4347.224,0.14968
4345.295,0.15059
4343.366,0.15143
4341.438,0.15208
4339.509,0.15253
4337.580,0.15283
4335.652,0.15296
4333.723,0.15289
4331.794,0.15265
4329.866,0.15239
4327.937,0.15237
4326.008,0.15287
4324.080,0.15395
4322.151,0.15532
4320.222,0.15640
4318.294,0.15661
4316.365,0.15594
4314.436,0.15502
4312.508,0.15445
4310.579,0.15414
4308.650,0.15363
4306.722,0.15276
4304.793,0.15173
4302.864,0.15084
4300.936,0.15026
4299.007,0.14996
4297.078,0.14989
4295.150,0.15004
4293.221,0.15038
4291.292,0.15074
4289.364,0.15095
4287.435,0.15090
4285.506,0.15064
4283.578,0.15027
4281.649,0.14981
4279.720,0.14921
4277.792,0.14846
4275.863,0.14760
4273.934,0.14671
4272.005,0.14586
4270.077,0.14510
4268.148,0.14444
4266.219,0.14387
4264.291,0.14341
4262.362,0.14304
4260.433,0.14274
4258.505,0.14254
4256.576,0.14243
4254.647,0.14238
4252.719,0.14230
4250.790,0.14208
4248.861,0.14168
4246.933,0.14118
4245.004,0.14070
4243.075,0.14030
4241.147,0.13997
4239.218,0.13973
4237.289,0.13955
4235.361,0.13942
4233.432,0.13932
4231.503,0.13925
4229.575,0.13925
4227.646,0.13931
4225.717,0.13941
4223.789,0.13953
4221.860,0.13969
4219.931,0.13985
4218.003,0.14000
4216.074,0.14009
4214.145,0.14009
4212.217,0.14001
4210.288,0.13992
4208.359,0.13989
4206.431,0.13994
4204.502,0.14003
4202.573,0.14012
4200.645,0.14015
4198.716,0.14012
4196.787,0.14001
4194.859,0.13983
4192.930,0.13955
4191.001,0.13922
4189.073,0.13887
4187.144,0.13853
4185.215,0.13822
4183.287,0.13796
4181.358,0.13772
4179.429,0.13750
4177.501,0.13728
4175.572,0.13706
4173.643,0.13684
4171.715,0.13664
4169.786,0.13646
4167.857,0.13629
4165.929,0.13612
4164.000,0.13595
4162.071,0.13579
4160.143,0.13565
4158.214,0.13549
4156.285,0.13533
4154.357,0.13519
4152.428,0.13508
4150.499,0.13495
4148.571,0.13481
4146.642,0.13467
4144.713,0.13455
4142.785,0.13446
4140.856,0.13439
4138.927,0.13430
4136.999,0.13419
4135.070,0.13410
4133.141,0.13406
4131.213,0.13404
4129.284,0.13402
4127.355,0.13397
4125.427,0.13391
4123.498,0.13388
4121.569,0.13390
4119.641,0.13398
4117.712,0.13412
4115.783,0.13430
4113.855,0.13453
4111.926,0.13479
4109.997,0.13507
4108.068,0.13533
4106.140,0.13552
4104.211,0.13559
4102.282,0.13558
4100.354,0.13559
4098.425,0.13565
4096.496,0.13573
4094.568,0.13573
4092.639,0.13560
4090.710,0.13535
4088.782,0.13501
4086.853,0.13463
4084.924,0.13425
4082.996,0.13391
4081.067,0.13359
4079.138,0.13325
4077.210,0.13291
4075.281,0.13257
4073.352,0.13226
4071.424,0.13196
4069.495,0.13169
4067.566,0.13139
4065.638,0.13109
4063.709,0.13080
4061.780,0.13056
4059.852,0.13037
4057.923,0.13022
4055.994,0.13008
4054.066,0.12992
4052.137,0.12978
4050.208,0.12966
4048.280,0.12959
4046.351,0.12957
4044.422,0.12956
4042.494,0.12952
4040.565,0.12949
4038.636,0.12950
4036.708,0.12957
4034.779,0.12966
4032.850,0.12975
4030.922,0.12983
4028.993,0.12998
4027.064,0.13021
4025.136,0.13045
4023.207,0.13068
4021.278,0.13084
4019.350,0.13085
4017.421,0.13074
4015.492,0.13060
4013.564,0.13051
4011.635,0.13044
4009.706,0.13033
4007.778,0.13014
4005.849,0.12994
4003.920,0.12982
4001.992,0.12980
4000.063,0.12986
3998.134,0.13002
3996.206,0.13020
3994.277,0.13033
3992.348,0.13038
3990.420,0.13035
3988.491,0.13024
3986.562,0.13007
3984.634,0.12983
3982.705,0.12951
3980.776,0.12916
3978.848,0.12878
3976.919,0.12839
3974.990,0.12801
3973.062,0.12761
3971.133,0.12722
3969.204,0.12688
3967.276,0.12664
3965.347,0.12652
3963.418,0.12648
3961.490,0.12645
3959.561,0.12637
3957.632,0.12624
3955.704,0.12611
3953.775,0.12599
3951.846,0.12588
3949.917,0.12577
3947.989,0.12560
3946.060,0.12537
3944.131,0.12516
3942.203,0.12500
3940.274,0.12488
3938.345,0.12481
3936.417,0.12478
3934.488,0.12481
3932.559,0.12486
3930.631,0.12486
3928.702,0.12483
3926.773,0.12483
3924.845,0.12482
3922.916,0.12479
3920.987,0.12472
3919.059,0.12459
3917.130,0.12439
3915.201,0.12416
3913.273,0.12397
3911.344,0.12377
3909.415,0.12352
3907.487,0.12329
3905.558,0.12310
3903.629,0.12297
3901.701,0.12285
3899.772,0.12270
3897.843,0.12252
3895.915,0.12237
3893.986,0.12229
3892.057,0.12226
3890.129,0.12222
3888.200,0.12217
3886.271,0.12209
3884.343,0.12198
3882.414,0.12187
3880.485,0.12175
3878.557,0.12162
3876.628,0.12149
3874.699,0.12138
3872.771,0.12128
3870.842,0.12120
3868.913,0.12110
3866.985,0.12105
3865.056,0.12104
3863.127,0.12096
3861.199,0.12079
3859.270,0.12065
3857.341,0.12062
3855.413,0.12065
3853.484,0.12059
3851.555,0.12035
3849.627,0.12005
3847.698,0.11983
3845.769,0.11970
3843.841,0.11963
3841.912,0.11962
3839.983,0.11961
3838.055,0.11955
3836.126,0.11949
3834.197,0.11946
3832.269,0.11946
3830.340,0.11944
3828.411,0.11934
3826.483,0.11917
3824.554,0.11900
3822.625,0.11890
3820.697,0.11883
3818.768,0.11881
3816.839,0.11879
3814.911,0.11867
3812.982,0.11851
3811.053,0.11839
3809.125,0.11831
3807.196,0.11827
3805.267,0.11820
3803.339,0.11810
3801.410,0.11797
3799.481,0.11784
3797.553,0.11777
3795.624,0.11775
3793.695,0.11770
3791.767,0.11760
3789.838,0.11744
3787.909,0.11726
3785.980,0.11709
3784.052,0.11696
3782.123,0.11688
3780.194,0.11678
3778.266,0.11661
3776.337,0.11645
3774.408,0.11633
3772.480,0.11629
3770.551,0.11629
3768.622,0.11626
3766.694,0.11618
3764.765,0.11612
3762.836,0.11608
3760.908,0.11605
3758.979,0.11605
3757.050,0.11604
3755.122,0.11601
3753.193,0.11598
3751.264,0.11594
3749.336,0.11586
3747.407,0.11584
3745.478,0.11587
3743.550,0.11577
3741.621,0.11555
3739.692,0.11542
3737.764,0.11540
3735.835,0.11539
3733.906,0.11534
3731.978,0.11522
3730.049,0.11504
3728.120,0.11490
3726.192,0.11483
3724.263,0.11480
3722.334,0.11480
3720.406,0.11476
3718.477,0.11468
3716.548,0.11464
3714.620,0.11466
3712.691,0.11472
3710.762,0.11479
3708.834,0.11482
3706.905,0.11481
3704.976,0.11482
3703.048,0.11485
3701.119,0.11485
3699.190,0.11485
3697.262,0.11488
3695.333,0.11487
3693.404,0.11487
3691.476,0.11494
3689.547,0.11504
3687.618,0.11517
3685.690,0.11533
3683.761,0.11552
3681.832,0.11572
3679.904,0.11596
3677.975,0.11626
3676.046,0.11656
3674.118,0.11683
3672.189,0.11707
3670.260,0.11725
3668.332,0.11736
3666.403,0.11744
3664.474,0.11757
3662.546,0.11778
3660.617,0.11799
3658.688,0.11815
3656.760,0.11828
3654.831,0.11840
3652.902,0.11858
3650.974,0.11884
3649.045,0.11906
3647.116,0.11914
3645.188,0.11919
3643.259,0.11932
3641.330,0.11951
3639.402,0.11973
3637.473,0.11998
3635.544,0.12017
3633.616,0.12036
3631.687,0.12063
3629.758,0.12094
3627.830,0.12121
3625.901,0.12148
3623.972,0.12178
3622.043,0.12207
3620.115,0.12237
3618.186,0.12266
3616.257,0.12296
3614.329,0.12336
3612.400,0.12378
3610.471,0.12413
3608.543,0.12442
3606.614,0.12470
3604.685,0.12500
3602.757,0.12534
3600.828,0.12567
3598.899,0.12595
3596.971,0.12619
3595.042,0.12645
3593.113,0.12672
3591.185,0.12709
3589.256,0.12749
3587.327,0.12780
3585.399,0.12799
3583.470,0.12820
3581.541,0.12844
3579.613,0.12871
3577.684,0.12901
3575.755,0.12930
3573.827,0.12956
3571.898,0.12984
3569.969,0.13018
3568.041,0.13052
3566.112,0.13087
3564.183,0.13118
3562.255,0.13143
3560.326,0.13167
3558.397,0.13194
3556.469,0.13226
3554.540,0.13263
3552.611,0.13299
3550.683,0.13329
3548.754,0.13359
3546.825,0.13394
3544.897,0.13431
3542.968,0.13471
3541.039,0.13516
3539.111,0.13555
3537.182,0.13582
3535.253,0.13602
3533.325,0.13619
3531.396,0.13637
3529.467,0.13659
3527.539,0.13675
3525.610,0.13683
3523.681,0.13692
3521.753,0.13705
3519.824,0.13722
3517.895,0.13746
3515.967,0.13770
3514.038,0.13788
3512.109,0.13807
3510.181,0.13826
3508.252,0.13845
3506.323,0.13871
3504.395,0.13901
3502.466,0.13922
3500.537,0.13941
3498.609,0.13967
3496.680,0.13998
3494.751,0.14033
3492.823,0.14068
3490.894,0.14098
3488.965,0.14125
3487.037,0.14152
3485.108,0.14176
3483.179,0.14199
3481.251,0.14225
3479.322,0.14247
3477.393,0.14264
3475.465,0.14281
3473.536,0.14300
3471.607,0.14320
3469.679,0.14348
3467.750,0.14376
3465.821,0.14392
3463.892,0.14402
3461.964,0.14409
3460.035,0.14410
3458.106,0.14410
3456.178,0.14411
3454.249,0.14408
3452.320,0.14404
3450.392,0.14406
3448.463,0.14411
3446.534,0.14417
3444.606,0.14420
3442.677,0.14412
3440.748,0.14400
3438.820,0.14391
3436.891,0.14380
3434.962,0.14367
3433.034,0.14356
3431.105,0.14338
3429.176,0.14317
3427.248,0.14305
3425.319,0.14301
3423.390,0.14301
3421.462,0.14305
3419.533,0.14303
3417.604,0.14286
3415.676,0.14264
3413.747,0.14236
3411.818,0.14197
3409.890,0.14153
3407.961,0.14103
3406.032,0.14041
3404.104,0.13980
3402.175,0.13928
3400.246,0.13878
3398.318,0.13830
3396.389,0.13787
3394.460,0.13744
3392.532,0.13698
3390.603,0.13657
3388.674,0.13619
3386.746,0.13584
3384.817,0.13554
3382.888,0.13519
3380.960,0.13480
3379.031,0.13446
3377.102,0.13408
3375.174,0.13363
3373.245,0.13319
3371.316,0.13272
3369.388,0.13217
3367.459,0.13167
3365.530,0.13122
3363.602,0.13074
3361.673,0.13028
3359.744,0.12982
3357.816,0.12929
3355.887,0.12881
3353.958,0.12841
3352.030,0.12801
3350.101,0.12762
3348.172,0.12721
3346.244,0.12666
3344.315,0.12604
3342.386,0.12546
3340.458,0.12492
3338.529,0.12442
3336.600,0.12400
3334.672,0.12353
3332.743,0.12305
3330.814,0.12267
3328.886,0.12237
3326.957,0.12208
3325.028,0.12187
3323.100,0.12167
3321.171,0.12136
3319.242,0.12107
3317.314,0.12079
3315.385,0.12045
3313.456,0.12009
3311.528,0.11971
3309.599,0.11925
3307.670,0.11885
3305.742,0.11856
3303.813,0.11828
3301.884,0.11800
3299.955,0.11775
3298.027,0.11743
3296.098,0.11711
3294.169,0.11686
3292.241,0.11659
3290.312,0.11631
3288.383,0.11607
3286.455,0.11578
3284.526,0.11545
3282.597,0.11522
3280.669,0.11502
3278.740,0.11481
3276.811,0.11463
3274.883,0.11443
3272.954,0.11416
3271.025,0.11395
3269.097,0.11378
3267.168,0.11358
3265.239,0.11340
3263.311,0.11324
3261.382,0.11298
3259.453,0.11276
3257.525,0.11263
3255.596,0.11245
3253.667,0.11227
3251.739,0.11214
3249.810,0.11192
3247.881,0.11168
3245.953,0.11150
3244.024,0.11125
3242.095,0.11098
3240.167,0.11079
3238.238,0.11056
3236.309,0.11029
3234.381,0.11007
3232.452,0.10984
3230.523,0.10958
3228.595,0.10943
3226.666,0.10929
3224.737,0.10907
3222.809,0.10889
3220.880,0.10873
3218.951,0.10851
3217.023,0.10833
3215.094,0.10821
3213.165,0.10804
3211.237,0.10787
3209.308,0.10772
3207.379,0.10751
3205.451,0.10730
3203.522,0.10718
3201.593,0.10703
3199.665,0.10693
3197.736,0.10693
3195.807,0.10694
3193.879,0.10700
3191.950,0.10719
3190.021,0.10740
3188.093,0.10768
3186.164,0.10809
3184.235,0.10851
3182.307,0.10878
3180.378,0.10893
3178.449,0.10891
3176.521,0.10876
3174.592,0.10870
3172.663,0.10873
3170.735,0.10877
3168.806,0.10895
3166.877,0.10923
3164.949,0.10948
3163.020,0.10979
3161.091,0.11019
3159.163,0.11053
3157.234,0.11085
3155.305,0.11118
3153.377,0.11141
3151.448,0.11160
3149.519,0.11187
3147.591,0.11216
3145.662,0.11260
3143.733,0.11328
3141.804,0.11402
3139.876,0.11477
3137.947,0.11552
3136.018,0.11609
3134.090,0.11638
3132.161,0.11647
3130.232,0.11636
3128.304,0.11612
3126.375,0.11599
3124.446,0.11600
3122.518,0.11618
3120.589,0.11667
3118.660,0.11741
3116.732,0.11832
3114.803,0.11953
3112.874,0.12101
3110.946,0.12255
3109.017,0.12413
3107.088,0.12565
3105.160,0.12694
3103.231,0.12822
3101.302,0.12971
3099.374,0.13146
3097.445,0.13360
3095.516,0.13626
3093.588,0.13951
3091.659,0.14368
3089.730,0.14955
3087.802,0.15835
3085.873,0.17240
3083.944,0.19614
3082.016,0.23817
3080.087,0.31266
3078.158,0.42768
3076.230,0.54408
3074.301,0.56275
3072.372,0.48666
3070.444,0.43079
3068.515,0.44584
3066.586,0.48794
3064.658,0.46167
3062.729,0.36596
3060.800,0.27594
3058.872,0.21931
3056.943,0.18733
3055.014,0.16760
3053.086,0.15371
3051.157,0.14380
3049.228,0.13716
3047.300,0.13288
3045.371,0.12997
3043.442,0.12801
3041.514,0.12718
3039.585,0.12735
3037.656,0.12747
3035.728,0.12635
3033.799,0.12424
3031.870,0.12268
3029.942,0.12253
3028.013,0.12312
3026.084,0.12339
3024.156,0.12313
3022.227,0.12273
3020.298,0.12268
3018.370,0.12348
3016.441,0.12536
3014.512,0.12843
3012.584,0.13312
3010.655,0.14014
3008.726,0.15061
3006.798,0.16590
3004.869,0.18489
3002.940,0.20075
3001.012,0.20439
2999.083,0.19373
2997.154,0.17571
2995.226,0.15834
2993.297,0.14502
2991.368,0.13558
2989.440,0.12909
2987.511,0.12482
2985.582,0.12203
2983.654,0.12022
2981.725,0.11921
2979.796,0.11875
2977.867,0.11870
2975.939,0.11913
2974.010,0.11992
2972.081,0.12090
2970.153,0.12221
2968.224,0.12384
2966.295,0.12566
2964.367,0.12774
2962.438,0.13000
2960.509,0.13219
2958.581,0.13438
2956.652,0.13675
2954.723,0.13945
2952.795,0.14292
2950.866,0.14702
2948.937,0.15022
2947.009,0.15104
2945.080,0.14988
2943.151,0.14851
2941.223,0.14853
2939.294,0.15046
2937.365,0.15404
2935.437,0.15904
2933.508,0.16547
2931.579,0.17314
2929.651,0.18207
2927.722,0.19256
2925.793,0.20480
2923.865,0.21847
2921.936,0.23222
2920.007,0.24270
2918.079,0.24495
2916.150,0.23598
2914.221,0.21875
2912.293,0.20021
2910.364,0.18528
2908.435,0.17467
2906.507,0.16720
2904.578,0.16182
2902.649,0.15776
2900.721,0.15431
2898.792,0.15117
2896.863,0.14826
2894.935,0.14541
2893.006,0.14265
2891.077,0.14007
2889.149,0.13748
2887.220,0.13480
2885.291,0.13215
2883.363,0.12949
2881.434,0.12684
2879.505,0.12450
2877.577,0.12267
2875.648,0.12152
2873.719,0.12121
2871.791,0.12148
2869.862,0.12204
2867.933,0.12321
2866.005,0.12539
2864.076,0.12876
2862.147,0.13359
2860.219,0.14001
2858.290,0.14837
2856.361,0.15998
2854.433,0.17640
2852.504,0.19644
2850.575,0.21213
2848.647,0.21243
2846.718,0.19700
2844.789,0.17746
2842.861,0.16272
2840.932,0.15363
2839.003,0.14802
2837.075,0.14407
2835.146,0.14053
2833.217,0.13687
2831.289,0.13308
2829.360,0.12902
2827.431,0.12475
2825.503,0.12071
2823.574,0.11720
2821.645,0.11441
2819.716,0.11259
2817.788,0.11167
2815.859,0.11132
2813.930,0.11142
2812.002,0.11174
2810.073,0.11200
2808.144,0.11223
2806.216,0.11233
2804.287,0.11194
2802.358,0.11095
2800.430,0.10933
2798.501,0.10697
2796.572,0.10418
2794.644,0.10142
2792.715,0.09888
2790.786,0.09676
2788.858,0.09519
2786.929,0.09391
2785.000,0.09282
2783.072,0.09206
2781.143,0.09147
2779.214,0.09098
2777.286,0.09073
2775.357,0.09062
2773.428,0.09049
2771.500,0.09045
2769.571,0.09042
2767.642,0.09029
2765.714,0.09032
2763.785,0.09059
2761.856,0.09104
2759.928,0.09184
2757.999,0.09296
2756.070,0.09414
2754.142,0.09545
2752.213,0.09698
2750.284,0.09838
2748.356,0.09928
2746.427,0.09924
2744.498,0.09795
2742.570,0.09584
2740.641,0.09360
2738.712,0.09143
2736.784,0.08950
2734.855,0.08803
2732.926,0.08683
2730.998,0.08575
2729.069,0.08491
2727.140,0.08417
2725.212,0.08341
2723.283,0.08281
2721.354,0.08232
2719.426,0.08185
2717.497,0.08162
2715.568,0.08159
2713.640,0.08154
2711.711,0.08167
2709.782,0.08202
2707.854,0.08232
2705.925,0.08262
2703.996,0.08289
2702.068,0.08282
2700.139,0.08258
2698.210,0.08243
2696.282,0.08225
2694.353,0.08215
2692.424,0.08230
2690.496,0.08248
2688.567,0.08265
2686.638,0.08295
2684.710,0.08310
2682.781,0.08303
2680.852,0.08303
2678.924,0.08311
2676.995,0.08323
2675.066,0.08358
2673.138,0.08386
2671.209,0.08379
2669.280,0.08358
2667.352,0.08323
2665.423,0.08264
2663.494,0.08208
2661.566,0.08160
2659.637,0.08100
2657.708,0.08050
2655.779,0.08015
2653.851,0.07973
2651.922,0.07938
2649.993,0.07924
2648.065,0.07910
2646.136,0.07907
2644.207,0.07925
2642.279,0.07934
2640.350,0.07935
2638.421,0.07953
2636.493,0.07967
2634.564,0.07973
2632.635,0.08003
2630.707,0.08042
2628.778,0.08084
2626.849,0.08153
2624.921,0.08227
2622.992,0.08278
2621.063,0.08324
2619.135,0.08357
2617.206,0.08358
2615.277,0.08354
2613.349,0.08353
2611.420,0.08342
2609.491,0.08349
2607.563,0.08376
2605.634,0.08388
2603.705,0.08393
2601.777,0.08394
2599.848,0.08366
2597.919,0.08327
2595.991,0.08310
2594.062,0.08299
2592.133,0.08300
2590.205,0.08332
2588.276,0.08361
2586.347,0.08378
2584.419,0.08403
2582.490,0.08411
2580.561,0.08387
2578.633,0.08352
2576.704,0.08294
2574.775,0.08209
2572.847,0.08138
2570.918,0.08079
2568.989,0.08013
2567.061,0.07967
2565.132,0.07932
2563.203,0.07880
2561.275,0.07835
2559.346,0.07807
2557.417,0.07776
2555.489,0.07767
2553.560,0.07794
2551.631,0.07826
2549.703,0.07873
2547.774,0.07948
2545.845,0.08007
2543.917,0.08046
2541.988,0.08080
2540.059,0.08079
2538.131,0.08045
2536.202,0.08011
2534.273,0.07956
2532.345,0.07878
2530.416,0.07811
2528.487,0.07745
2526.559,0.07670
2524.630,0.07622
2522.701,0.07591
2520.773,0.07552
2518.844,0.07538
2516.915,0.07550
2514.987,0.07565
2513.058,0.07606
2511.129,0.07673
2509.201,0.07729
2507.272,0.07792
2505.343,0.07868
2503.415,0.07920
2501.486,0.07959
2499.557,0.08001
2497.628,0.08016
2495.700,0.08017
2493.771,0.08042
2491.842,0.08071
2489.914,0.08106
2487.985,0.08175
2486.056,0.08249
2484.128,0.08311
2482.199,0.08383
2480.270,0.08431
2478.342,0.08443
2476.413,0.08469
2474.484,0.08506
2472.556,0.08527
2470.627,0.08553
2468.698,0.08569
2466.770,0.08542
2464.841,0.08503
2462.912,0.08463
2460.984,0.08403
2459.055,0.08358
2457.126,0.08347
2455.198,0.08330
2453.269,0.08312
2451.340,0.08299
2449.412,0.08251
2447.483,0.08186
2445.554,0.08142
2443.626,0.08088
2441.697,0.08024
2439.768,0.07986
2437.840,0.07957
2435.911,0.07940
2433.982,0.07969
2432.054,0.08016
2430.125,0.08054
2428.196,0.08115
2426.268,0.08180
2424.339,0.08217
2422.410,0.08245
2420.482,0.08244
2418.553,0.08176
2416.624,0.08094
2414.696,0.08029
2412.767,0.07969
2410.838,0.07945
2408.910,0.07960
2406.981,0.07961
2405.052,0.07951
2403.124,0.07945
2401.195,0.07916
2399.266,0.07886
2397.338,0.07893
2395.409,0.07906
2393.480,0.07926
2391.552,0.07989
2389.623,0.08066
2387.694,0.08151
2385.766,0.08278
2383.837,0.08407
2381.908,0.08507
2379.980,0.08599
2378.051,0.08654
2376.122,0.08638
2374.194,0.08593
2372.265,0.08530
2370.336,0.08440
2368.408,0.08376
2366.479,0.08347
2364.550,0.08318
2362.622,0.08316
2360.693,0.08346
2358.764,0.08361
2356.836,0.08377
2354.907,0.08415
2352.978,0.08433
2351.050,0.08438
2349.121,0.08454
2347.192,0.08437
2345.264,0.08380
2343.335,0.08309
2341.406,0.08191
2339.478,0.08028
2337.549,0.07880
2335.620,0.07739
2333.691,0.07604
2331.763,0.07518
2329.834,0.07462
2327.905,0.07406
2325.977,0.07386
2324.048,0.07391
2322.119,0.07382
2320.191,0.07394
2318.262,0.07429
2316.333,0.07451
2314.405,0.07498
2312.476,0.07583
2310.547,0.07661
2308.619,0.07752
2306.690,0.07870
2304.761,0.07968
2302.833,0.08051
2300.904,0.08141
2298.975,0.08181
2297.047,0.08164
2295.118,0.08126
2293.189,0.08048
2291.261,0.07944
2289.332,0.07871
2287.403,0.07808
2285.475,0.07739
2283.546,0.07708
2281.617,0.07691
2279.689,0.07656
2277.760,0.07645
2275.831,0.07645
2273.903,0.07622
2271.974,0.07617
2270.045,0.07630
2268.117,0.07619
2266.188,0.07611
2264.259,0.07611
2262.331,0.07577
2260.402,0.07538
2258.473,0.07522
2256.545,0.07487
2254.616,0.07452
2252.687,0.07447
2250.759,0.07423
2248.830,0.07378
2246.901,0.07350
2244.973,0.07307
2243.044,0.07252
2241.115,0.07229
2239.187,0.07206
2237.258,0.07165
2235.329,0.07150
2233.401,0.07137
2231.472,0.07099
2229.543,0.07077
2227.615,0.07062
2225.686,0.07025
2223.757,0.07010
2221.829,0.07014
2219.900,0.06993
2217.971,0.06986
2216.043,0.07003
2214.114,0.06996
2212.185,0.06990
2210.257,0.07013
2208.328,0.07024
2206.399,0.07046
2204.471,0.07112
2202.542,0.07173
2200.613,0.07235
2198.685,0.07326
2196.756,0.07395
2194.827,0.07432
2192.899,0.07475
2190.970,0.07485
2189.041,0.07449
2187.113,0.07427
2185.184,0.07405
2183.255,0.07371
2181.327,0.07370
2179.398,0.07379
2177.469,0.07357
2175.540,0.07354
2173.612,0.07376
2171.683,0.07384
2169.754,0.07414
2167.826,0.07464
2165.897,0.07481
2163.968,0.07493
2162.040,0.07516
2160.111,0.07503
2158.182,0.07475
2156.254,0.07459
2154.325,0.07416
2152.396,0.07365
2150.468,0.07348
2148.539,0.07323
2146.610,0.07293
2144.682,0.07299
2142.753,0.07298
2140.824,0.07274
2138.896,0.07282
2136.967,0.07297
2135.038,0.07301
2133.110,0.07337
2131.181,0.07380
2129.252,0.07385
2127.324,0.07392
2125.395,0.07394
2123.466,0.07358
2121.538,0.07332
2119.609,0.07329
2117.680,0.07306
2115.752,0.07301
2113.823,0.07326
2111.894,0.07326
2109.966,0.07319
2108.037,0.07340
2106.108,0.07344
2104.180,0.07345
2102.251,0.07376
2100.322,0.07381
2098.394,0.07363
2096.465,0.07367
2094.536,0.07354
2092.608,0.07310
2090.679,0.07284
2088.750,0.07251
2086.822,0.07199
2084.893,0.07187
2082.964,0.07197
2081.036,0.07198
2079.107,0.07238
2077.178,0.07308
2075.250,0.07369
2073.321,0.07460
2071.392,0.07574
2069.464,0.07652
2067.535,0.07719
2065.606,0.07777
2063.678,0.07771
2061.749,0.07738
2059.820,0.07717
2057.892,0.07666
2055.963,0.07611
2054.034,0.07587
2052.106,0.07546
2050.177,0.07493
2048.248,0.07472
2046.320,0.07446
2044.391,0.07411
2042.462,0.07423
2040.534,0.07446
2038.605,0.07462
2036.676,0.07520
2034.748,0.07590
2032.819,0.07637
2030.890,0.07709
2028.962,0.07787
2027.033,0.07821
2025.104,0.07851
2023.176,0.07870
2021.247,0.07835
2019.318,0.07802
2017.390,0.07795
2015.461,0.07771
2013.532,0.07767
2011.603,0.07806
2009.675,0.07830
2007.746,0.07853
2005.817,0.07905
2003.889,0.07922
2001.960,0.07913
2000.031,0.07922
1998.103,0.07908
1996.174,0.07880
1994.245,0.07897
1992.317,0.07923
1990.388,0.07942
1988.459,0.08008
1986.531,0.08083
1984.602,0.08130
1982.673,0.08200
1980.745,0.08271
1978.816,0.08302
1976.887,0.08344
1974.959,0.08391
1973.030,0.08397
1971.101,0.08417
1969.173,0.08460
1967.244,0.08472
1965.315,0.08493
1963.387,0.08542
1961.458,0.08559
1959.529,0.08568
1957.601,0.08603
1955.672,0.08609
1953.743,0.08606
1951.815,0.08638
1949.886,0.08653
1947.957,0.08657
1946.029,0.08701
1944.100,0.08736
1942.171,0.08742
1940.243,0.08766
1938.314,0.08773
1936.385,0.08740
1934.457,0.08737
1932.528,0.08747
1930.599,0.08737
1928.671,0.08764
1926.742,0.08814
1924.813,0.08840
1922.885,0.08890
1920.956,0.08963
1919.027,0.08999
1917.099,0.09035
1915.170,0.09083
1913.241,0.09085
1911.313,0.09079
1909.384,0.09100
1907.455,0.09089
1905.527,0.09070
1903.598,0.09087
1901.669,0.09082
1899.741,0.09064
1897.812,0.09089
1895.883,0.09107
1893.955,0.09112
1892.026,0.09166
1890.097,0.09224
1888.169,0.09261
1886.240,0.09335
1884.311,0.09414
1882.383,0.09462
1880.454,0.09539
1878.525,0.09623
1876.597,0.09663
1874.668,0.09709
1872.739,0.09761
1870.811,0.09772
1868.882,0.09797
1866.953,0.09847
1865.025,0.09861
1863.096,0.09885
1861.167,0.09938
1859.239,0.09947
1857.310,0.09940
1855.381,0.09960
1853.452,0.09954
1851.524,0.09947
1849.595,0.09996
1847.666,0.10046
1845.738,0.10092
1843.809,0.10185
1841.880,0.10264
1839.952,0.10315
1838.023,0.10398
1836.094,0.10470
1834.166,0.10504
1832.237,0.10576
1830.308,0.10658
1828.380,0.10708
1826.451,0.10792
1824.522,0.10893
1822.594,0.10956
1820.665,0.11043
1818.736,0.11161
1816.808,0.11249
1814.879,0.11359
1812.950,0.11511
1811.022,0.11630
1809.093,0.11741
1807.164,0.11867
1805.236,0.11937
1803.307,0.11979
1801.378,0.12045
1799.450,0.12075
1797.521,0.12090
1795.592,0.12155
1793.664,0.12213
1791.735,0.12257
1789.806,0.12353
1787.878,0.12460
1785.949,0.12562
1784.020,0.12728
1782.092,0.12919
1780.163,0.13099
1778.234,0.13329
1776.306,0.13574
1774.377,0.13767
1772.448,0.13947
1770.520,0.14091
1768.591,0.14139
1766.662,0.14166
1764.734,0.14207
1762.805,0.14225
1760.876,0.14276
1758.948,0.14384
1757.019,0.14478
1755.090,0.14590
1753.162,0.14759
1751.233,0.14916
1749.304,0.15075
1747.376,0.15287
1745.447,0.15488
1743.518,0.15686
1741.590,0.15936
1739.661,0.16173
1737.732,0.16382
1735.804,0.16628
1733.875,0.16862
1731.946,0.17055
1730.018,0.17284
1728.089,0.17516
1726.160,0.17716
1724.232,0.17959
1722.303,0.18233
1720.374,0.18496
1718.446,0.18814
1716.517,0.19168
1714.588,0.19470
1712.660,0.19768
1710.731,0.20093
1708.802,0.20405
1706.874,0.20759
1704.945,0.21135
1703.016,0.21387
1701.088,0.21545
1699.159,0.21732
1697.230,0.21923
1695.302,0.22108
1693.373,0.22336
1691.444,0.22583
1689.515,0.22854
1687.587,0.23161
1685.658,0.23413
1683.729,0.23609
1681.801,0.23851
1679.872,0.24124
1677.943,0.24411
1676.015,0.24762
1674.086,0.25137
1672.157,0.25499
1670.229,0.25916
1668.300,0.26361
1666.371,0.26798
1664.443,0.27295
1662.514,0.27843
1660.585,0.28391
1658.657,0.29001
1656.728,0.29692
1654.799,0.30415
1652.871,0.31209
1650.942,0.32080
1649.013,0.32963
1647.085,0.33869
1645.156,0.34793
1643.227,0.35671
1641.299,0.36544
1639.370,0.37477
1637.441,0.38459
1635.513,0.39541
1633.584,0.40792
1631.655,0.42191
1629.727,0.43752
1627.798,0.45517
1625.869,0.47456
1623.941,0.49575
1622.012,0.51946
1620.083,0.54598
1618.155,0.57581
1616.226,0.60986
1614.297,0.64866
1612.369,0.69364
1610.440,0.74829
1608.511,0.81766
1606.583,0.90779
1604.654,1.02364
1602.725,1.16360
1600.797,1.31214
1598.868,1.43815
1596.939,1.51768
1595.011,1.55963
1593.082,1.57113
1591.153,1.51475
1589.225,1.37374
1587.296,1.21272
1585.367,1.09502
1583.439,1.04297
1581.510,1.05617
1579.581,1.12302
1577.653,1.22014
1575.724,1.31058
1573.795,1.35321
1571.867,1.32188
1569.938,1.21869
1568.009,1.07353
1566.081,0.92202
1564.152,0.78507
1562.223,0.66941
1560.295,0.57523
1558.366,0.50148
1556.437,0.44838
1554.509,0.41646
1552.580,0.40448
1550.651,0.41105
1548.723,0.43822
1546.794,0.49161
1544.865,0.57756
1542.937,0.69514
1541.008,0.82121
1539.079,0.91630
1537.151,0.97562
1535.222,1.02887
1533.293,1.06962
1531.364,1.04753
1529.436,0.95026
1527.507,0.82407
1525.578,0.70812
1523.650,0.61471
1521.721,0.54215
1519.792,0.48589
1517.864,0.44183
1515.935,0.40617
1514.006,0.37694
1512.078,0.35393
1510.149,0.33569
1508.220,0.31959
1506.292,0.30430
1504.363,0.28939
1502.434,0.27542
1500.506,0.26414
1498.577,0.25571
1496.648,0.24885
1494.720,0.24309
1492.791,0.23743
1490.862,0.23099
1488.934,0.22506
1487.005,0.22087
1485.076,0.21878
1483.148,0.22008
1481.219,0.22520
1479.290,0.23373
1477.362,0.24749
1475.433,0.26705
1473.504,0.28749
1471.576,0.30668
1469.647,0.33341
1467.718,0.38084
1465.790,0.46084
1463.861,0.58074
1461.932,0.72446
1460.004,0.81990
1458.075,0.77877
1456.146,0.63805
1454.218,0.49493
1452.289,0.39202
1450.360,0.33150
1448.432,0.30448
1446.503,0.30348
1444.574,0.32426
1442.646,0.36632
1440.717,0.43227
1438.788,0.52123
1436.860,0.61763
1434.931,0.68394
1433.002,0.68885
1431.074,0.65260
1429.145,0.62186
1427.216,0.62377
1425.288,0.65277
1423.359,0.66245
1421.430,0.60100
1419.502,0.49357
1417.573,0.40032
1415.644,0.34396
1413.716,0.31872
1411.787,0.31426
1409.858,0.32371
1407.930,0.34305
1406.001,0.37178
1404.072,0.41202
1402.144,0.46597
1400.215,0.53760
1398.286,0.63232
1396.358,0.74809
1394.429,0.86797
1392.500,0.96702
1390.572,1.02351
1388.643,1.01372
1386.714,0.92829
1384.786,0.79840
1382.857,0.66802
1380.928,0.56554
1379.000,0.49987
1377.071,0.45644
1375.142,0.40695
1373.214,0.34485
1371.285,0.29058
1369.356,0.25915
1367.427,0.25002
1365.499,0.25730
1363.570,0.27835
1361.641,0.31417
1359.713,0.36665
1357.784,0.43862
1355.855,0.52945
1353.927,0.62242
1351.998,0.67909
1350.069,0.66802
1348.141,0.60557
1346.212,0.53372
1344.283,0.47784
1342.355,0.44291
1340.426,0.42757
1338.497,0.42937
1336.569,0.44105
1334.640,0.45476
1332.711,0.47170
1330.783,0.49934
1328.854,0.54268
1326.925,0.60084
1324.997,0.66579
1323.068,0.72390
1321.139,0.76426
1319.211,0.78798
1317.282,0.80787
1315.353,0.83604
1313.425,0.86853
1311.496,0.88038
1309.567,0.84592
1307.639,0.77039
1305.710,0.68360
1303.781,0.61023
1301.853,0.55899
1299.924,0.52740
1297.995,0.51059
1296.067,0.50602
1294.138,0.51254
1292.209,0.52991
1290.281,0.55901
1288.352,0.60117
1286.423,0.66021
1284.495,0.74418
1282.566,0.86365
1280.637,1.02777
1278.709,1.23544
1276.780,1.45893
1274.851,1.64211
1272.923,1.76448
1270.994,1.86738
1269.065,1.94807
1267.137,1.90565
1265.208,1.69997
1263.279,1.44426
1261.351,1.21922
1259.422,1.04047
1257.493,0.90202
1255.565,0.79676
1253.636,0.72160
1251.707,0.67494
1249.779,0.65040
1247.850,0.63524
1245.921,0.62170
1243.993,0.61716
1242.064,0.63534
1240.135,0.68258
1238.207,0.75187
1236.278,0.82142
1234.349,0.86207
1232.421,0.85866
1230.492,0.82260
1228.563,0.77682
1226.635,0.74005
1224.706,0.72536
1222.777,0.73927
1220.849,0.77461
1218.920,0.80500
1216.991,0.79866
1215.063,0.74955
1213.134,0.67950
1211.205,0.61074
1209.277,0.55292
1207.348,0.50699
1205.419,0.47086
1203.490,0.44071
1201.562,0.41268
1199.633,0.38639
1197.704,0.36327
1195.776,0.34315
1193.847,0.32591
1191.918,0.31164
1189.990,0.29900
1188.061,0.28740
1186.132,0.27734
1184.204,0.26784
1182.275,0.25829
1180.346,0.24943
1178.418,0.24082
1176.489,0.23226
1174.560,0.22484
1172.632,0.21805
1170.703,0.21120
1168.774,0.20530
1166.846,0.20003
1164.917,0.19463
1162.988,0.19016
1161.060,0.18652
1159.131,0.18286
1157.202,0.18034
1155.274,0.17916
1153.345,0.17830
1151.416,0.17839
1149.488,0.17896
1147.559,0.17789
1145.630,0.17537
1143.702,0.17208
1141.773,0.16736
1139.844,0.16233
1137.916,0.15818
1135.987,0.15417
1134.058,0.15102
1132.130,0.14940
1130.201,0.14703
1128.272,0.14285
1126.344,0.13781
1124.415,0.13180
1122.486,0.12572
1120.558,0.12116
1118.629,0.11712
1116.700,0.11310
1114.772,0.11031
1112.843,0.10782
1110.914,0.10504
1108.986,0.10327
1107.057,0.10169
1105.128,0.09940
1103.200,0.09787
1101.271,0.09672
1099.342,0.09512
1097.414,0.09465
1095.485,0.09537
1093.556,0.09665
1091.628,0.10009
1089.699,0.10521
1087.770,0.10920
1085.842,0.11159
1083.913,0.11222
1081.984,0.11066
1080.056,0.10895
1078.127,0.10814
1076.198,0.10736
1074.270,0.10770
1072.341,0.10980
1070.412,0.11258
1068.484,0.11695
1066.555,0.12373
1064.626,0.13180
1062.698,0.14176
1060.769,0.15445
1058.840,0.16896
1056.912,0.18622
1054.983,0.20827
1053.054,0.23635
1051.126,0.27417
1049.197,0.32786
1047.268,0.40443
1045.339,0.51381
1043.411,0.66281
1041.482,0.82580
1039.553,0.90619
1037.625,0.83503
1035.696,0.69602
1033.767,0.56865
1031.839,0.47335
1029.910,0.41082
1027.981,0.37727
1026.053,0.36760
1024.124,0.37557
1022.195,0.39247
1020.267,0.40786
1018.338,0.41113
1016.409,0.39602
1014.481,0.36589
1012.552,0.32887
1010.623,0.29042
1008.695,0.25415
1006.766,0.22239
1004.837,0.19477
1002.909,0.17131
1000.980,0.15300
999.051,0.13876
997.123,0.12766
995.194,0.12017
993.265,0.11496
991.337,0.11106
989.408,0.10945
987.479,0.10950
985.551,0.11066
983.622,0.11420
981.693,0.11976
979.765,0.12685
977.836,0.13689
975.907,0.14969
973.979,0.16453
972.050,0.18259
970.121,0.20365
968.193,0.22603
966.264,0.24934
964.335,0.27325
962.407,0.29804
960.478,0.32598
958.549,0.35938
956.621,0.40036
954.692,0.45185
952.763,0.51551
950.835,0.58860
948.906,0.65829
946.977,0.70006
945.049,0.69967
943.120,0.67302
941.191,0.64701
939.263,0.63911
937.334,0.65824
935.405,0.70993
933.477,0.79819
931.548,0.92466
929.619,1.08302
927.691,1.24738
925.762,1.36424
923.833,1.38794
921.905,1.34408
919.976,1.29274
918.047,1.26388
916.119,1.25406
914.190,1.24360
912.261,1.21151
910.333,1.14765
908.404,1.05818
906.475,0.95838
904.547,0.86140
902.618,0.77345
900.689,0.69644
898.761,0.63068
896.832,0.57515
894.903,0.52893
892.975,0.49294
891.046,0.47059
889.117,0.47036
887.189,0.50487
885.260,0.57563
883.331,0.64900
881.402,0.66629
879.474,0.61787
877.545,0.54780
875.616,0.48601
873.688,0.43761
871.759,0.39906
869.830,0.36743
867.902,0.34100
865.973,0.31821
864.044,0.29906
862.116,0.28415
860.187,0.27397
858.258,0.27378
856.330,0.29400
854.401,0.33226
852.472,0.36133
850.544,0.36659
848.615,0.37551
846.686,0.41052
844.758,0.45188
842.829,0.45549
840.900,0.41156
838.972,0.35371
837.043,0.30636
835.114,0.27339
833.186,0.25236
831.257,0.23830
829.328,0.22667
827.400,0.21673
825.471,0.20834
823.542,0.20101
821.614,0.19550
819.685,0.19122
817.756,0.18697
815.828,0.18337
813.899,0.18000
811.970,0.17595
810.042,0.17247
808.113,0.16994
806.184,0.16810
804.256,0.16900
802.327,0.17422
800.398,0.18500
798.470,0.20543
796.541,0.24046
794.612,0.29632
792.684,0.38273
790.755,0.50684
788.826,0.66034
786.898,0.81003
784.969,0.91381
783.040,0.95125
781.112,0.91068
779.183,0.79771
777.254,0.65905
775.326,0.53820
773.397,0.44787
771.468,0.38221
769.540,0.33333
767.611,0.29725
765.682,0.27178
763.754,0.25698
761.825,0.25620
759.896,0.27861
757.968,0.34257
756.039,0.45227
754.110,0.54379
752.182,0.52355
750.253,0.43344
748.324,0.35559
746.396,0.30939
744.467,0.28970
742.538,0.29086
740.610,0.30518
738.681,0.31810
736.752,0.31453
734.824,0.29513
732.895,0.27407
730.966,0.25800
729.038,0.24302
727.109,0.22843
725.180,0.21752
723.251,0.21111
721.323,0.20861
719.394,0.20595
717.465,0.19809
715.537,0.18813
713.608,0.18111
711.679,0.17584
709.751,0.17113
707.822,0.16775
705.893,0.16435
703.965,0.16058
702.036,0.15783
700.107,0.15508
698.179,0.15188
696.250,0.14982
694.321,0.14790
692.393,0.14533
690.464,0.14371
688.535,0.14231
686.607,0.14035
684.678,0.13972
682.749,0.14022
680.821,0.14129
678.892,0.14548
676.963,0.15339
675.035,0.16339
673.106,0.17374
671.177,0.17894
669.249,0.17470
667.320,0.16510
665.391,0.15515
663.463,0.14667
661.534,0.14177
659.605,0.13922
657.677,0.13507
655.748,0.12993
653.819,0.12550
651.891,0.12119
649.962,0.11829
648.033,0.11716
646.105,0.11555
644.176,0.11421
642.247,0.11395
640.319,0.11278
638.390,0.11168
636.461,0.11211
634.533,0.11290
632.604,0.11590
630.675,0.12336
628.747,0.13263
626.818,0.14115
624.889,0.14838
622.961,0.15475
621.032,0.16430
619.103,0.18055
617.175,0.20311
615.246,0.23389
613.317,0.27667
611.389,0.33100
609.460,0.39243
607.531,0.45098
605.603,0.49029
603.674,0.50038
601.745,0.48544
599.817,0.45685
597.888,0.43174
595.959,0.42905
594.031,0.45298
592.102,0.48377
590.173,0.49856
588.245,0.49389
586.316,0.47120
584.387,0.43042
582.459,0.38007
580.530,0.33212
578.601,0.29397
576.673,0.26550
574.744,0.24299
572.815,0.22574
570.887,0.21278
568.958,0.20124
567.029,0.19166
565.101,0.18444
563.172,0.17733
561.243,0.17124
559.314,0.16697
557.386,0.16226
555.457,0.15795
553.528,0.15513
551.600,0.15162
549.671,0.14826
547.742,0.14635
545.814,0.14356
543.885,0.14065
541.956,0.13928
540.028,0.13719
538.099,0.13489
536.170,0.13411
534.242,0.13251
532.313,0.13048
530.384,0.12999
528.456,0.12881
526.527,0.12703
524.598,0.12676
522.670,0.12597
520.741,0.12470
518.812,0.12504
516.884,0.12504
514.955,0.12466
513.026,0.12622
511.098,0.12801
509.169,0.12991
507.240,0.13421
505.312,0.13933
503.383,0.14518
501.454,0.15425
499.526,0.16499
497.597,0.17680
495.668,0.19149
493.740,0.20644
491.811,0.21932
489.882,0.23089
487.954,0.23872
486.025,0.24169
484.096,0.24187
482.168,0.23816
480.239,0.23120
478.310,0.22478
476.382,0.21906
474.453,0.21510
472.524,0.21666
470.596,0.22415
468.667,0.23902
466.738,0.26408
464.810,0.29382
462.881,0.31776
460.952,0.32880
459.024,0.32308
457.095,0.30490
455.166,0.28451
453.238,0.26565
451.309,0.24886
449.380,0.23618
447.452,0.22539
445.523,0.21440
443.594,0.20575
441.666,0.19886
439.737,0.19190
437.808,0.18639
435.880,0.18048
433.951,0.17239
432.022,0.16568
430.094,0.16061
428.165,0.15576
426.236,0.15363
424.308,0.15369
422.379,0.15482
420.450,0.16092
418.522,0.17291
416.593,0.19125
414.664,0.21941
412.736,0.24980
410.807,0.26726
408.878,0.26862
406.950,0.25867
405.021,0.24419
403.092,0.23340
401.163,0.22768
399.235,0.22441
