6999.146,0.33398
6997.217,0.33382
6995.288,0.33363
6993.360,0.33351
6991.431,0.33341
6989.502,0.33326
6987.574,0.33312
6985.645,0.33302
6983.716,0.33302
6981.788,0.33302
6979.859,0.33285
6977.930,0.33257
6976.002,0.33229
6974.073,0.33204
6972.144,0.33198
6970.216,0.33212
6968.287,0.33221
6966.358,0.33217
6964.430,0.33205
6962.501,0.33182
6960.572,0.33159
6958.644,0.33153
6956.715,0.33154
6954.786,0.33130
6952.858,0.33090
6950.929,0.33065
6949.000,0.33064
6947.072,0.33079
6945.143,0.33098
6943.214,0.33099
6941.286,0.33088
6939.357,0.33077
6937.428,0.33049
6935.500,0.33010
6933.571,0.32988
6931.642,0.32975
6929.714,0.32953
6927.785,0.32936
6925.856,0.32929
6923.928,0.32921
6921.999,0.32926
6920.070,0.32936
6918.142,0.32920
6916.213,0.32898
6914.284,0.32893
6912.356,0.32875
6910.427,0.32829
6908.498,0.32794
6906.570,0.32799
6904.641,0.32821
6902.712,0.32817
6900.784,0.32787
6898.855,0.32775
6896.926,0.32792
6894.998,0.32798
6893.069,0.32769
6891.140,0.32724
6889.212,0.32690
6887.283,0.32675
6885.354,0.32677
6883.426,0.32682
6881.497,0.32674
6879.568,0.32650
6877.640,0.32623
6875.711,0.32607
6873.782,0.32598
6871.854,0.32579
6869.925,0.32565
6867.996,0.32564
6866.068,0.32556
6864.139,0.32526
6862.210,0.32492
6860.282,0.32479
6858.353,0.32481
6856.424,0.32473
6854.496,0.32451
6852.567,0.32424
6850.638,0.32386
6848.709,0.32355
6846.781,0.32346
6844.852,0.32348
6842.923,0.32348
6840.995,0.32339
6839.066,0.32322
6837.137,0.32311
6835.209,0.32300
6833.280,0.32279
6831.351,0.32253
6829.423,0.32224
6827.494,0.32195
6825.565,0.32172
6823.637,0.32151
6821.708,0.32133
6819.779,0.32117
6817.851,0.32103
6815.922,0.32097
6813.993,0.32103
6812.065,0.32108
6810.136,0.32094
6808.207,0.32066
6806.279,0.32051
6804.350,0.32040
6802.421,0.32015
6800.493,0.31988
6798.564,0.31968
6796.635,0.31950
6794.707,0.31932
6792.778,0.31917
6790.849,0.31905
6788.921,0.31889
6786.992,0.31858
6785.063,0.31825
6783.135,0.31805
6781.206,0.31786
6779.277,0.31763
6777.349,0.31749
6775.420,0.31748
6773.491,0.31754
6771.563,0.31756
6769.634,0.31740
6767.705,0.31707
6765.777,0.31675
6763.848,0.31665
6761.919,0.31674
6759.991,0.31672
6758.062,0.31647
6756.133,0.31625
6754.205,0.31617
6752.276,0.31607
6750.347,0.31586
6748.419,0.31564
6746.490,0.31550
6744.561,0.31533
6742.633,0.31513
6740.704,0.31508
6738.775,0.31506
6736.847,0.31492
6734.918,0.31473
6732.989,0.31456
6731.061,0.31446
6729.132,0.31451
6727.203,0.31460
6725.275,0.31447
6723.346,0.31417
6721.417,0.31389
6719.489,0.31373
6717.560,0.31364
6715.631,0.31354
6713.703,0.31342
6711.774,0.31325
6709.845,0.31312
6707.917,0.31304
6705.988,0.31283
6704.059,0.31255
6702.131,0.31231
6700.202,0.31213
6698.273,0.31196
6696.345,0.31177
6694.416,0.31160
6692.487,0.31154
6690.558,0.31156
6688.630,0.31152
6686.701,0.31139
6684.772,0.31122
6682.844,0.31101
6680.915,0.31067
6678.986,0.31041
6677.058,0.31040
6675.129,0.31047
6673.200,0.31041
6671.272,0.31016
6669.343,0.30982
6667.414,0.30958
6665.486,0.30950
6663.557,0.30943
6661.628,0.30925
6659.700,0.30898
6657.771,0.30881
6655.842,0.30879
6653.914,0.30883
6651.985,0.30882
6650.056,0.30867
6648.128,0.30841
6646.199,0.30816
6644.270,0.30805
6642.342,0.30795
6640.413,0.30768
6638.484,0.30732
6636.556,0.30706
6634.627,0.30700
6632.698,0.30707
6630.770,0.30707
6628.841,0.30695
6626.912,0.30680
6624.984,0.30662
6623.055,0.30638
6621.126,0.30615
6619.198,0.30609
6617.269,0.30616
6615.340,0.30610
6613.412,0.30589
6611.483,0.30561
6609.554,0.30543
6607.626,0.30536
6605.697,0.30518
6603.768,0.30487
6601.840,0.30471
6599.911,0.30471
6597.982,0.30460
6596.054,0.30434
6594.125,0.30410
6592.196,0.30394
6590.268,0.30380
6588.339,0.30371
6586.410,0.30362
6584.482,0.30354
6582.553,0.30357
6580.624,0.30361
6578.696,0.30351
6576.767,0.30323
6574.838,0.30291
6572.910,0.30274
6570.981,0.30274
6569.052,0.30270
6567.124,0.30249
6565.195,0.30224
6563.266,0.30201
6561.338,0.30178
6559.409,0.30166
6557.480,0.30162
6555.552,0.30147
6553.623,0.30125
6551.694,0.30106
6549.766,0.30087
6547.837,0.30078
6545.908,0.30084
6543.980,0.30087
6542.051,0.30072
6540.122,0.30043
6538.194,0.30014
6536.265,0.29996
6534.336,0.29984
6532.408,0.29967
6530.479,0.29953
6528.550,0.29946
6526.621,0.29944
6524.693,0.29934
6522.764,0.29913
6520.835,0.29892
6518.907,0.29877
6516.978,0.29861
6515.049,0.29846
6513.121,0.29830
6511.192,0.29818
6509.263,0.29817
6507.335,0.29812
6505.406,0.29789
6503.477,0.29761
6501.549,0.29747
6499.620,0.29748
6497.691,0.29750
6495.763,0.29738
6493.834,0.29712
6491.905,0.29684
6489.977,0.29658
6488.048,0.29643
6486.119,0.29635
6484.191,0.29622
6482.262,0.29606
6480.333,0.29595
6478.405,0.29585
6476.476,0.29573
6474.547,0.29562
6472.619,0.29551
6470.690,0.29537
6468.761,0.29514
6466.833,0.29492
6464.904,0.29480
6462.975,0.29472
6461.047,0.29466
6459.118,0.29460
6457.189,0.29442
6455.261,0.29413
6453.332,0.29389
6451.403,0.29382
6449.475,0.29381
6447.546,0.29363
6445.617,0.29331
6443.689,0.29306
6441.760,0.29292
6439.831,0.29285
6437.903,0.29283
6435.974,0.29275
6434.045,0.29263
6432.117,0.29247
6430.188,0.29224
6428.259,0.29203
6426.331,0.29191
6424.402,0.29178
6422.473,0.29165
6420.545,0.29157
6418.616,0.29140
6416.687,0.29117
6414.759,0.29107
6412.830,0.29101
6410.901,0.29073
6408.973,0.29034
6407.044,0.29008
6405.115,0.29000
6403.187,0.28999
6401.258,0.28987
6399.329,0.28965
6397.401,0.28942
6395.472,0.28921
6393.543,0.28904
6391.615,0.28898
6389.686,0.28908
6387.757,0.28925
6385.829,0.28925
6383.900,0.28898
6381.971,0.28867
6380.043,0.28846
6378.114,0.28832
6376.185,0.28825
6374.257,0.28822
6372.328,0.28811
6370.399,0.28790
6368.471,0.28766
6366.542,0.28749
6364.613,0.28738
6362.684,0.28723
6360.756,0.28701
6358.827,0.28686
6356.898,0.28682
6354.970,0.28680
6353.041,0.28676
6351.112,0.28666
6349.184,0.28650
6347.255,0.28635
6345.326,0.28617
6343.398,0.28595
6341.469,0.28576
6339.540,0.28566
6337.612,0.28557
6335.683,0.28544
6333.754,0.28533
6331.826,0.28521
6329.897,0.28509
6327.968,0.28498
6326.040,0.28483
6324.111,0.28464
6322.182,0.28449
6320.254,0.28443
6318.325,0.28440
6316.396,0.28430
6314.468,0.28410
6312.539,0.28383
6310.610,0.28359
6308.682,0.28343
6306.753,0.28333
6304.824,0.28331
6302.896,0.28332
6300.967,0.28327
6299.038,0.28312
6297.110,0.28289
6295.181,0.28267
6293.252,0.28257
6291.324,0.28250
6289.395,0.28235
6287.466,0.28225
6285.538,0.28217
6283.609,0.28201
6281.680,0.28185
6279.752,0.28181
6277.823,0.28177
6275.894,0.28162
6273.966,0.28145
6272.037,0.28133
6270.108,0.28130
6268.180,0.28126
6266.251,0.28108
6264.322,0.28075
6262.394,0.28044
6260.465,0.28028
6258.536,0.28020
6256.608,0.28008
6254.679,0.27992
6252.750,0.27976
6250.822,0.27957
6248.893,0.27936
6246.964,0.27925
6245.036,0.27924
6243.107,0.27917
6241.178,0.27899
6239.250,0.27882
6237.321,0.27865
6235.392,0.27850
6233.464,0.27846
6231.535,0.27851
6229.606,0.27842
6227.678,0.27817
6225.749,0.27791
6223.820,0.27779
6221.892,0.27780
6219.963,0.27781
6218.034,0.27770
6216.106,0.27748
6214.177,0.27724
6212.248,0.27710
6210.320,0.27711
6208.391,0.27718
6206.462,0.27711
6204.533,0.27683
6202.605,0.27655
6200.676,0.27646
6198.747,0.27652
6196.819,0.27656
6194.890,0.27651
6192.961,0.27636
6191.033,0.27618
6189.104,0.27613
6187.175,0.27620
6185.247,0.27621
6183.318,0.27614
6181.389,0.27608
6179.461,0.27605
6177.532,0.27608
6175.603,0.27625
6173.675,0.27648
6171.746,0.27673
6169.817,0.27701
6167.889,0.27730
6165.960,0.27761
6164.031,0.27816
6162.103,0.27909
6160.174,0.28024
6158.245,0.28143
6156.317,0.28266
6154.388,0.28390
6152.459,0.28484
6150.531,0.28505
6148.602,0.28448
6146.673,0.28350
6144.745,0.28249
6142.816,0.28164
6140.887,0.28104
6138.959,0.28081
6137.030,0.28109
6135.101,0.28182
6133.173,0.28257
6131.244,0.28272
6129.315,0.28201
6127.387,0.28074
6125.458,0.27932
6123.529,0.27798
6121.601,0.27682
6119.672,0.27575
6117.743,0.27472
6115.815,0.27387
6113.886,0.27329
6111.957,0.27285
6110.029,0.27241
6108.100,0.27193
6106.171,0.27143
6104.243,0.27101
6102.314,0.27078
6100.385,0.27079
6098.457,0.27079
6096.528,0.27055
6094.599,0.27023
6092.671,0.26999
6090.742,0.26981
6088.813,0.26959
6086.885,0.26932
6084.956,0.26908
6083.027,0.26886
6081.099,0.26866
6079.170,0.26854
6077.241,0.26853
6075.313,0.26855
6073.384,0.26844
6071.455,0.26824
6069.527,0.26810
6067.598,0.26808
6065.669,0.26823
6063.741,0.26852
6061.812,0.26879
6059.883,0.26879
6057.955,0.26853
6056.026,0.26817
6054.097,0.26787
6052.169,0.26763
6050.240,0.26747
6048.311,0.26732
6046.383,0.26714
6044.454,0.26701
6042.525,0.26698
6040.596,0.26702
6038.668,0.26696
6036.739,0.26669
6034.810,0.26633
6032.882,0.26607
6030.953,0.26596
6029.024,0.26594
6027.096,0.26595
6025.167,0.26598
6023.238,0.26601
6021.310,0.26606
6019.381,0.26620
6017.452,0.26646
6015.524,0.26683
6013.595,0.26728
6011.666,0.26774
6009.738,0.26821
6007.809,0.26869
6005.880,0.26903
6003.952,0.26910
6002.023,0.26886
6000.094,0.26827
5998.166,0.26743
5996.237,0.26658
5994.308,0.26591
5992.380,0.26546
5990.451,0.26506
5988.522,0.26455
5986.594,0.26391
5984.665,0.26334
5982.736,0.26293
5980.808,0.26262
5978.879,0.26233
5976.950,0.26205
5975.022,0.26175
5973.093,0.26147
5971.164,0.26124
5969.236,0.26111
5967.307,0.26101
5965.378,0.26087
5963.450,0.26071
5961.521,0.26059
5959.592,0.26047
5957.664,0.26033
5955.735,0.26020
5953.806,0.26012
5951.878,0.26001
5949.949,0.25979
5948.020,0.25956
5946.092,0.25948
5944.163,0.25955
5942.234,0.25960
5940.306,0.25948
5938.377,0.25923
5936.448,0.25899
5934.520,0.25890
5932.591,0.25895
5930.662,0.25903
5928.734,0.25901
5926.805,0.25887
5924.876,0.25870
5922.948,0.25859
5921.019,0.25855
5919.090,0.25851
5917.162,0.25844
5915.233,0.25835
5913.304,0.25825
5911.376,0.25820
5909.447,0.25820
5907.518,0.25822
5905.590,0.25827
5903.661,0.25822
5901.732,0.25803
5899.804,0.25784
5897.875,0.25778
5895.946,0.25780
5894.018,0.25776
5892.089,0.25759
5890.160,0.25736
5888.232,0.25718
5886.303,0.25703
5884.374,0.25688
5882.445,0.25681
5880.517,0.25678
5878.588,0.25666
5876.659,0.25652
5874.731,0.25647
5872.802,0.25649
5870.873,0.25648
5868.945,0.25645
5867.016,0.25646
5865.087,0.25643
5863.159,0.25630
5861.230,0.25624
5859.301,0.25636
5857.373,0.25654
5855.444,0.25663
5853.515,0.25667
5851.587,0.25671
5849.658,0.25678
5847.729,0.25690
5845.801,0.25706
5843.872,0.25718
5841.943,0.25722
5840.015,0.25723
5838.086,0.25723
5836.157,0.25721
5834.229,0.25707
5832.300,0.25670
5830.371,0.25612
5828.443,0.25555
5826.514,0.25515
5824.585,0.25489
5822.657,0.25463
5820.728,0.25424
5818.799,0.25375
5816.871,0.25329
5814.942,0.25304
5813.013,0.25301
5811.085,0.25301
5809.156,0.25289
5807.227,0.25270
5805.299,0.25244
5803.370,0.25214
5801.441,0.25193
5799.513,0.25186
5797.584,0.25177
5795.655,0.25154
5793.727,0.25124
5791.798,0.25102
5789.869,0.25088
5787.941,0.25074
5786.012,0.25058
5784.083,0.25045
5782.155,0.25033
5780.226,0.25017
5778.297,0.24999
5776.369,0.24982
5774.440,0.24969
5772.511,0.24953
5770.583,0.24932
5768.654,0.24911
5766.725,0.24886
5764.797,0.24860
5762.868,0.24844
5760.939,0.24835
5759.011,0.24815
5757.082,0.24782
5755.153,0.24755
5753.225,0.24742
5751.296,0.24736
5749.367,0.24728
5747.439,0.24712
5745.510,0.24693
5743.581,0.24674
5741.653,0.24660
5739.724,0.24650
5737.795,0.24638
5735.867,0.24624
5733.938,0.24614
5732.009,0.24606
5730.081,0.24598
5728.152,0.24593
5726.223,0.24594
5724.295,0.24597
5722.366,0.24593
5720.437,0.24588
5718.508,0.24589
5716.580,0.24594
5714.651,0.24598
5712.722,0.24607
5710.794,0.24622
5708.865,0.24640
5706.936,0.24662
5705.008,0.24688
5703.079,0.24713
5701.150,0.24730
5699.222,0.24733
5697.293,0.24709
5695.364,0.24662
5693.436,0.24608
5691.507,0.24557
5689.578,0.24510
5687.650,0.24468
5685.721,0.24429
5683.792,0.24389
5681.864,0.24357
5679.935,0.24344
5678.006,0.24339
5676.078,0.24325
5674.149,0.24302
5672.220,0.24274
5670.292,0.24248
5668.363,0.24231
5666.434,0.24223
5664.506,0.24212
5662.577,0.24191
5660.648,0.24164
5658.720,0.24141
5656.791,0.24122
5654.862,0.24104
5652.934,0.24081
5651.005,0.24050
5649.076,0.24019
5647.148,0.23998
5645.219,0.23984
5643.290,0.23970
5641.362,0.23956
5639.433,0.23937
5637.504,0.23911
5635.576,0.23888
5633.647,0.23876
5631.718,0.23870
5629.790,0.23862
5627.861,0.23852
5625.932,0.23835
5624.004,0.23816
5622.075,0.23800
5620.146,0.23790
5618.218,0.23788
5616.289,0.23783
5614.360,0.23764
5612.432,0.23740
5610.503,0.23724
5608.574,0.23721
5606.646,0.23719
5604.717,0.23709
5602.788,0.23691
5600.860,0.23663
5598.931,0.23631
5597.002,0.23611
5595.074,0.23607
5593.145,0.23605
5591.216,0.23591
5589.288,0.23561
5587.359,0.23531
5585.430,0.23516
5583.502,0.23512
5581.573,0.23504
5579.644,0.23487
5577.716,0.23462
5575.787,0.23437
5573.858,0.23417
5571.930,0.23405
5570.001,0.23397
5568.072,0.23387
5566.144,0.23371
5564.215,0.23349
5562.286,0.23329
5560.357,0.23318
5558.429,0.23316
5556.500,0.23316
5554.571,0.23302
5552.643,0.23277
5550.714,0.23251
5548.785,0.23235
5546.857,0.23231
5544.928,0.23227
5542.999,0.23215
5541.071,0.23196
5539.142,0.23175
5537.213,0.23160
5535.285,0.23157
5533.356,0.23159
5531.427,0.23149
5529.499,0.23123
5527.570,0.23094
5525.641,0.23075
5523.713,0.23071
5521.784,0.23074
5519.855,0.23069
5517.927,0.23055
5515.998,0.23036
5514.069,0.23020
5512.141,0.23012
5510.212,0.23014
5508.283,0.23015
5506.355,0.23004
5504.426,0.22980
5502.497,0.22957
5500.569,0.22943
5498.640,0.22940
5496.711,0.22939
5494.783,0.22928
5492.854,0.22910
5490.925,0.22892
5488.997,0.22878
5487.068,0.22867
5485.139,0.22853
5483.211,0.22835
5481.282,0.22811
5479.353,0.22784
5477.425,0.22761
5475.496,0.22749
5473.567,0.22744
5471.639,0.22732
5469.710,0.22710
5467.781,0.22683
5465.853,0.22661
5463.924,0.22650
5461.995,0.22650
5460.067,0.22643
5458.138,0.22621
5456.209,0.22599
5454.281,0.22585
5452.352,0.22574
5450.423,0.22564
5448.495,0.22555
5446.566,0.22541
5444.637,0.22520
5442.709,0.22499
5440.780,0.22485
5438.851,0.22478
5436.923,0.22472
5434.994,0.22458
5433.065,0.22437
5431.137,0.22418
5429.208,0.22406
5427.279,0.22400
5425.351,0.22396
5423.422,0.22389
5421.493,0.22376
5419.565,0.22361
5417.636,0.22345
5415.707,0.22333
5413.779,0.22326
5411.850,0.22319
5409.921,0.22307
5407.993,0.22289
5406.064,0.22268
5404.135,0.22254
5402.207,0.22254
5400.278,0.22255
5398.349,0.22241
5396.420,0.22220
5394.492,0.22201
5392.563,0.22188
5390.634,0.22183
5388.706,0.22181
5386.777,0.22170
5384.848,0.22145
5382.920,0.22113
5380.991,0.22096
5379.062,0.22100
5377.134,0.22104
5375.205,0.22088
5373.276,0.22062
5371.348,0.22045
5369.419,0.22035
5367.490,0.22028
5365.562,0.22025
5363.633,0.22022
5361.704,0.22007
5359.776,0.21984
5357.847,0.21964
5355.918,0.21951
5353.990,0.21946
5352.061,0.21943
5350.132,0.21934
5348.204,0.21921
5346.275,0.21904
5344.346,0.21887
5342.418,0.21876
5340.489,0.21872
5338.560,0.21863
5336.632,0.21847
5334.703,0.21829
5332.774,0.21815
5330.846,0.21809
5328.917,0.21805
5326.988,0.21797
5325.060,0.21781
5323.131,0.21760
5321.202,0.21738
5319.274,0.21721
5317.345,0.21715
5315.416,0.21713
5313.488,0.21703
5311.559,0.21684
5309.630,0.21662
5307.702,0.21642
5305.773,0.21632
5303.844,0.21631
5301.916,0.21622
5299.987,0.21603
5298.058,0.21585
5296.130,0.21574
5294.201,0.21569
5292.272,0.21563
5290.344,0.21550
5288.415,0.21531
5286.486,0.21512
5284.558,0.21500
5282.629,0.21497
5280.700,0.21498
5278.772,0.21493
5276.843,0.21476
5274.914,0.21456
5272.986,0.21441
5271.057,0.21431
5269.128,0.21427
5267.200,0.21422
5265.271,0.21407
5263.342,0.21381
5261.414,0.21357
5259.485,0.21348
5257.556,0.21353
5255.628,0.21358
5253.699,0.21352
5251.770,0.21335
5249.842,0.21315
5247.913,0.21300
5245.984,0.21293
5244.056,0.21292
5242.127,0.21287
5240.198,0.21273
5238.269,0.21252
5236.341,0.21234
5234.412,0.21224
5232.483,0.21219
5230.555,0.21211
5228.626,0.21198
5226.697,0.21182
5224.769,0.21166
5222.840,0.21155
5220.911,0.21147
5218.983,0.21136
5217.054,0.21118
5215.125,0.21099
5213.197,0.21085
5211.268,0.21079
5209.339,0.21079
5207.411,0.21073
5205.482,0.21059
5203.553,0.21041
5201.625,0.21023
5199.696,0.21007
5197.767,0.21001
5195.839,0.20994
5193.910,0.20979
5191.981,0.20961
5190.053,0.20945
5188.124,0.20932
5186.195,0.20925
5184.267,0.20922
5182.338,0.20914
5180.409,0.20897
5178.481,0.20875
5176.552,0.20856
5174.623,0.20846
5172.695,0.20844
5170.766,0.20842
5168.837,0.20835
5166.909,0.20820
5164.980,0.20800
5163.051,0.20787
5161.123,0.20784
5159.194,0.20775
5157.265,0.20754
5155.337,0.20734
5153.408,0.20720
5151.479,0.20710
5149.551,0.20704
5147.622,0.20696
5145.693,0.20680
5143.765,0.20658
5141.836,0.20639
5139.907,0.20624
5137.979,0.20614
5136.050,0.20608
5134.121,0.20599
5132.193,0.20580
5130.264,0.20559
5128.335,0.20546
5126.407,0.20540
5124.478,0.20535
5122.549,0.20527
5120.621,0.20513
5118.692,0.20496
5116.763,0.20480
5114.835,0.20471
5112.906,0.20466
5110.977,0.20455
5109.049,0.20437
5107.120,0.20418
5105.191,0.20401
5103.263,0.20390
5101.334,0.20387
5099.405,0.20385
5097.477,0.20377
5095.548,0.20364
5093.619,0.20348
5091.691,0.20333
5089.762,0.20325
5087.833,0.20322
5085.905,0.20316
5083.976,0.20299
5082.047,0.20277
5080.119,0.20261
5078.190,0.20250
5076.261,0.20243
5074.332,0.20236
5072.404,0.20222
5070.475,0.20201
5068.546,0.20183
5066.618,0.20176
5064.689,0.20172
5062.760,0.20161
5060.832,0.20143
5058.903,0.20126
5056.974,0.20110
5055.046,0.20097
5053.117,0.20091
5051.188,0.20083
5049.260,0.20067
5047.331,0.20048
5045.402,0.20030
5043.474,0.20016
5041.545,0.20011
5039.616,0.20007
5037.688,0.19995
5035.759,0.19978
5033.830,0.19960
5031.902,0.19944
5029.973,0.19937
5028.044,0.19934
5026.116,0.19926
5024.187,0.19912
5022.258,0.19893
5020.330,0.19876
5018.401,0.19866
5016.472,0.19862
5014.544,0.19857
5012.615,0.19844
5010.686,0.19825
5008.758,0.19811
5006.829,0.19805
5004.900,0.19803
5002.972,0.19798
5001.043,0.19784
4999.114,0.19767
4997.186,0.19750
4995.257,0.19739
4993.328,0.19734
4991.400,0.19725
4989.471,0.19710
4987.542,0.19693
4985.614,0.19676
4983.685,0.19661
4981.756,0.19657
4979.828,0.19655
4977.899,0.19645
4975.970,0.19627
4974.042,0.19609
4972.113,0.19595
4970.184,0.19587
4968.256,0.19583
4966.327,0.19573
4964.398,0.19558
4962.470,0.19546
4960.541,0.19536
4958.612,0.19528
4956.684,0.19522
4954.755,0.19515
4952.826,0.19500
4950.898,0.19482
4948.969,0.19467
4947.040,0.19457
4945.112,0.19449
4943.183,0.19440
4941.254,0.19427
4939.326,0.19412
4937.397,0.19394
4935.468,0.19378
4933.540,0.19372
4931.611,0.19371
4929.682,0.19361
4927.754,0.19341
4925.825,0.19321
4923.896,0.19306
4921.968,0.19297
4920.039,0.19292
4918.110,0.19284
4916.181,0.19269
4914.253,0.19250
4912.324,0.19231
4910.395,0.19217
4908.467,0.19211
4906.538,0.19205
4904.609,0.19193
4902.681,0.19180
4900.752,0.19163
4898.823,0.19147
4896.895,0.19141
4894.966,0.19138
4893.037,0.19126
4891.109,0.19110
4889.180,0.19091
4887.251,0.19074
4885.323,0.19064
4883.394,0.19058
4881.465,0.19051
4879.537,0.19036
4877.608,0.19016
4875.679,0.18998
4873.751,0.18990
4871.822,0.18987
4869.893,0.18979
4867.965,0.18967
4866.036,0.18954
4864.107,0.18940
4862.179,0.18929
4860.250,0.18923
4858.321,0.18914
4856.393,0.18900
4854.464,0.18884
4852.535,0.18870
4850.607,0.18861
4848.678,0.18856
4846.749,0.18848
4844.821,0.18835
4842.892,0.18819
4840.963,0.18802
4839.035,0.18787
4837.106,0.18778
4835.177,0.18771
4833.249,0.18758
4831.320,0.18740
4829.391,0.18722
4827.463,0.18708
4825.534,0.18700
4823.605,0.18694
4821.677,0.18685
4819.748,0.18668
4817.819,0.18646
4815.891,0.18630
4813.962,0.18620
4812.033,0.18614
4810.105,0.18608
4808.176,0.18596
4806.247,0.18582
4804.319,0.18568
4802.390,0.18556
4800.461,0.18549
4798.533,0.18541
4796.604,0.18526
4794.675,0.18508
4792.747,0.18494
4790.818,0.18486
4788.889,0.18480
4786.961,0.18471
4785.032,0.18456
4783.103,0.18439
4781.175,0.18426
4779.246,0.18417
4777.317,0.18411
4775.389,0.18405
4773.460,0.18397
4771.531,0.18387
4769.603,0.18373
4767.674,0.18359
4765.745,0.18352
4763.817,0.18347
4761.888,0.18341
4759.959,0.18332
4758.031,0.18317
4756.102,0.18298
4754.173,0.18284
4752.244,0.18278
4750.316,0.18273
4748.387,0.18265
4746.458,0.18254
4744.530,0.18239
4742.601,0.18223
4740.672,0.18212
4738.744,0.18202
4736.815,0.18189
4734.886,0.18174
4732.958,0.18157
4731.029,0.18143
4729.100,0.18133
4727.172,0.18124
4725.243,0.18112
4723.314,0.18097
4721.386,0.18082
4719.457,0.18073
4717.528,0.18068
4715.600,0.18063
4713.671,0.18055
4711.742,0.18046
4709.814,0.18035
4707.885,0.18020
4705.956,0.18006
4704.028,0.18001
4702.099,0.17996
4700.170,0.17985
4698.242,0.17968
4696.313,0.17951
4694.384,0.17940
4692.456,0.17935
4690.527,0.17929
4688.598,0.17920
4686.670,0.17910
4684.741,0.17899
4682.812,0.17884
4680.884,0.17873
4678.955,0.17868
4677.026,0.17863
4675.098,0.17855
4673.169,0.17843
4671.240,0.17828
4669.312,0.17815
4667.383,0.17805
4665.454,0.17795
4663.526,0.17782
4661.597,0.17765
4659.668,0.17746
4657.740,0.17732
4655.811,0.17726
4653.882,0.17720
4651.954,0.17710
4650.025,0.17697
4648.096,0.17681
4646.168,0.17666
4644.239,0.17658
4642.310,0.17648
4640.382,0.17633
4638.453,0.17619
4636.524,0.17607
4634.596,0.17592
4632.667,0.17580
4630.738,0.17574
4628.810,0.17568
4626.881,0.17555
4624.952,0.17538
4623.024,0.17525
4621.095,0.17519
4619.166,0.17519
4617.238,0.17517
4615.309,0.17510
4613.380,0.17501
4611.452,0.17491
4609.523,0.17485
4607.594,0.17484
4605.666,0.17482
4603.737,0.17475
4601.808,0.17462
4599.880,0.17444
4597.951,0.17428
4596.022,0.17416
4594.093,0.17405
4592.165,0.17390
4590.236,0.17373
4588.307,0.17356
4586.379,0.17342
4584.450,0.17334
4582.521,0.17333
4580.593,0.17330
4578.664,0.17321
4576.735,0.17305
4574.807,0.17292
4572.878,0.17285
4570.949,0.17278
4569.021,0.17266
4567.092,0.17249
4565.163,0.17234
4563.235,0.17225
4561.306,0.17218
4559.377,0.17208
4557.449,0.17199
4555.520,0.17191
4553.591,0.17179
4551.663,0.17166
4549.734,0.17157
4547.805,0.17155
4545.877,0.17155
4543.948,0.17150
4542.019,0.17142
4540.091,0.17136
4538.162,0.17135
4536.233,0.17139
4534.305,0.17143
4532.376,0.17144
4530.447,0.17138
4528.519,0.17126
4526.590,0.17111
4524.661,0.17103
4522.733,0.17101
4520.804,0.17103
4518.875,0.17106
4516.947,0.17108
4515.018,0.17105
4513.089,0.17097
4511.161,0.17090
4509.232,0.17090
4507.303,0.17100
4505.375,0.17121
4503.446,0.17158
4501.517,0.17209
4499.589,0.17276
4497.660,0.17370
4495.731,0.17491
4493.803,0.17611
4491.874,0.17680
4489.945,0.17682
4488.017,0.17641
4486.088,0.17597
4484.159,0.17569
4482.231,0.17537
4480.302,0.17472
4478.373,0.17370
4476.445,0.17263
4474.516,0.17181
4472.587,0.17133
4470.659,0.17113
4468.730,0.17112
4466.801,0.17132
4464.873,0.17176
4462.944,0.17232
4461.015,0.17277
4459.087,0.17299
4457.158,0.17301
4455.229,0.17291
4453.301,0.17275
4451.372,0.17253
4449.443,0.17220
4447.515,0.17177
4445.586,0.17127
4443.657,0.17077
4441.729,0.17032
4439.800,0.16997
4437.871,0.16971
4435.943,0.16954
4434.014,0.16950
4432.085,0.16959
4430.156,0.16988
4428.228,0.17036
4426.299,0.17097
4424.370,0.17157
4422.442,0.17221
4420.513,0.17299
4418.584,0.17391
4416.656,0.17477
4414.727,0.17528
4412.798,0.17540
4410.870,0.17533
4408.941,0.17534
4407.012,0.17550
4405.084,0.17572
4403.155,0.17592
4401.226,0.17597
4399.298,0.17572
4397.369,0.17515
4395.440,0.17441
4393.512,0.17373
4391.583,0.17327
4389.654,0.17308
4387.726,0.17307
4385.797,0.17317
4383.868,0.17336
4381.940,0.17360
4380.011,0.17375
4378.082,0.17358
4376.154,0.17300
4374.225,0.17209
4372.296,0.17104
4370.368,0.17001
4368.439,0.16906
4366.510,0.16826
4364.582,0.16761
4362.653,0.16710
4360.724,0.16673
4358.796,0.16654
4356.867,0.16650
4354.938,0.16665
4353.010,0.16699
4351.081,0.16750
4349.152,0.16816
4347.224,0.16894
4345.295,0.16979
4343.366,0.17059
4341.438,0.17124
4339.509,0.17171
4337.580,0.17199
4335.652,0.17209
4333.723,0.17199
4331.794,0.17173
4329.866,0.17145
4327.937,0.17143
4326.008,0.17191
4324.080,0.17297
4322.151,0.17435
4320.222,0.17540
4318.294,0.17556
4316.365,0.17483
4314.436,0.17389
4312.508,0.17332
4310.579,0.17304
4308.650,0.17256
4306.722,0.17165
4304.793,0.17055
4302.864,0.16962
4300.936,0.16901
4299.007,0.16869
4297.078,0.16860
4295.150,0.16875
4293.221,0.16911
4291.292,0.16949
4289.364,0.16966
4287.435,0.16954
4285.506,0.16923
4283.578,0.16884
4281.649,0.16839
4279.720,0.16778
4277.792,0.16701
4275.863,0.16614
4273.934,0.16521
4272.005,0.16433
4270.077,0.16355
4268.148,0.16290
4266.219,0.16237
4264.291,0.16193
4262.362,0.16154
4260.433,0.16122
4258.505,0.16100
4256.576,0.16088
4254.647,0.16079
4252.719,0.16066
4250.790,0.16042
4248.861,0.16002
4246.933,0.15951
4245.004,0.15901
4243.075,0.15860
4241.147,0.15825
4239.218,0.15798
4237.289,0.15779
4235.361,0.15766
4233.432,0.15755
4231.503,0.15748
4229.575,0.15745
4227.646,0.15748
4225.717,0.15755
4223.789,0.15765
4221.860,0.15777
4219.931,0.15790
4218.003,0.15801
4216.074,0.15810
4214.145,0.15813
4212.217,0.15805
4210.288,0.15793
4208.359,0.15787
4206.431,0.15790
4204.502,0.15798
4202.573,0.15802
4200.645,0.15799
4198.716,0.15793
4196.787,0.15783
4194.859,0.15764
4192.930,0.15736
4191.001,0.15704
4189.073,0.15667
4187.144,0.15630
4185.215,0.15598
4183.287,0.15570
4181.358,0.15544
4179.429,0.15521
4177.501,0.15497
4175.572,0.15470
4173.643,0.15445
4171.715,0.15423
4169.786,0.15403
4167.857,0.15388
4165.929,0.15374
4164.000,0.15358
4162.071,0.15339
4160.143,0.15320
4158.214,0.15300
4156.285,0.15281
4154.357,0.15267
4152.428,0.15256
4150.499,0.15243
4148.571,0.15227
4146.642,0.15210
4144.713,0.15198
4142.785,0.15188
4140.856,0.15176
4138.927,0.15162
4136.999,0.15151
4135.070,0.15143
4133.141,0.15138
4131.213,0.15132
4129.284,0.15125
4127.355,0.15117
4125.427,0.15112
4123.498,0.15107
4121.569,0.15105
4119.641,0.15110
4117.712,0.15124
4115.783,0.15141
4113.855,0.15161
4111.926,0.15185
4109.997,0.15210
4108.068,0.15234
4106.140,0.15254
4104.211,0.15262
4102.282,0.15261
4100.354,0.15259
4098.425,0.15262
4096.496,0.15265
4094.568,0.15263
4092.639,0.15250
4090.710,0.15222
4088.782,0.15186
4086.853,0.15148
4084.924,0.15109
4082.996,0.15072
4081.067,0.15035
4079.138,0.15000
4077.210,0.14967
4075.281,0.14934
4073.352,0.14901
4071.424,0.14868
4069.495,0.14837
4067.566,0.14804
4065.638,0.14772
4063.709,0.14745
4061.780,0.14722
4059.852,0.14699
4057.923,0.14680
4055.994,0.14661
4054.066,0.14643
4052.137,0.14628
4050.208,0.14615
4048.280,0.14607
4046.351,0.14604
4044.422,0.14601
4042.494,0.14596
4040.565,0.14593
4038.636,0.14592
4036.708,0.14595
4034.779,0.14602
4032.850,0.14610
4030.922,0.14620
4028.993,0.14634
4027.064,0.14652
4025.136,0.14673
4023.207,0.14696
4021.278,0.14711
4019.350,0.14708
4017.421,0.14694
4015.492,0.14678
4013.564,0.14666
4011.635,0.14655
4009.706,0.14642
4007.778,0.14624
4005.849,0.14605
4003.920,0.14590
4001.992,0.14584
4000.063,0.14590
3998.134,0.14608
3996.206,0.14624
3994.277,0.14633
3992.348,0.14634
3990.420,0.14629
3988.491,0.14617
3986.562,0.14601
3984.634,0.14577
3982.705,0.14546
3980.776,0.14506
3978.848,0.14464
3976.919,0.14420
3974.990,0.14377
3973.062,0.14338
3971.133,0.14300
3969.204,0.14266
3967.276,0.14242
3965.347,0.14230
3963.418,0.14223
3961.490,0.14216
3959.561,0.14205
3957.632,0.14192
3955.704,0.14177
3953.775,0.14160
3951.846,0.14145
3949.917,0.14132
3947.989,0.14115
3946.060,0.14090
3944.131,0.14065
3942.203,0.14046
3940.274,0.14031
3938.345,0.14021
3936.417,0.14018
3934.488,0.14019
3932.559,0.14021
3930.631,0.14022
3928.702,0.14018
3926.773,0.14017
3924.845,0.14017
3922.916,0.14013
3920.987,0.14003
3919.059,0.13986
3917.130,0.13961
3915.201,0.13937
3913.273,0.13918
3911.344,0.13898
3909.415,0.13872
3907.487,0.13845
3905.558,0.13821
3903.629,0.13804
3901.701,0.13791
3899.772,0.13776
3897.843,0.13760
3895.915,0.13746
3893.986,0.13735
3892.057,0.13727
3890.129,0.13721
3888.200,0.13712
3886.271,0.13701
3884.343,0.13689
3882.414,0.13678
3880.485,0.13665
3878.557,0.13651
3876.628,0.13638
3874.699,0.13625
3872.771,0.13612
3870.842,0.13600
3868.913,0.13589
3866.985,0.13583
3865.056,0.13581
3863.127,0.13575
3861.199,0.13560
3859.270,0.13543
3857.341,0.13529
3855.413,0.13521
3853.484,0.13512
3851.555,0.13495
3849.627,0.13473
3847.698,0.13451
3845.769,0.13433
3843.841,0.13422
3841.912,0.13419
3839.983,0.13416
3838.055,0.13410
3836.126,0.13403
3834.197,0.13399
3832.269,0.13396
3830.340,0.13393
3828.411,0.13385
3826.483,0.13367
3824.554,0.13345
3822.625,0.13327
3820.697,0.13316
3818.768,0.13313
3816.839,0.13310
3814.911,0.13301
3812.982,0.13287
3811.053,0.13273
3809.125,0.13261
3807.196,0.13253
3805.267,0.13247
3803.339,0.13238
3801.410,0.13224
3799.481,0.13210
3797.553,0.13199
3795.624,0.13193
3793.695,0.13189
3791.767,0.13180
3789.838,0.13163
3787.909,0.13144
3785.980,0.13124
3784.052,0.13106
3782.123,0.13094
3780.194,0.13084
3778.266,0.13070
3776.337,0.13054
3774.408,0.13038
3772.480,0.13027
3770.551,0.13025
3768.622,0.13023
3766.694,0.13015
3764.765,0.13005
3762.836,0.12997
3760.908,0.12990
3758.979,0.12987
3757.050,0.12985
3755.122,0.12980
3753.193,0.12970
3751.264,0.12959
3749.336,0.12949
3747.407,0.12944
3745.478,0.12944
3743.550,0.12938
3741.621,0.12924
3739.692,0.12911
3737.764,0.12900
3735.835,0.12891
3733.906,0.12885
3731.978,0.12876
3730.049,0.12861
3728.120,0.12846
3726.192,0.12837
3724.263,0.12832
3722.334,0.12831
3720.406,0.12827
3718.477,0.12818
3716.548,0.12810
3714.620,0.12806
3712.691,0.12807
3710.762,0.12809
3708.834,0.12812
3706.905,0.12812
3704.976,0.12813
3703.048,0.12814
3701.119,0.12813
3699.190,0.12811
3697.262,0.12811
3695.333,0.12806
3693.404,0.12799
3691.476,0.12797
3689.547,0.12801
3687.618,0.12811
3685.690,0.12826
3683.761,0.12842
3681.832,0.12857
3679.904,0.12874
3677.975,0.12893
3676.046,0.12914
3674.118,0.12938
3672.189,0.12959
3670.260,0.12973
3668.332,0.12981
3666.403,0.12989
3664.474,0.12999
3662.546,0.13015
3660.617,0.13032
3658.688,0.13040
3656.760,0.13044
3654.831,0.13047
3652.902,0.13053
3650.974,0.13064
3649.045,0.13076
3647.116,0.13082
3645.188,0.13086
3643.259,0.13092
3641.330,0.13102
3639.402,0.13115
3637.473,0.13131
3635.544,0.13144
3633.616,0.13152
3631.687,0.13163
3629.758,0.13181
3627.830,0.13200
3625.901,0.13222
3623.972,0.13244
3622.043,0.13264
3620.115,0.13284
3618.186,0.13302
3616.257,0.13322
3614.329,0.13351
3612.400,0.13383
3610.471,0.13409
3608.543,0.13428
3606.614,0.13447
3604.685,0.13467
3602.757,0.13490
3600.828,0.13513
3598.899,0.13532
3596.971,0.13548
3595.042,0.13566
3593.113,0.13585
3591.185,0.13607
3589.256,0.13634
3587.327,0.13656
3585.399,0.13668
3583.470,0.13681
3581.541,0.13697
3579.613,0.13715
3577.684,0.13737
3575.755,0.13758
3573.827,0.13773
3571.898,0.13789
3569.969,0.13809
3568.041,0.13833
3566.112,0.13861
3564.183,0.13888
3562.255,0.13906
3560.326,0.13923
3558.397,0.13942
3556.469,0.13965
3554.540,0.13992
3552.611,0.14019
3550.683,0.14041
3548.754,0.14062
3546.825,0.14085
3544.897,0.14111
3542.968,0.14146
3541.039,0.14186
3539.111,0.14215
3537.182,0.14234
3535.253,0.14248
3533.325,0.14258
3531.396,0.14267
3529.467,0.14280
3527.539,0.14288
3525.610,0.14288
3523.681,0.14289
3521.753,0.14294
3519.824,0.14306
3517.895,0.14325
3515.967,0.14343
3514.038,0.14352
3512.109,0.14362
3510.181,0.14375
3508.252,0.14388
3506.323,0.14406
3504.395,0.14427
3502.466,0.14443
3500.537,0.14456
3498.609,0.14473
3496.680,0.14495
3494.751,0.14525
3492.823,0.14558
3490.894,0.14585
3488.965,0.14604
3487.037,0.14623
3485.108,0.14641
3483.179,0.14659
3481.251,0.14680
3479.322,0.14699
3477.393,0.14711
3475.465,0.14723
3473.536,0.14738
3471.607,0.14756
3469.679,0.14778
3467.750,0.14800
3465.821,0.14810
3463.892,0.14815
3461.964,0.14819
3460.035,0.14817
3458.106,0.14814
3456.178,0.14814
3454.249,0.14810
3452.320,0.14804
3450.392,0.14803
3448.463,0.14804
3446.534,0.14806
3444.606,0.14806
3442.677,0.14798
3440.748,0.14785
3438.820,0.14777
3436.891,0.14768
3434.962,0.14757
3433.034,0.14746
3431.105,0.14729
3429.176,0.14709
3427.248,0.14699
3425.319,0.14696
3423.390,0.14694
3421.462,0.14700
3419.533,0.14702
3417.604,0.14690
3415.676,0.14673
3413.747,0.14652
3411.818,0.14617
3409.890,0.14572
3407.961,0.14523
3406.032,0.14467
3404.104,0.14413
3402.175,0.14368
3400.246,0.14321
3398.318,0.14275
3396.389,0.14236
3394.460,0.14197
3392.532,0.14155
3390.603,0.14118
3388.674,0.14085
3386.746,0.14054
3384.817,0.14030
3382.888,0.14002
3380.960,0.13970
3379.031,0.13942
3377.102,0.13913
3375.174,0.13875
3373.245,0.13836
3371.316,0.13796
3369.388,0.13753
3367.459,0.13712
3365.530,0.13673
3363.602,0.13629
3361.673,0.13590
3359.744,0.13554
3357.816,0.13512
3355.887,0.13472
3353.958,0.13440
3352.030,0.13408
3350.101,0.13375
3348.172,0.13340
3346.244,0.13291
3344.315,0.13235
3342.386,0.13185
3340.458,0.13137
3338.529,0.13092
3336.600,0.13057
3334.672,0.13019
3332.743,0.12976
3330.814,0.12944
3328.886,0.12922
3326.957,0.12900
3325.028,0.12884
3323.100,0.12869
3321.171,0.12846
3319.242,0.12822
3317.314,0.12799
3315.385,0.12768
3313.456,0.12734
3311.528,0.12699
3309.599,0.12658
3307.670,0.12621
3305.742,0.12594
3303.813,0.12570
3301.884,0.12549
3299.955,0.12532
3298.027,0.12507
3296.098,0.12478
3294.169,0.12457
3292.241,0.12434
3290.312,0.12406
3288.383,0.12383
3286.455,0.12357
3284.526,0.12328
3282.597,0.12307
3280.669,0.12291
3278.740,0.12270
3276.811,0.12254
3274.883,0.12238
3272.954,0.12214
3271.025,0.12195
3269.097,0.12181
3267.168,0.12163
3265.239,0.12148
3263.311,0.12136
3261.382,0.12114
3259.453,0.12093
3257.525,0.12080
3255.596,0.12064
3253.667,0.12045
3251.739,0.12030
3249.810,0.12010
3247.881,0.11987
3245.953,0.11970
3244.024,0.11947
3242.095,0.11920
3240.167,0.11901
3238.238,0.11881
3236.309,0.11856
3234.381,0.11836
3232.452,0.11816
3230.523,0.11791
3228.595,0.11773
3226.666,0.11760
3224.737,0.11742
3222.809,0.11725
3220.880,0.11710
3218.951,0.11689
3217.023,0.11673
3215.094,0.11661
3213.165,0.11644
3211.237,0.11627
3209.308,0.11615
3207.379,0.11596
3205.451,0.11576
3203.522,0.11566
3201.593,0.11553
3199.665,0.11542
3197.736,0.11543
3195.807,0.11548
3193.879,0.11556
3191.950,0.11575
3190.021,0.11600
3188.093,0.11628
3186.164,0.11669
3184.235,0.11711
3182.307,0.11740
3180.378,0.11759
3178.449,0.11758
3176.521,0.11741
3174.592,0.11731
3172.663,0.11734
3170.735,0.11741
3168.806,0.11759
3166.877,0.11788
3164.949,0.11814
3163.020,0.11846
3161.091,0.11885
3159.163,0.11918
3157.234,0.11950
3155.305,0.11983
3153.377,0.12006
3151.448,0.12025
3149.519,0.12051
3147.591,0.12077
3145.662,0.12116
3143.733,0.12181
3141.804,0.12258
3139.876,0.12334
3137.947,0.12408
3136.018,0.12466
3134.090,0.12496
3132.161,0.12506
3130.232,0.12495
3128.304,0.12470
3126.375,0.12453
3124.446,0.12453
3122.518,0.12470
3120.589,0.12518
3118.660,0.12593
3116.732,0.12684
3114.803,0.12803
3112.874,0.12950
3110.946,0.13104
3109.017,0.13259
3107.088,0.13408
3105.160,0.13538
3103.231,0.13665
3101.302,0.13817
3099.374,0.13995
3097.445,0.14208
3095.516,0.14473
3093.588,0.14799
3091.659,0.15216
3089.730,0.15805
3087.802,0.16688
3085.873,0.18095
3083.944,0.20468
3082.016,0.24664
3080.087,0.32103
3078.158,0.43591
3076.230,0.55194
3074.301,0.56983
3072.372,0.49319
3070.444,0.43728
3068.515,0.45250
3066.586,0.49471
3064.658,0.46822
3062.729,0.37229
3060.800,0.28233
3058.872,0.22590
3056.943,0.19411
3055.014,0.17451
3053.086,0.16073
3051.157,0.15092
3049.228,0.14435
3047.300,0.14012
3045.371,0.13727
3043.442,0.13536
3041.514,0.13457
3039.585,0.13479
3037.656,0.13494
3035.728,0.13382
3033.799,0.13174
3031.870,0.13021
3029.942,0.13007
3028.013,0.13066
3026.084,0.13091
3024.156,0.13063
3022.227,0.13024
3020.298,0.13021
3018.370,0.13098
3016.441,0.13283
3014.512,0.13588
3012.584,0.14056
3010.655,0.14757
3008.726,0.15802
3006.798,0.17330
3004.869,0.19229
3002.940,0.20818
3001.012,0.21179
2999.083,0.20103
2997.154,0.18292
2995.226,0.16550
2993.297,0.15220
2991.368,0.14281
2989.440,0.13633
2987.511,0.13206
2985.582,0.12930
2983.654,0.12751
2981.725,0.12651
2979.796,0.12607
2977.867,0.12602
2975.939,0.12645
2974.010,0.12725
2972.081,0.12823
2970.153,0.12953
2968.224,0.13116
2966.295,0.13299
2964.367,0.13504
2962.438,0.13727
2960.509,0.13947
2958.581,0.14167
2956.652,0.14404
2954.723,0.14674
2952.795,0.15018
2950.866,0.15426
2948.937,0.15747
2947.009,0.15827
2945.080,0.15706
2943.151,0.15566
2941.223,0.15565
2939.294,0.15758
2937.365,0.16117
2935.437,0.16617
2933.508,0.17257
2931.579,0.18023
2929.651,0.18911
2927.722,0.19954
2925.793,0.21175
2923.865,0.22539
2921.936,0.23914
2920.007,0.24969
2918.079,0.25201
2916.150,0.24301
2914.221,0.22572
2912.293,0.20715
2910.364,0.19219
2908.435,0.18159
2906.507,0.17410
2904.578,0.16868
2902.649,0.16461
2900.721,0.16116
2898.792,0.15802
2896.863,0.15512
2894.935,0.15229
2893.006,0.14953
2891.077,0.14694
2889.149,0.14434
2887.220,0.14163
2885.291,0.13897
2883.363,0.13631
2881.434,0.13365
2879.505,0.13131
2877.577,0.12949
2875.648,0.12834
2873.719,0.12802
2871.791,0.12827
2869.862,0.12881
2867.933,0.12995
2866.005,0.13212
2864.076,0.13550
2862.147,0.14030
2860.219,0.14670
2858.290,0.15504
2856.361,0.16661
2854.433,0.18302
2852.504,0.20309
2850.575,0.21883
2848.647,0.21916
2846.718,0.20370
2844.789,0.18407
2842.861,0.16928
2840.932,0.16017
2839.003,0.15453
2837.075,0.15055
2835.146,0.14700
2833.217,0.14332
2831.289,0.13952
2829.360,0.13548
2827.431,0.13122
2825.503,0.12717
2823.574,0.12365
2821.645,0.12084
2819.716,0.11900
2817.788,0.11810
2815.859,0.11776
2813.930,0.11782
2812.002,0.11811
2810.073,0.11836
2808.144,0.11857
2806.216,0.11866
2804.287,0.11826
2802.358,0.11724
2800.430,0.11561
2798.501,0.11326
2796.572,0.11046
2794.644,0.10768
2792.715,0.10514
2790.786,0.10299
2788.858,0.10140
2786.929,0.10013
2785.000,0.09904
2783.072,0.09827
2781.143,0.09770
2779.214,0.09719
2777.286,0.09692
2775.357,0.09680
2773.428,0.09667
2771.500,0.09663
2769.571,0.09662
2767.642,0.09649
2765.714,0.09649
2763.785,0.09675
2761.856,0.09719
2759.928,0.09796
2757.999,0.09908
2756.070,0.10026
2754.142,0.10155
2752.213,0.10306
2750.284,0.10447
2748.356,0.10534
2746.427,0.10527
2744.498,0.10397
2742.570,0.10185
2740.641,0.09961
2738.712,0.09744
2736.784,0.09547
2734.855,0.09399
2732.926,0.09280
2730.998,0.09171
2729.069,0.09086
2727.140,0.09013
2725.212,0.08935
2723.283,0.08873
2721.354,0.08824
2719.426,0.08776
2717.497,0.08750
2715.568,0.08745
2713.640,0.08740
2711.711,0.08752
2709.782,0.08787
2707.854,0.08817
2705.925,0.08843
2703.996,0.08867
2702.068,0.08861
2700.139,0.08837
2698.210,0.08821
2696.282,0.08804
2694.353,0.08792
2692.424,0.08805
2690.496,0.08823
2688.567,0.08839
2686.638,0.08867
2684.710,0.08883
2682.781,0.08875
2680.852,0.08873
2678.924,0.08881
2676.995,0.08892
2675.066,0.08922
2673.138,0.08950
2671.209,0.08943
2669.280,0.08920
2667.352,0.08884
2665.423,0.08823
2663.494,0.08765
2661.566,0.08718
2659.637,0.08660
2657.708,0.08606
2655.779,0.08568
2653.851,0.08523
2651.922,0.08485
2649.993,0.08471
2648.065,0.08459
2646.136,0.08455
2644.207,0.08472
2642.279,0.08483
2640.350,0.08485
2638.421,0.08501
2636.493,0.08512
2634.564,0.08516
2632.635,0.08544
2630.707,0.08586
2628.778,0.08628
2626.849,0.08693
2624.921,0.08764
2622.992,0.08815
2621.063,0.08859
2619.135,0.08892
2617.206,0.08893
2615.277,0.08888
2613.349,0.08886
2611.420,0.08874
2609.491,0.08876
2607.563,0.08902
2605.634,0.08916
2603.705,0.08921
2601.777,0.08922
2599.848,0.08893
2597.919,0.08851
2595.991,0.08832
2594.062,0.08821
2592.133,0.08821
2590.205,0.08851
2588.276,0.08880
2586.347,0.08896
2584.419,0.08919
2582.490,0.08927
2580.561,0.08900
2578.633,0.08862
2576.704,0.08803
2574.775,0.08717
2572.847,0.08645
2570.918,0.08588
2568.989,0.08521
2567.061,0.08470
2565.132,0.08435
2563.203,0.08383
2561.275,0.08337
2559.346,0.08309
2557.417,0.08278
2555.489,0.08265
2553.560,0.08290
2551.631,0.08324
2549.703,0.08370
2547.774,0.08444
2545.845,0.08503
2543.917,0.08537
2541.988,0.08569
2540.059,0.08569
2538.131,0.08534
2536.202,0.08497
2534.273,0.08444
2532.345,0.08365
2530.416,0.08297
2528.487,0.08231
2526.559,0.08156
2524.630,0.08106
2522.701,0.08075
2520.773,0.08035
2518.844,0.08019
2516.915,0.08031
2514.987,0.08045
2513.058,0.08082
2511.129,0.08148
2509.201,0.08206
2507.272,0.08267
2505.343,0.08343
2503.415,0.08395
2501.486,0.08432
2499.557,0.08473
2497.628,0.08488
2495.700,0.08488
2493.771,0.08512
2491.842,0.08542
2489.914,0.08576
2487.985,0.08643
2486.056,0.08717
2484.128,0.08778
2482.199,0.08846
2480.270,0.08893
2478.342,0.08905
2476.413,0.08928
2474.484,0.08965
2472.556,0.08986
2470.627,0.09009
2468.698,0.09025
2466.770,0.08996
2464.841,0.08951
2462.912,0.08910
2460.984,0.08850
2459.055,0.08804
2457.126,0.08794
2455.198,0.08779
2453.269,0.08759
2451.340,0.08744
2449.412,0.08695
2447.483,0.08628
2445.554,0.08582
2443.626,0.08530
2441.697,0.08465
2439.768,0.08424
2437.840,0.08396
2435.911,0.08377
2433.982,0.08404
2432.054,0.08451
2430.125,0.08489
2428.196,0.08546
2426.268,0.08612
2424.339,0.08649
2422.410,0.08674
2420.482,0.08672
2418.553,0.08605
2416.624,0.08520
2414.696,0.08455
2412.767,0.08397
2410.838,0.08371
2408.910,0.08385
2406.981,0.08385
2405.052,0.08371
2403.124,0.08364
2401.195,0.08335
2399.266,0.08302
2397.338,0.08308
2395.409,0.08323
2393.480,0.08342
2391.552,0.08403
2389.623,0.08481
2387.694,0.08565
2385.766,0.08688
2383.837,0.08818
2381.908,0.08917
2379.980,0.09005
2378.051,0.09060
2376.122,0.09044
2374.194,0.08995
2372.265,0.08932
2370.336,0.08844
2368.408,0.08779
2366.479,0.08749
2364.550,0.08721
2362.622,0.08714
2360.693,0.08741
2358.764,0.08757
2356.836,0.08773
2354.907,0.08812
2352.978,0.08829
2351.050,0.08830
2349.121,0.08843
2347.192,0.08827
2345.264,0.08769
2343.335,0.08697
2341.406,0.08580
2339.478,0.08415
2337.549,0.08262
2335.620,0.08124
2333.691,0.07989
2331.763,0.07901
2329.834,0.07846
2327.905,0.07788
2325.977,0.07765
2324.048,0.07769
2322.119,0.07761
2320.191,0.07771
2318.262,0.07806
2316.333,0.07830
2314.405,0.07874
2312.476,0.07957
2310.547,0.08038
2308.619,0.08127
2306.690,0.08245
2304.761,0.08343
2302.833,0.08424
2300.904,0.08511
2298.975,0.08552
2297.047,0.08534
2295.118,0.08494
2293.189,0.08416
2291.261,0.08309
2289.332,0.08234
2287.403,0.08174
2285.475,0.08105
2283.546,0.08070
2281.617,0.08052
2279.689,0.08018
2277.760,0.08004
2275.831,0.08005
2273.903,0.07982
2271.974,0.07975
2270.045,0.07989
2268.117,0.07978
2266.188,0.07965
2264.259,0.07964
2262.331,0.07931
2260.402,0.07890
2258.473,0.07873
2256.545,0.07840
2254.616,0.07803
2252.687,0.07797
2250.759,0.07773
2248.830,0.07726
2246.901,0.07695
2244.973,0.07654
2243.044,0.07598
2241.115,0.07573
2239.187,0.07553
2237.258,0.07511
2235.329,0.07493
2233.401,0.07480
2231.472,0.07440
2229.543,0.07414
2227.615,0.07401
2225.686,0.07364
2223.757,0.07345
2221.829,0.07348
2219.900,0.07329
2217.971,0.07320
2216.043,0.07336
2214.114,0.07329
2212.185,0.07321
2210.257,0.07343
2208.328,0.07354
2206.399,0.07374
2204.471,0.07438
2202.542,0.07504
2200.613,0.07565
2198.685,0.07652
2196.756,0.07720
2194.827,0.07754
2192.899,0.07794
2190.970,0.07805
2189.041,0.07770
2187.113,0.07745
2185.184,0.07723
2183.255,0.07686
2181.327,0.07681
2179.398,0.07690
2177.469,0.07671
2175.540,0.07667
2173.612,0.07688
2171.683,0.07696
2169.754,0.07722
2167.826,0.07773
2165.897,0.07792
2163.968,0.07800
2162.040,0.07821
2160.111,0.07806
2158.182,0.07774
2156.254,0.07760
2154.325,0.07721
2152.396,0.07668
2150.468,0.07648
2148.539,0.07625
2146.610,0.07593
2144.682,0.07595
2142.753,0.07593
2140.824,0.07568
2138.896,0.07573
2136.967,0.07590
2135.038,0.07593
2133.110,0.07628
2131.181,0.07671
2129.252,0.07676
2127.324,0.07681
2125.395,0.07685
2123.466,0.07650
2121.538,0.07620
2119.609,0.07615
2117.680,0.07592
2115.752,0.07585
2113.823,0.07611
2111.894,0.07612
2109.966,0.07601
2108.037,0.07618
2106.108,0.07622
2104.180,0.07623
2102.251,0.07653
2100.322,0.07661
2098.394,0.07641
2096.465,0.07643
2094.536,0.07630
2092.608,0.07583
2090.679,0.07554
2088.750,0.07522
2086.822,0.07470
2084.893,0.07456
2082.964,0.07466
2081.036,0.07467
2079.107,0.07505
2077.178,0.07577
2075.250,0.07638
2073.321,0.07724
2071.392,0.07837
2069.464,0.07916
2067.535,0.07980
2065.606,0.08038
2063.678,0.08035
2061.749,0.08001
2059.820,0.07978
2057.892,0.07928
2055.963,0.07869
2054.034,0.07844
2052.106,0.07805
2050.177,0.07751
2048.248,0.07729
2046.320,0.07705
2044.391,0.07669
2042.462,0.07678
2040.534,0.07703
2038.605,0.07719
2036.676,0.07775
2034.748,0.07847
2032.819,0.07895
2030.890,0.07965
2028.962,0.08043
2027.033,0.08076
2025.104,0.08101
2023.176,0.08119
2021.247,0.08086
2019.318,0.08050
2017.390,0.08043
2015.461,0.08021
2013.532,0.08015
2011.603,0.08053
2009.675,0.08080
2007.746,0.08102
2005.817,0.08151
2003.889,0.08170
2001.960,0.08158
2000.031,0.08168
1998.103,0.08158
1996.174,0.08128
1994.245,0.08142
1992.317,0.08169
1990.388,0.08189
1988.459,0.08253
1986.531,0.08330
1984.602,0.08376
1982.673,0.08442
1980.745,0.08513
1978.816,0.08545
1976.887,0.08585
1974.959,0.08632
1973.030,0.08640
1971.101,0.08656
1969.173,0.08697
1967.244,0.08711
1965.315,0.08731
1963.387,0.08782
1961.458,0.08801
1959.529,0.08808
1957.601,0.08841
1955.672,0.08848
1953.743,0.08842
1951.815,0.08873
1949.886,0.08892
1947.957,0.08895
1946.029,0.08936
1944.100,0.08972
1942.171,0.08976
1940.243,0.08999
1938.314,0.09010
1936.385,0.08978
1934.457,0.08973
1932.528,0.08985
1930.599,0.08976
1928.671,0.09001
1926.742,0.09051
1924.813,0.09074
1922.885,0.09121
1920.956,0.09194
1919.027,0.09231
1917.099,0.09264
1915.170,0.09312
1913.241,0.09317
1911.313,0.09311
1909.384,0.09331
1907.455,0.09321
1905.527,0.09300
1903.598,0.09316
1901.669,0.09313
1899.741,0.09294
1897.812,0.09316
1895.883,0.09336
1893.955,0.09342
1892.026,0.09395
1890.097,0.09454
1888.169,0.09489
1886.240,0.09561
1884.311,0.09643
1882.383,0.09692
1880.454,0.09767
1878.525,0.09852
1876.597,0.09891
1874.668,0.09933
1872.739,0.09984
1870.811,0.09995
1868.882,0.10017
1866.953,0.10070
1865.025,0.10089
1863.096,0.10109
1861.167,0.10159
1859.239,0.10170
1857.310,0.10161
1855.381,0.10180
1853.452,0.10177
1851.524,0.10170
1849.595,0.10218
1847.666,0.10267
1845.738,0.10309
1843.809,0.10399
1841.880,0.10483
1839.952,0.10536
1838.023,0.10618
1836.094,0.10693
1834.166,0.10729
1832.237,0.10796
1830.308,0.10878
1828.380,0.10927
1826.451,0.11006
1824.522,0.11107
1822.594,0.11173
1820.665,0.11258
1818.736,0.11377
1816.808,0.11467
1814.879,0.11576
1812.950,0.11728
1811.022,0.11849
1809.093,0.11957
1807.164,0.12082
1805.236,0.12154
1803.307,0.12193
1801.378,0.12254
1799.450,0.12286
1797.521,0.12301
1795.592,0.12364
1793.664,0.12422
1791.735,0.12465
1789.806,0.12562
1787.878,0.12673
1785.949,0.12776
1784.020,0.12940
1782.092,0.13135
1780.163,0.13318
1778.234,0.13546
1776.306,0.13789
1774.377,0.13977
1772.448,0.14153
1770.520,0.14299
1768.591,0.14350
1766.662,0.14376
1764.734,0.14419
1762.805,0.14436
1760.876,0.14482
1758.948,0.14589
1757.019,0.14686
1755.090,0.14799
1753.162,0.14968
1751.233,0.15124
1749.304,0.15279
1747.376,0.15491
1745.447,0.15697
1743.518,0.15895
1741.590,0.16143
1739.661,0.16382
1737.732,0.16588
1735.804,0.16829
1733.875,0.17063
1731.946,0.17259
1730.018,0.17489
1728.089,0.17725
1726.160,0.17925
1724.232,0.18163
1722.303,0.18434
1720.374,0.18691
1718.446,0.19001
1716.517,0.19355
1714.588,0.19662
1712.660,0.19962
1710.731,0.20289
1708.802,0.20602
1706.874,0.20950
1704.945,0.21326
1703.016,0.21578
1701.088,0.21729
1699.159,0.21911
1697.230,0.22103
1695.302,0.22287
1693.373,0.22516
1691.444,0.22766
1689.515,0.23034
1687.587,0.23333
1685.658,0.23581
1683.729,0.23769
1681.801,0.24007
1679.872,0.24284
1677.943,0.24568
1676.015,0.24910
1674.086,0.25278
1672.157,0.25635
1670.229,0.26045
1668.300,0.26491
1666.371,0.26927
1664.443,0.27414
1662.514,0.27958
1660.585,0.28504
1658.657,0.29107
1656.728,0.29792
1654.799,0.30509
1652.871,0.31295
1650.942,0.32160
1649.013,0.33033
1647.085,0.33926
1645.156,0.34849
1643.227,0.35731
1641.299,0.36603
1639.370,0.37532
1637.441,0.38509
1635.513,0.39587
1633.584,0.40836
1631.655,0.42236
1629.727,0.43797
1627.798,0.45568
1625.869,0.47517
1623.941,0.49644
1622.012,0.52023
1620.083,0.54686
1618.155,0.57677
1616.226,0.61087
1614.297,0.64974
1612.369,0.69477
1610.440,0.74943
1608.511,0.81879
1606.583,0.90885
1604.654,1.02464
1602.725,1.16492
1600.797,1.31425
1598.868,1.44084
1596.939,1.51984
1595.011,1.56076
1593.082,1.57189
1591.153,1.51528
1589.225,1.37356
1587.296,1.21199
1585.367,1.09404
1583.439,1.04170
1581.510,1.05450
1579.581,1.12102
1577.653,1.21834
1575.724,1.31000
1573.795,1.35394
1571.867,1.32248
1569.938,1.21829
1568.009,1.07248
1566.081,0.92074
1564.152,0.78375
1562.223,0.66808
1560.295,0.57390
1558.366,0.50027
1556.437,0.44739
1554.509,0.41572
1552.580,0.40402
1550.651,0.41083
1548.723,0.43819
1546.794,0.49180
1544.865,0.57793
1542.937,0.69552
1541.008,0.82146
1539.079,0.91630
1537.151,0.97538
1535.222,1.02858
1533.293,1.06935
1531.364,1.04699
1529.436,0.94918
1527.507,0.82266
1525.578,0.70666
1523.650,0.61330
1521.721,0.54083
1519.792,0.48464
1517.864,0.44067
1515.935,0.40516
1514.006,0.37605
1512.078,0.35313
1510.149,0.33497
1508.220,0.31893
1506.292,0.30371
1504.363,0.28894
1502.434,0.27507
1500.506,0.26381
1498.577,0.25544
1496.648,0.24868
1494.720,0.24298
1492.791,0.23740
1490.862,0.23103
1488.934,0.22514
1487.005,0.22103
1485.076,0.21904
1483.148,0.22042
1481.219,0.22562
1479.290,0.23423
1477.362,0.24801
1475.433,0.26761
1473.504,0.28813
1471.576,0.30738
1469.647,0.33417
1467.718,0.38164
1465.790,0.46160
1463.861,0.58147
1461.932,0.72512
1460.004,0.82014
1458.075,0.77848
1456.146,0.63756
1454.218,0.49444
1452.289,0.39166
1450.360,0.33136
1448.432,0.30454
1446.503,0.30372
1444.574,0.32470
1442.646,0.36689
1440.717,0.43282
1438.788,0.52172
1436.860,0.61809
1434.931,0.68438
1433.002,0.68913
1431.074,0.65271
1429.145,0.62192
1427.216,0.62391
1425.288,0.65292
1423.359,0.66226
1421.430,0.60042
1419.502,0.49295
1417.573,0.39987
1415.644,0.34378
1413.716,0.31878
1411.787,0.31447
1409.858,0.32402
1407.930,0.34345
1406.001,0.37224
1404.072,0.41254
1402.144,0.46657
1400.215,0.53824
1398.286,0.63296
1396.358,0.74872
1394.429,0.86852
1392.500,0.96740
1390.572,1.02361
1388.643,1.01341
1386.714,0.92756
1384.786,0.79745
1382.857,0.66705
1380.928,0.56462
1379.000,0.49901
1377.071,0.45568
1375.142,0.40624
1373.214,0.34423
1371.285,0.29010
1369.356,0.25881
1367.427,0.24984
1365.499,0.25731
1363.570,0.27849
1361.641,0.31436
1359.713,0.36689
1357.784,0.43891
1355.855,0.52977
1353.927,0.62277
1351.998,0.67937
1350.069,0.66808
1348.141,0.60543
1346.212,0.53350
1344.283,0.47759
1342.355,0.44270
1340.426,0.42741
1338.497,0.42929
1336.569,0.44111
1334.640,0.45494
1332.711,0.47195
1330.783,0.49967
1328.854,0.54310
1326.925,0.60131
1324.997,0.66624
1323.068,0.72422
1321.139,0.76440
1319.211,0.78799
1317.282,0.80785
1315.353,0.83597
1313.425,0.86834
1311.496,0.88000
1309.567,0.84539
1307.639,0.76987
1305.710,0.68313
1303.781,0.60983
1301.853,0.55872
1299.924,0.52731
1297.995,0.51064
1296.067,0.50617
1294.138,0.51280
1292.209,0.53026
1290.281,0.55939
1288.352,0.60158
1286.423,0.66062
1284.495,0.74443
1282.566,0.86349
1280.637,1.02711
1278.709,1.23486
1276.780,1.45967
1274.851,1.64492
1272.923,1.76848
1270.994,1.87112
1269.065,1.94969
1267.137,1.90394
1265.208,1.69705
1263.279,1.44170
1261.351,1.21690
1259.422,1.03800
1257.493,0.89941
1255.565,0.79425
1253.636,0.71931
1251.707,0.67283
1249.779,0.64842
1247.850,0.63337
1245.921,0.61995
1243.993,0.61552
1242.064,0.63378
1240.135,0.68113
1238.207,0.75051
1236.278,0.82005
1234.349,0.86061
1232.421,0.85710
1230.492,0.82089
1228.563,0.77492
1226.635,0.73804
1224.706,0.72335
1222.777,0.73728
1220.849,0.77261
1218.920,0.80299
1216.991,0.79660
1215.063,0.74738
1213.134,0.67726
1211.205,0.60849
1209.277,0.55069
1207.348,0.50478
1205.419,0.46864
1203.490,0.43850
1201.562,0.41053
1199.633,0.38429
1197.704,0.36120
1195.776,0.34112
1193.847,0.32390
1191.918,0.30965
1189.990,0.29705
1188.061,0.28549
1186.132,0.27546
1184.204,0.26599
1182.275,0.25646
1180.346,0.24762
1178.418,0.23906
1176.489,0.23051
1174.560,0.22306
1172.632,0.21629
1170.703,0.20947
1168.774,0.20361
1166.846,0.19842
1164.917,0.19304
1162.988,0.18853
1161.060,0.18493
1159.131,0.18134
1157.202,0.17881
1155.274,0.17764
1153.345,0.17680
1151.416,0.17687
1149.488,0.17745
1147.559,0.17635
1145.630,0.17379
1143.702,0.17052
1141.773,0.16587
1139.844,0.16086
1137.916,0.15675
1135.987,0.15279
1134.058,0.14960
1132.130,0.14798
1130.201,0.14567
1128.272,0.14149
1126.344,0.13647
1124.415,0.13053
1122.486,0.12451
1120.558,0.11997
1118.629,0.11593
1116.700,0.11185
1114.772,0.10902
1112.843,0.10659
1110.914,0.10386
1108.986,0.10213
1107.057,0.10062
1105.128,0.09837
1103.200,0.09680
1101.271,0.09566
1099.342,0.09409
1097.414,0.09363
1095.485,0.09440
1093.556,0.09571
1091.628,0.09917
1089.699,0.10437
1087.770,0.10844
1085.842,0.11082
1083.913,0.11145
1081.984,0.10990
1080.056,0.10816
1078.127,0.10737
1076.198,0.10664
1074.270,0.10699
1072.341,0.10913
1070.412,0.11196
1068.484,0.11636
1066.555,0.12322
1064.626,0.13139
1062.698,0.14137
1060.769,0.15405
1058.840,0.16856
1056.912,0.18579
1054.983,0.20788
1053.054,0.23606
1051.126,0.27389
1049.197,0.32750
1047.268,0.40398
1045.339,0.51324
1043.411,0.66216
1041.482,0.82531
1039.553,0.90570
1037.625,0.83408
1035.696,0.69479
1033.767,0.56729
1031.839,0.47188
1029.910,0.40932
1027.981,0.37584
1026.053,0.36625
1024.124,0.37432
1022.195,0.39130
1020.267,0.40666
1018.338,0.40985
1016.409,0.39470
1014.481,0.36453
1012.552,0.32748
1010.623,0.28905
1008.695,0.25281
1006.766,0.22109
1004.837,0.19354
1002.909,0.17013
1000.980,0.15185
999.051,0.13767
997.123,0.12661
995.194,0.11914
993.265,0.11401
991.337,0.11017
989.408,0.10861
987.479,0.10875
985.551,0.10995
983.622,0.11351
981.693,0.11912
979.765,0.12626
977.836,0.13633
975.907,0.14918
973.979,0.16407
972.050,0.18216
970.121,0.20326
968.193,0.22567
966.264,0.24901
964.335,0.27299
962.407,0.29780
960.478,0.32570
958.549,0.35906
956.621,0.40004
954.692,0.45154
952.763,0.51522
950.835,0.58834
948.906,0.65804
946.977,0.69979
945.049,0.69929
943.120,0.67254
941.191,0.64644
939.263,0.63849
937.334,0.65763
935.405,0.70936
933.477,0.79765
931.548,0.92421
929.619,1.08288
927.691,1.24759
925.762,1.36405
923.833,1.38648
921.905,1.34176
919.976,1.29054
918.047,1.26223
916.119,1.25267
914.190,1.24169
912.261,1.20879
910.333,1.14472
908.404,1.05551
906.475,0.95592
904.547,0.85908
902.618,0.77126
900.689,0.69426
898.761,0.62846
896.832,0.57290
894.903,0.52669
892.975,0.49080
891.046,0.46863
889.117,0.46851
887.189,0.50301
885.260,0.57372
883.331,0.64694
881.402,0.66399
879.474,0.61552
877.545,0.54555
875.616,0.48388
873.688,0.43558
871.759,0.39707
869.830,0.36539
867.902,0.33893
865.973,0.31616
864.044,0.29705
862.116,0.28220
860.187,0.27208
858.258,0.27199
856.330,0.29228
854.401,0.33055
852.472,0.35954
850.544,0.36472
848.615,0.37363
846.686,0.40865
844.758,0.44997
842.829,0.45349
840.900,0.40948
838.972,0.35160
837.043,0.30427
835.114,0.27130
833.186,0.25024
831.257,0.23618
829.328,0.22459
827.400,0.21470
825.471,0.20639
823.542,0.19910
821.614,0.19363
819.685,0.18938
817.756,0.18512
815.828,0.18152
813.899,0.17820
811.970,0.17420
810.042,0.17071
808.113,0.16817
806.184,0.16637
804.256,0.16729
802.327,0.17250
800.398,0.18330
798.470,0.20380
796.541,0.23893
794.612,0.29488
792.684,0.38133
790.755,0.50541
788.826,0.65886
786.898,0.80862
784.969,0.91242
783.040,0.94947
781.112,0.90835
779.183,0.79503
777.254,0.65624
775.326,0.53536
773.397,0.44503
771.468,0.37942
769.540,0.33060
767.611,0.29462
765.682,0.26929
763.754,0.25458
761.825,0.25384
759.896,0.27637
757.968,0.34048
756.039,0.45025
754.110,0.54158
752.182,0.52103
750.253,0.43077
748.324,0.35289
746.396,0.30669
744.467,0.28702
742.538,0.28823
740.610,0.30259
738.681,0.31546
736.752,0.31179
734.824,0.29234
732.895,0.27136
730.966,0.25542
729.038,0.24043
727.109,0.22570
725.180,0.21466
723.251,0.20821
721.323,0.20569
719.394,0.20307
717.465,0.19526
715.537,0.18528
713.608,0.17826
711.679,0.17304
709.751,0.16834
707.822,0.16494
705.893,0.16156
703.965,0.15775
702.036,0.15492
700.107,0.15213
698.179,0.14893
696.250,0.14684
694.321,0.14490
692.393,0.14234
690.464,0.14077
688.535,0.13944
686.607,0.13746
684.678,0.13678
682.749,0.13730
680.821,0.13843
678.892,0.14266
676.963,0.15059
675.035,0.16055
673.106,0.17084
671.177,0.17609
669.249,0.17191
667.320,0.16227
665.391,0.15231
663.463,0.14386
661.534,0.13894
659.605,0.13635
657.677,0.13218
655.748,0.12700
653.819,0.12257
651.891,0.11830
649.962,0.11541
648.033,0.11427
646.105,0.11265
644.176,0.11127
642.247,0.11102
640.319,0.10992
638.390,0.10887
636.461,0.10930
634.533,0.11005
632.604,0.11300
630.675,0.12049
628.747,0.12979
626.818,0.13818
624.889,0.14530
622.961,0.15169
621.032,0.16133
619.103,0.17767
617.175,0.20033
615.246,0.23114
613.317,0.27388
611.389,0.32813
609.460,0.38946
607.531,0.44797
605.603,0.48721
603.674,0.49710
601.745,0.48213
599.817,0.45380
597.888,0.42883
595.959,0.42611
594.031,0.44998
592.102,0.48055
590.173,0.49496
588.245,0.49005
586.316,0.46728
584.387,0.42653
582.459,0.37637
580.530,0.32870
578.601,0.29074
576.673,0.26226
574.744,0.23961
572.815,0.22226
570.887,0.20930
568.958,0.19782
567.029,0.18828
565.101,0.18108
563.172,0.17389
561.243,0.16769
559.314,0.16340
557.386,0.15872
555.457,0.15443
553.528,0.15171
551.600,0.14828
549.671,0.14494
547.742,0.14306
545.814,0.14030
543.885,0.13732
541.956,0.13589
540.028,0.13378
538.099,0.13144
536.170,0.13065
534.242,0.12907
532.313,0.12703
530.384,0.12658
528.456,0.12542
526.527,0.12362
524.598,0.12337
522.670,0.12256
520.741,0.12113
518.812,0.12140
516.884,0.12148
514.955,0.12122
513.026,0.12285
511.098,0.12449
509.169,0.12615
507.240,0.13049
505.312,0.13585
503.383,0.14183
501.454,0.15090
499.526,0.16166
497.597,0.17353
495.668,0.18818
493.740,0.20302
491.811,0.21595
489.882,0.22775
487.954,0.23591
486.025,0.23898
484.096,0.23900
482.168,0.23519
480.239,0.22811
478.310,0.22164
476.382,0.21593
474.453,0.21181
472.524,0.21334
470.596,0.22108
468.667,0.23585
466.738,0.26056
464.810,0.29074
462.881,0.31557
460.952,0.32656
459.024,0.32002
457.095,0.30140
455.166,0.28085
453.238,0.26188
451.309,0.24532
449.380,0.23285
447.452,0.22192
445.523,0.21086
443.594,0.20223
441.666,0.19516
439.737,0.18810
437.808,0.18281
435.880,0.17728
433.951,0.16951
432.022,0.16327
430.094,0.15890
428.165,0.15408
426.236,0.15078
424.308,0.14937
422.379,0.14987
420.450,0.15678
418.522,0.17053
416.593,0.18949
414.664,0.21682
412.736,0.24863
410.807,0.26957
408.878,0.26993
406.950,0.25435
405.021,0.23762
403.092,0.23181
401.163,0.23247
399.235,0.23222
