6999.146,0.22689
6997.217,0.22674
6995.288,0.22674
6993.360,0.22684
6991.431,0.22685
6989.502,0.22674
6987.574,0.22654
6985.645,0.22625
6983.716,0.22599
6981.788,0.22591
6979.859,0.22595
6977.930,0.22591
6976.002,0.22579
6974.073,0.22575
6972.144,0.22590
6970.216,0.22611
6968.287,0.22614
6966.358,0.22595
6964.430,0.22571
6962.501,0.22545
6960.572,0.22526
6958.644,0.22529
6956.715,0.22543
6954.786,0.22540
6952.858,0.22518
6950.929,0.22497
6949.000,0.22488
6947.072,0.22490
6945.143,0.22495
6943.214,0.22489
6941.286,0.22468
6939.357,0.22448
6937.428,0.22440
6935.500,0.22437
6933.571,0.22427
6931.642,0.22407
6929.714,0.22399
6927.785,0.22408
6925.856,0.22416
6923.928,0.22419
6921.999,0.22419
6920.070,0.22413
6918.142,0.22388
6916.213,0.22361
6914.284,0.22350
6912.356,0.22334
6910.427,0.22314
6908.498,0.22320
6906.570,0.22344
6904.641,0.22349
6902.712,0.22322
6900.784,0.22292
6898.855,0.22293
6896.926,0.22319
6894.998,0.22330
6893.069,0.22304
6891.140,0.22272
6889.212,0.22262
6887.283,0.22264
6885.354,0.22260
6883.426,0.22252
6881.497,0.22239
6879.568,0.22222
6877.640,0.22199
6875.711,0.22184
6873.782,0.22178
6871.854,0.22163
6869.925,0.22149
6867.996,0.22151
6866.068,0.22151
6864.139,0.22137
6862.210,0.22140
6860.282,0.22160
6858.353,0.22162
6856.424,0.22126
6854.496,0.22075
6852.567,0.22042
6850.638,0.22038
6848.709,0.22053
6846.781,0.22063
6844.852,0.22052
6842.923,0.22040
6840.995,0.22034
6839.066,0.22024
6837.137,0.22013
6835.209,0.21996
6833.280,0.21976
6831.351,0.21960
6829.423,0.21947
6827.494,0.21941
6825.565,0.21945
6823.637,0.21936
6821.708,0.21914
6819.779,0.21902
6817.851,0.21893
6815.922,0.21878
6813.993,0.21873
6812.065,0.21878
6810.136,0.21865
6808.207,0.21838
6806.279,0.21829
6804.350,0.21839
6802.421,0.21839
6800.493,0.21817
6798.564,0.21790
6796.635,0.21777
6794.707,0.21762
6792.778,0.21734
6790.849,0.21719
6788.921,0.21728
6786.992,0.21738
6785.063,0.21731
6783.135,0.21717
6781.206,0.21707
6779.277,0.21701
6777.349,0.21691
6775.420,0.21672
6773.491,0.21661
6771.563,0.21662
6769.634,0.21658
6767.705,0.21642
6765.777,0.21625
6763.848,0.21617
6761.919,0.21611
6759.991,0.21595
6758.062,0.21575
6756.133,0.21567
6754.205,0.21562
6752.276,0.21548
6750.347,0.21535
6748.419,0.21532
6746.490,0.21527
6744.561,0.21516
6742.633,0.21507
6740.704,0.21506
6738.775,0.21506
6736.847,0.21496
6734.918,0.21479
6732.989,0.21459
6731.061,0.21443
6729.132,0.21441
6727.203,0.21447
6725.275,0.21450
6723.346,0.21442
6721.417,0.21418
6719.489,0.21391
6717.560,0.21390
6715.631,0.21401
6713.703,0.21391
6711.774,0.21366
6709.845,0.21345
6707.917,0.21330
6705.988,0.21318
6704.059,0.21317
6702.131,0.21324
6700.202,0.21319
6698.273,0.21296
6696.345,0.21267
6694.416,0.21250
6692.487,0.21251
6690.558,0.21260
6688.630,0.21258
6686.701,0.21247
6684.772,0.21239
6682.844,0.21223
6680.915,0.21198
6678.986,0.21183
6677.058,0.21180
6675.129,0.21168
6673.200,0.21153
6671.272,0.21148
6669.343,0.21143
6667.414,0.21132
6665.486,0.21120
6663.557,0.21107
6661.628,0.21085
6659.700,0.21065
6657.771,0.21059
6655.842,0.21062
6653.914,0.21053
6651.985,0.21031
6650.056,0.21017
6648.128,0.21017
6646.199,0.21019
6644.270,0.21011
6642.342,0.20991
6640.413,0.20974
6638.484,0.20963
6636.556,0.20948
6634.627,0.20933
6632.698,0.20930
6630.770,0.20933
6628.841,0.20928
6626.912,0.20911
6624.984,0.20887
6623.055,0.20875
6621.126,0.20883
6619.198,0.20896
6617.269,0.20899
6615.340,0.20890
6613.412,0.20869
6611.483,0.20845
6609.554,0.20828
6607.626,0.20820
6605.697,0.20814
6603.768,0.20806
6601.840,0.20797
6599.911,0.20787
6597.982,0.20775
6596.054,0.20769
6594.125,0.20770
6592.196,0.20763
6590.268,0.20747
6588.339,0.20733
6586.410,0.20724
6584.482,0.20720
6582.553,0.20721
6580.624,0.20719
6578.696,0.20707
6576.767,0.20694
6574.838,0.20683
6572.910,0.20671
6570.981,0.20664
6569.052,0.20665
6567.124,0.20656
6565.195,0.20640
6563.266,0.20631
6561.338,0.20629
6559.409,0.20628
6557.480,0.20617
6555.552,0.20594
6553.623,0.20576
6551.694,0.20563
6549.766,0.20547
6547.837,0.20535
6545.908,0.20535
6543.980,0.20537
6542.051,0.20528
6540.122,0.20508
6538.194,0.20487
6536.265,0.20476
6534.336,0.20473
6532.408,0.20473
6530.479,0.20474
6528.550,0.20470
6526.621,0.20456
6524.693,0.20442
6522.764,0.20434
6520.835,0.20427
6518.907,0.20412
6516.978,0.20395
6515.049,0.20383
6513.121,0.20374
6511.192,0.20367
6509.263,0.20368
6507.335,0.20371
6505.406,0.20366
6503.477,0.20357
6501.549,0.20351
6499.620,0.20340
6497.691,0.20322
6495.763,0.20315
6493.834,0.20317
6491.905,0.20311
6489.977,0.20296
6488.048,0.20281
6486.119,0.20272
6484.191,0.20269
6482.262,0.20263
6480.333,0.20249
6478.405,0.20231
6476.476,0.20216
6474.547,0.20207
6472.619,0.20207
6470.690,0.20203
6468.761,0.20187
6466.833,0.20169
6464.904,0.20161
6462.975,0.20159
6461.047,0.20156
6459.118,0.20148
6457.189,0.20134
6455.261,0.20114
6453.332,0.20090
6451.403,0.20074
6449.475,0.20069
6447.546,0.20063
6445.617,0.20049
6443.689,0.20035
6441.760,0.20030
6439.831,0.20031
6437.903,0.20034
6435.974,0.20031
6434.045,0.20013
6432.117,0.19993
6430.188,0.19986
6428.259,0.19988
6426.331,0.19988
6424.402,0.19978
6422.473,0.19965
6420.545,0.19952
6418.616,0.19937
6416.687,0.19929
6414.759,0.19930
6412.830,0.19926
6410.901,0.19912
6408.973,0.19894
6407.044,0.19878
6405.115,0.19873
6403.187,0.19877
6401.258,0.19873
6399.329,0.19850
6397.401,0.19824
6395.472,0.19808
6393.543,0.19805
6391.615,0.19801
6389.686,0.19798
6387.757,0.19808
6385.829,0.19815
6383.900,0.19801
6381.971,0.19780
6380.043,0.19761
6378.114,0.19744
6376.185,0.19733
6374.257,0.19730
6372.328,0.19723
6370.399,0.19708
6368.471,0.19700
6366.542,0.19702
6364.613,0.19704
6362.684,0.19698
6360.756,0.19687
6358.827,0.19672
6356.898,0.19655
6354.970,0.19648
6353.041,0.19645
6351.112,0.19634
6349.184,0.19621
6347.255,0.19616
6345.326,0.19617
6343.398,0.19618
6341.469,0.19609
6339.540,0.19589
6337.612,0.19569
6335.683,0.19558
6333.754,0.19554
6331.826,0.19552
6329.897,0.19553
6327.968,0.19550
6326.040,0.19537
6324.111,0.19520
6322.182,0.19514
6320.254,0.19521
6318.325,0.19526
6316.396,0.19518
6314.468,0.19498
6312.539,0.19467
6310.610,0.19440
6308.682,0.19436
6306.753,0.19446
6304.824,0.19458
6302.896,0.19461
6300.967,0.19450
6299.038,0.19431
6297.110,0.19423
6295.181,0.19424
6293.252,0.19414
6291.324,0.19394
6289.395,0.19381
6287.466,0.19377
6285.538,0.19374
6283.609,0.19371
6281.680,0.19371
6279.752,0.19369
6277.823,0.19364
6275.894,0.19362
6273.966,0.19361
6272.037,0.19354
6270.108,0.19337
6268.180,0.19323
6266.251,0.19316
6264.322,0.19305
6262.394,0.19290
6260.465,0.19281
6258.536,0.19275
6256.608,0.19260
6254.679,0.19241
6252.750,0.19227
6250.822,0.19220
6248.893,0.19218
6246.964,0.19219
6245.036,0.19221
6243.107,0.19215
6241.178,0.19200
6239.250,0.19183
6237.321,0.19171
6235.392,0.19172
6233.464,0.19178
6231.535,0.19177
6229.606,0.19165
6227.678,0.19149
6225.749,0.19134
6223.820,0.19125
6221.892,0.19127
6219.963,0.19131
6218.034,0.19130
6216.106,0.19123
6214.177,0.19111
6212.248,0.19102
6210.320,0.19103
6208.391,0.19108
6206.462,0.19103
6204.533,0.19085
6202.605,0.19070
6200.676,0.19071
6198.747,0.19079
6196.819,0.19081
6194.890,0.19076
6192.961,0.19066
6191.033,0.19053
6189.104,0.19052
6187.175,0.19063
6185.247,0.19068
6183.318,0.19065
6181.389,0.19063
6179.461,0.19067
6177.532,0.19075
6175.603,0.19092
6173.675,0.19113
6171.746,0.19133
6169.817,0.19156
6167.889,0.19190
6165.960,0.19237
6164.031,0.19302
6162.103,0.19393
6160.174,0.19501
6158.245,0.19611
6156.317,0.19718
6154.388,0.19823
6152.459,0.19909
6150.531,0.19938
6148.602,0.19895
6146.673,0.19810
6144.745,0.19724
6142.816,0.19667
6140.887,0.19631
6138.959,0.19609
6137.030,0.19622
6135.101,0.19683
6133.173,0.19754
6131.244,0.19771
6129.315,0.19711
6127.387,0.19606
6125.458,0.19489
6123.529,0.19377
6121.601,0.19268
6119.672,0.19168
6117.743,0.19086
6115.815,0.19021
6113.886,0.18975
6111.957,0.18945
6110.029,0.18916
6108.100,0.18878
6106.171,0.18834
6104.243,0.18794
6102.314,0.18771
6100.385,0.18768
6098.457,0.18774
6096.528,0.18777
6094.599,0.18766
6092.671,0.18741
6090.742,0.18716
6088.813,0.18696
6086.885,0.18676
6084.956,0.18653
6083.027,0.18632
6081.099,0.18621
6079.170,0.18624
6077.241,0.18631
6075.313,0.18631
6073.384,0.18622
6071.455,0.18615
6069.527,0.18614
6067.598,0.18622
6065.669,0.18642
6063.741,0.18671
6061.812,0.18691
6059.883,0.18689
6057.955,0.18673
6056.026,0.18654
6054.097,0.18637
6052.169,0.18621
6050.240,0.18600
6048.311,0.18577
6046.383,0.18562
6044.454,0.18558
6042.525,0.18563
6040.596,0.18574
6038.668,0.18578
6036.739,0.18557
6034.810,0.18525
6032.882,0.18504
6030.953,0.18493
6029.024,0.18486
6027.096,0.18487
6025.167,0.18492
6023.238,0.18497
6021.310,0.18506
6019.381,0.18526
6017.452,0.18558
6015.524,0.18595
6013.595,0.18632
6011.666,0.18673
6009.738,0.18723
6007.809,0.18776
6005.880,0.18815
6003.952,0.18822
6002.023,0.18799
6000.094,0.18754
5998.166,0.18697
5996.237,0.18633
5994.308,0.18575
5992.380,0.18529
5990.451,0.18485
5988.522,0.18435
5986.594,0.18388
5984.665,0.18350
5982.736,0.18321
5980.808,0.18293
5978.879,0.18265
5976.950,0.18237
5975.022,0.18213
5973.093,0.18193
5971.164,0.18177
5969.236,0.18169
5967.307,0.18165
5965.378,0.18157
5963.450,0.18143
5961.521,0.18129
5959.592,0.18116
5957.664,0.18106
5955.735,0.18095
5953.806,0.18083
5951.878,0.18069
5949.949,0.18056
5948.020,0.18049
5946.092,0.18052
5944.163,0.18059
5942.234,0.18062
5940.306,0.18058
5938.377,0.18051
5936.448,0.18042
5934.520,0.18038
5932.591,0.18038
5930.662,0.18035
5928.734,0.18027
5926.805,0.18021
5924.876,0.18019
5922.948,0.18019
5921.019,0.18022
5919.090,0.18021
5917.162,0.18015
5915.233,0.18005
5913.304,0.17999
5911.376,0.18006
5909.447,0.18020
5907.518,0.18033
5905.590,0.18038
5903.661,0.18027
5901.732,0.18014
5899.804,0.18014
5897.875,0.18020
5895.946,0.18018
5894.018,0.18005
5892.089,0.17985
5890.160,0.17966
5888.232,0.17955
5886.303,0.17949
5884.374,0.17947
5882.445,0.17945
5880.517,0.17933
5878.588,0.17921
5876.659,0.17921
5874.731,0.17927
5872.802,0.17933
5870.873,0.17936
5868.945,0.17932
5867.016,0.17927
5865.087,0.17926
5863.159,0.17932
5861.230,0.17945
5859.301,0.17956
5857.373,0.17959
5855.444,0.17962
5853.515,0.17971
5851.587,0.17985
5849.658,0.18004
5847.729,0.18025
5845.801,0.18037
5843.872,0.18039
5841.943,0.18043
5840.015,0.18052
5838.086,0.18057
5836.157,0.18055
5834.229,0.18043
5832.300,0.18016
5830.371,0.17975
5828.443,0.17931
5826.514,0.17893
5824.585,0.17866
5822.657,0.17846
5820.728,0.17823
5818.799,0.17795
5816.871,0.17769
5814.942,0.17751
5813.013,0.17740
5811.085,0.17729
5809.156,0.17715
5807.227,0.17701
5805.299,0.17682
5803.370,0.17661
5801.441,0.17648
5799.513,0.17647
5797.584,0.17648
5795.655,0.17636
5793.727,0.17616
5791.798,0.17600
5789.869,0.17593
5787.941,0.17588
5786.012,0.17578
5784.083,0.17562
5782.155,0.17545
5780.226,0.17533
5778.297,0.17527
5776.369,0.17521
5774.440,0.17509
5772.511,0.17491
5770.583,0.17474
5768.654,0.17464
5766.725,0.17452
5764.797,0.17434
5762.868,0.17421
5760.939,0.17411
5759.011,0.17393
5757.082,0.17370
5755.153,0.17355
5753.225,0.17353
5751.296,0.17357
5749.367,0.17354
5747.439,0.17339
5745.510,0.17321
5743.581,0.17310
5741.653,0.17304
5739.724,0.17299
5737.795,0.17292
5735.867,0.17284
5733.938,0.17275
5732.009,0.17266
5730.081,0.17263
5728.152,0.17266
5726.223,0.17273
5724.295,0.17276
5722.366,0.17275
5720.437,0.17275
5718.508,0.17282
5716.580,0.17293
5714.651,0.17303
5712.722,0.17313
5710.794,0.17326
5708.865,0.17343
5706.936,0.17367
5705.008,0.17395
5703.079,0.17423
5701.150,0.17442
5699.222,0.17443
5697.293,0.17422
5695.364,0.17389
5693.436,0.17354
5691.507,0.17318
5689.578,0.17280
5687.650,0.17239
5685.721,0.17201
5683.792,0.17168
5681.864,0.17147
5679.935,0.17137
5678.006,0.17134
5676.078,0.17126
5674.149,0.17112
5672.220,0.17097
5670.292,0.17085
5668.363,0.17077
5666.434,0.17069
5664.506,0.17052
5662.577,0.17026
5660.648,0.17002
5658.720,0.16987
5656.791,0.16978
5654.862,0.16969
5652.934,0.16954
5651.005,0.16930
5649.076,0.16902
5647.148,0.16881
5645.219,0.16870
5643.290,0.16863
5641.362,0.16852
5639.433,0.16836
5637.504,0.16820
5635.576,0.16812
5633.647,0.16809
5631.718,0.16810
5629.790,0.16806
5627.861,0.16796
5625.932,0.16783
5624.004,0.16769
5622.075,0.16757
5620.146,0.16756
5618.218,0.16760
5616.289,0.16756
5614.360,0.16739
5612.432,0.16723
5610.503,0.16718
5608.574,0.16722
5606.646,0.16724
5604.717,0.16713
5602.788,0.16694
5600.860,0.16674
5598.931,0.16655
5597.002,0.16644
5595.074,0.16640
5593.145,0.16633
5591.216,0.16616
5589.288,0.16597
5587.359,0.16584
5585.430,0.16576
5583.502,0.16570
5581.573,0.16562
5579.644,0.16545
5577.716,0.16524
5575.787,0.16508
5573.858,0.16501
5571.930,0.16501
5570.001,0.16500
5568.072,0.16490
5566.144,0.16473
5564.215,0.16456
5562.286,0.16445
5560.357,0.16443
5558.429,0.16445
5556.500,0.16442
5554.571,0.16427
5552.643,0.16409
5550.714,0.16395
5548.785,0.16390
5546.857,0.16391
5544.928,0.16387
5542.999,0.16371
5541.071,0.16357
5539.142,0.16348
5537.213,0.16344
5535.285,0.16346
5533.356,0.16343
5531.427,0.16330
5529.499,0.16311
5527.570,0.16294
5525.641,0.16286
5523.713,0.16290
5521.784,0.16295
5519.855,0.16291
5517.927,0.16279
5515.998,0.16268
5514.069,0.16258
5512.141,0.16256
5510.212,0.16264
5508.283,0.16267
5506.355,0.16256
5504.426,0.16237
5502.497,0.16225
5500.569,0.16224
5498.640,0.16229
5496.711,0.16230
5494.783,0.16220
5492.854,0.16205
5490.925,0.16190
5488.997,0.16176
5487.068,0.16165
5485.139,0.16156
5483.211,0.16145
5481.282,0.16132
5479.353,0.16118
5477.425,0.16108
5475.496,0.16100
5473.567,0.16092
5471.639,0.16080
5469.710,0.16066
5467.781,0.16051
5465.853,0.16037
5463.924,0.16032
5461.995,0.16030
5460.067,0.16018
5458.138,0.16001
5456.209,0.15988
5454.281,0.15983
5452.352,0.15983
5450.423,0.15982
5448.495,0.15971
5446.566,0.15952
5444.637,0.15936
5442.709,0.15931
5440.780,0.15930
5438.851,0.15927
5436.923,0.15920
5434.994,0.15907
5433.065,0.15894
5431.137,0.15886
5429.208,0.15881
5427.279,0.15877
5425.351,0.15873
5423.422,0.15868
5421.493,0.15859
5419.565,0.15846
5417.636,0.15835
5415.707,0.15833
5413.779,0.15835
5411.850,0.15832
5409.921,0.15822
5407.993,0.15808
5406.064,0.15791
5404.135,0.15781
5402.207,0.15781
5400.278,0.15780
5398.349,0.15769
5396.420,0.15756
5394.492,0.15746
5392.563,0.15740
5390.634,0.15738
5388.706,0.15738
5386.777,0.15731
5384.848,0.15715
5382.920,0.15696
5380.991,0.15691
5379.062,0.15697
5377.134,0.15693
5375.205,0.15675
5373.276,0.15660
5371.348,0.15650
5369.419,0.15644
5367.490,0.15641
5365.562,0.15642
5363.633,0.15639
5361.704,0.15627
5359.776,0.15610
5357.847,0.15600
5355.918,0.15603
5353.990,0.15609
5352.061,0.15605
5350.132,0.15592
5348.204,0.15579
5346.275,0.15573
5344.346,0.15570
5342.418,0.15567
5340.489,0.15560
5338.560,0.15547
5336.632,0.15532
5334.703,0.15521
5332.774,0.15516
5330.846,0.15513
5328.917,0.15504
5326.988,0.15490
5325.060,0.15480
5323.131,0.15476
5321.202,0.15473
5319.274,0.15466
5317.345,0.15460
5315.416,0.15454
5313.488,0.15443
5311.559,0.15427
5309.630,0.15414
5307.702,0.15409
5305.773,0.15407
5303.844,0.15402
5301.916,0.15394
5299.987,0.15383
5298.058,0.15374
5296.130,0.15371
5294.201,0.15368
5292.272,0.15361
5290.344,0.15349
5288.415,0.15334
5286.486,0.15322
5284.558,0.15317
5282.629,0.15319
5280.700,0.15322
5278.772,0.15318
5276.843,0.15306
5274.914,0.15293
5272.986,0.15284
5271.057,0.15283
5269.128,0.15285
5267.200,0.15285
5265.271,0.15278
5263.342,0.15261
5261.414,0.15247
5259.485,0.15246
5257.556,0.15250
5255.628,0.15249
5253.699,0.15239
5251.770,0.15226
5249.842,0.15216
5247.913,0.15213
5245.984,0.15217
5244.056,0.15219
5242.127,0.15213
5240.198,0.15198
5238.269,0.15184
5236.341,0.15179
5234.412,0.15181
5232.483,0.15182
5230.555,0.15176
5228.626,0.15166
5226.697,0.15153
5224.769,0.15141
5222.840,0.15137
5220.911,0.15137
5218.983,0.15131
5217.054,0.15119
5215.125,0.15107
5213.197,0.15102
5211.268,0.15103
5209.339,0.15106
5207.411,0.15102
5205.482,0.15089
5203.553,0.15070
5201.625,0.15051
5199.696,0.15040
5197.767,0.15038
5195.839,0.15035
5193.910,0.15027
5191.981,0.15016
5190.053,0.15008
5188.124,0.15005
5186.195,0.15005
5184.267,0.15001
5182.338,0.14990
5180.409,0.14976
5178.481,0.14965
5176.552,0.14960
5174.623,0.14958
5172.695,0.14959
5170.766,0.14955
5168.837,0.14945
5166.909,0.14933
5164.980,0.14922
5163.051,0.14917
5161.123,0.14914
5159.194,0.14906
5157.265,0.14891
5155.337,0.14875
5153.408,0.14864
5151.479,0.14862
5149.551,0.14863
5147.622,0.14856
5145.693,0.14843
5143.765,0.14832
5141.836,0.14825
5139.907,0.14820
5137.979,0.14815
5136.050,0.14810
5134.121,0.14802
5132.193,0.14790
5130.264,0.14776
5128.335,0.14766
5126.407,0.14765
5124.478,0.14764
5122.549,0.14758
5120.621,0.14746
5118.692,0.14732
5116.763,0.14722
5114.835,0.14720
5112.906,0.14720
5110.977,0.14709
5109.049,0.14694
5107.120,0.14681
5105.191,0.14673
5103.263,0.14669
5101.334,0.14668
5099.405,0.14663
5097.477,0.14655
5095.548,0.14643
5093.619,0.14630
5091.691,0.14624
5089.762,0.14625
5087.833,0.14626
5085.905,0.14620
5083.976,0.14607
5082.047,0.14591
5080.119,0.14581
5078.190,0.14578
5076.261,0.14577
5074.332,0.14569
5072.404,0.14556
5070.475,0.14542
5068.546,0.14533
5066.618,0.14528
5064.689,0.14523
5062.760,0.14515
5060.832,0.14507
5058.903,0.14497
5056.974,0.14486
5055.046,0.14480
5053.117,0.14478
5051.188,0.14470
5049.260,0.14457
5047.331,0.14444
5045.402,0.14430
5043.474,0.14421
5041.545,0.14421
5039.616,0.14420
5037.688,0.14411
5035.759,0.14396
5033.830,0.14382
5031.902,0.14376
5029.973,0.14378
5028.044,0.14378
5026.116,0.14369
5024.187,0.14355
5022.258,0.14342
5020.330,0.14336
5018.401,0.14335
5016.472,0.14333
5014.544,0.14324
5012.615,0.14313
5010.686,0.14304
5008.758,0.14300
5006.829,0.14299
5004.900,0.14297
5002.972,0.14290
5001.043,0.14280
4999.114,0.14268
4997.186,0.14259
4995.257,0.14258
4993.328,0.14258
4991.400,0.14250
4989.471,0.14237
4987.542,0.14226
4985.614,0.14214
4983.685,0.14207
4981.756,0.14207
4979.828,0.14207
4977.899,0.14200
4975.970,0.14190
4974.042,0.14178
4972.113,0.14170
4970.184,0.14168
4968.256,0.14167
4966.327,0.14158
4964.398,0.14146
4962.470,0.14136
4960.541,0.14130
4958.612,0.14129
4956.684,0.14126
4954.755,0.14121
4952.826,0.14114
4950.898,0.14103
4948.969,0.14090
4947.040,0.14087
4945.112,0.14091
4943.183,0.14087
4941.254,0.14075
4939.326,0.14058
4937.397,0.14043
4935.468,0.14034
4933.540,0.14035
4931.611,0.14035
4929.682,0.14028
4927.754,0.14015
4925.825,0.14001
4923.896,0.13990
4921.968,0.13987
4920.039,0.13988
4918.110,0.13983
4916.181,0.13971
4914.253,0.13955
4912.324,0.13943
4910.395,0.13940
4908.467,0.13940
4906.538,0.13935
4904.609,0.13926
4902.681,0.13912
4900.752,0.13896
4898.823,0.13884
4896.895,0.13880
4894.966,0.13876
4893.037,0.13871
4891.109,0.13861
4889.180,0.13849
4887.251,0.13844
4885.323,0.13843
4883.394,0.13839
4881.465,0.13830
4879.537,0.13817
4877.608,0.13800
4875.679,0.13788
4873.751,0.13789
4871.822,0.13793
4869.893,0.13789
4867.965,0.13779
4866.036,0.13770
4864.107,0.13765
4862.179,0.13762
4860.250,0.13758
4858.321,0.13749
4856.393,0.13740
4854.464,0.13730
4852.535,0.13720
4850.607,0.13712
4848.678,0.13706
4846.749,0.13700
4844.821,0.13693
4842.892,0.13684
4840.963,0.13673
4839.035,0.13663
4837.106,0.13657
4835.177,0.13651
4833.249,0.13640
4831.320,0.13627
4829.391,0.13616
4827.463,0.13611
4825.534,0.13610
4823.605,0.13609
4821.677,0.13601
4819.748,0.13588
4817.819,0.13577
4815.891,0.13574
4813.962,0.13571
4812.033,0.13564
4810.105,0.13554
4808.176,0.13543
4806.247,0.13533
4804.319,0.13524
4802.390,0.13520
4800.461,0.13517
4798.533,0.13509
4796.604,0.13496
4794.675,0.13484
4792.747,0.13475
4790.818,0.13472
4788.889,0.13471
4786.961,0.13466
4785.032,0.13453
4783.103,0.13440
4781.175,0.13431
4779.246,0.13428
4777.317,0.13428
4775.389,0.13429
4773.460,0.13426
4771.531,0.13419
4769.603,0.13408
4767.674,0.13401
4765.745,0.13402
4763.817,0.13399
4761.888,0.13390
4759.959,0.13381
4758.031,0.13375
4756.102,0.13366
4754.173,0.13359
4752.244,0.13357
4750.316,0.13353
4748.387,0.13343
4746.458,0.13332
4744.530,0.13322
4742.601,0.13315
4740.672,0.13310
4738.744,0.13302
4736.815,0.13293
4734.886,0.13282
4732.958,0.13270
4731.029,0.13261
4729.100,0.13256
4727.172,0.13251
4725.243,0.13241
4723.314,0.13231
4721.386,0.13224
4719.457,0.13223
4717.528,0.13224
4715.600,0.13221
4713.671,0.13213
4711.742,0.13206
4709.814,0.13198
4707.885,0.13189
4705.956,0.13184
4704.028,0.13183
4702.099,0.13179
4700.170,0.13170
4698.242,0.13160
4696.313,0.13153
4694.384,0.13151
4692.456,0.13152
4690.527,0.13150
4688.598,0.13143
4686.670,0.13136
4684.741,0.13127
4682.812,0.13117
4680.884,0.13112
4678.955,0.13109
4677.026,0.13104
4675.098,0.13097
4673.169,0.13086
4671.240,0.13076
4669.312,0.13073
4667.383,0.13072
4665.454,0.13066
4663.526,0.13053
4661.597,0.13039
4659.668,0.13027
4657.740,0.13023
4655.811,0.13018
4653.882,0.13011
4651.954,0.13004
4650.025,0.12997
4648.096,0.12988
4646.168,0.12982
4644.239,0.12979
4642.310,0.12972
4640.382,0.12958
4638.453,0.12946
4636.524,0.12938
4634.596,0.12932
4632.667,0.12926
4630.738,0.12920
4628.810,0.12914
4626.881,0.12906
4624.952,0.12897
4623.024,0.12891
4621.095,0.12889
4619.166,0.12889
4617.238,0.12890
4615.309,0.12890
4613.380,0.12887
4611.452,0.12880
4609.523,0.12877
4607.594,0.12878
4605.666,0.12879
4603.737,0.12875
4601.808,0.12867
4599.880,0.12855
4597.951,0.12847
4596.022,0.12840
4594.093,0.12828
4592.165,0.12817
4590.236,0.12807
4588.307,0.12797
4586.379,0.12787
4584.450,0.12782
4582.521,0.12780
4580.593,0.12780
4578.664,0.12775
4576.735,0.12767
4574.807,0.12761
4572.878,0.12757
4570.949,0.12750
4569.021,0.12739
4567.092,0.12728
4565.163,0.12719
4563.235,0.12715
4561.306,0.12714
4559.377,0.12712
4557.449,0.12707
4555.520,0.12700
4553.591,0.12691
4551.663,0.12682
4549.734,0.12681
4547.805,0.12685
4545.877,0.12685
4543.948,0.12680
4542.019,0.12677
4540.091,0.12678
4538.162,0.12684
4536.233,0.12691
4534.305,0.12698
4532.376,0.12704
4530.447,0.12704
4528.519,0.12696
4526.590,0.12685
4524.661,0.12682
4522.733,0.12686
4520.804,0.12689
4518.875,0.12691
4516.947,0.12695
4515.018,0.12700
4513.089,0.12700
4511.161,0.12697
4509.232,0.12699
4507.303,0.12712
4505.375,0.12738
4503.446,0.12778
4501.517,0.12835
4499.589,0.12907
4497.660,0.13003
4495.731,0.13127
4493.803,0.13251
4491.874,0.13328
4489.945,0.13337
4488.017,0.13303
4486.088,0.13267
4484.159,0.13245
4482.231,0.13221
4480.302,0.13159
4478.373,0.13058
4476.445,0.12952
4474.516,0.12872
4472.587,0.12826
4470.659,0.12807
4468.730,0.12811
4466.801,0.12837
4464.873,0.12886
4462.944,0.12945
4461.015,0.12994
4459.087,0.13021
4457.158,0.13026
4455.229,0.13021
4453.301,0.13012
4451.372,0.12991
4449.443,0.12959
4447.515,0.12920
4445.586,0.12877
4443.657,0.12832
4441.729,0.12790
4439.800,0.12757
4437.871,0.12734
4435.943,0.12722
4434.014,0.12723
4432.085,0.12737
4430.156,0.12771
4428.228,0.12825
4426.299,0.12887
4424.370,0.12950
4422.442,0.13020
4420.513,0.13106
4418.584,0.13203
4416.656,0.13295
4414.727,0.13355
4412.798,0.13374
4410.870,0.13375
4408.941,0.13383
4407.012,0.13404
4405.084,0.13428
4403.155,0.13449
4401.226,0.13456
4399.298,0.13433
4397.369,0.13378
4395.440,0.13308
4393.512,0.13247
4391.583,0.13210
4389.654,0.13196
4387.726,0.13201
4385.797,0.13215
4383.868,0.13236
4381.940,0.13261
4380.011,0.13277
4378.082,0.13263
4376.154,0.13211
4374.225,0.13127
4372.296,0.13027
4370.368,0.12926
4368.439,0.12834
4366.510,0.12757
4364.582,0.12697
4362.653,0.12653
4360.724,0.12622
4358.796,0.12605
4356.867,0.12605
4354.938,0.12621
4353.010,0.12656
4351.081,0.12709
4349.152,0.12779
4347.224,0.12864
4345.295,0.12960
4343.366,0.13048
4341.438,0.13115
4339.509,0.13162
4337.580,0.13194
4335.652,0.13209
4333.723,0.13205
4331.794,0.13184
4329.866,0.13161
4327.937,0.13162
4326.008,0.13215
4324.080,0.13324
4322.151,0.13464
4320.222,0.13577
4318.294,0.13603
4316.365,0.13535
4314.436,0.13443
4312.508,0.13389
4310.579,0.13364
4308.650,0.13319
4306.722,0.13233
4304.793,0.13127
4302.864,0.13036
4300.936,0.12981
4299.007,0.12955
4297.078,0.12952
4295.150,0.12971
4293.221,0.13009
4291.292,0.13050
4289.364,0.13074
4287.435,0.13067
4285.506,0.13039
4283.578,0.13003
4281.649,0.12961
4279.720,0.12905
4277.792,0.12832
4275.863,0.12747
4273.934,0.12660
4272.005,0.12578
4270.077,0.12507
4268.148,0.12445
4266.219,0.12391
4264.291,0.12347
4262.362,0.12309
4260.433,0.12280
4258.505,0.12261
4256.576,0.12252
4254.647,0.12249
4252.719,0.12242
4250.790,0.12221
4248.861,0.12183
4246.933,0.12136
4245.004,0.12090
4243.075,0.12053
4241.147,0.12025
4239.218,0.12005
4237.289,0.11990
4235.361,0.11978
4233.432,0.11969
4231.503,0.11964
4229.575,0.11967
4227.646,0.11973
4225.717,0.11983
4223.789,0.11996
4221.860,0.12012
4219.931,0.12031
4218.003,0.12048
4216.074,0.12060
4214.145,0.12063
4212.217,0.12059
4210.288,0.12053
4208.359,0.12053
4206.431,0.12060
4204.502,0.12071
4202.573,0.12081
4200.645,0.12085
4198.716,0.12082
4196.787,0.12074
4194.859,0.12058
4192.930,0.12034
4191.001,0.12005
4189.073,0.11973
4187.144,0.11943
4185.215,0.11916
4183.287,0.11892
4181.358,0.11869
4179.429,0.11847
4177.501,0.11823
4175.572,0.11801
4173.643,0.11780
4171.715,0.11764
4169.786,0.11749
4167.857,0.11737
4165.929,0.11725
4164.000,0.11711
4162.071,0.11697
4160.143,0.11684
4158.214,0.11669
4156.285,0.11654
4154.357,0.11641
4152.428,0.11633
4150.499,0.11626
4148.571,0.11616
4146.642,0.11604
4144.713,0.11593
4142.785,0.11585
4140.856,0.11577
4138.927,0.11569
4136.999,0.11562
4135.070,0.11557
4133.141,0.11555
4131.213,0.11553
4129.284,0.11551
4127.355,0.11549
4125.427,0.11547
4123.498,0.11545
4121.569,0.11547
4119.641,0.11558
4117.712,0.11575
4115.783,0.11594
4113.855,0.11617
4111.926,0.11644
4109.997,0.11675
4108.068,0.11706
4106.140,0.11730
4104.211,0.11742
4102.282,0.11744
4100.354,0.11746
4098.425,0.11756
4096.496,0.11766
4094.568,0.11768
4092.639,0.11756
4090.710,0.11733
4088.782,0.11704
4086.853,0.11669
4084.924,0.11634
4082.996,0.11601
4081.067,0.11568
4079.138,0.11533
4077.210,0.11500
4075.281,0.11471
4073.352,0.11444
4071.424,0.11418
4069.495,0.11389
4067.566,0.11360
4065.638,0.11332
4063.709,0.11309
4061.780,0.11290
4059.852,0.11275
4057.923,0.11262
4055.994,0.11247
4054.066,0.11230
4052.137,0.11216
4050.208,0.11209
4048.280,0.11206
4046.351,0.11205
4044.422,0.11203
4042.494,0.11202
4040.565,0.11204
4038.636,0.11209
4036.708,0.11215
4034.779,0.11224
4032.850,0.11235
4030.922,0.11248
4028.993,0.11266
4027.064,0.11290
4025.136,0.11317
4023.207,0.11343
4021.278,0.11360
4019.350,0.11363
4017.421,0.11355
4015.492,0.11343
4013.564,0.11334
4011.635,0.11329
4009.706,0.11321
4007.778,0.11306
4005.849,0.11288
4003.920,0.11277
4001.992,0.11276
4000.063,0.11288
3998.134,0.11309
3996.206,0.11327
3994.277,0.11342
3992.348,0.11351
3990.420,0.11351
3988.491,0.11341
3986.562,0.11325
3984.634,0.11302
3982.705,0.11274
3980.776,0.11242
3978.848,0.11206
3976.919,0.11171
3974.990,0.11135
3973.062,0.11097
3971.133,0.11060
3969.204,0.11030
3967.276,0.11010
3965.347,0.11000
3963.418,0.10996
3961.490,0.10991
3959.561,0.10983
3957.632,0.10972
3955.704,0.10961
3953.775,0.10951
3951.846,0.10945
3949.917,0.10937
3947.989,0.10922
3946.060,0.10901
3944.131,0.10882
3942.203,0.10867
3940.274,0.10857
3938.345,0.10851
3936.417,0.10852
3934.488,0.10859
3932.559,0.10865
3930.631,0.10866
3928.702,0.10865
3926.773,0.10867
3924.845,0.10868
3922.916,0.10865
3920.987,0.10862
3919.059,0.10855
3917.130,0.10836
3915.201,0.10812
3913.273,0.10789
3911.344,0.10771
3909.415,0.10753
3907.487,0.10739
3905.558,0.10730
3903.629,0.10724
3901.701,0.10713
3899.772,0.10694
3897.843,0.10672
3895.915,0.10657
3893.986,0.10655
3892.057,0.10658
3890.129,0.10655
3888.200,0.10653
3886.271,0.10650
3884.343,0.10639
3882.414,0.10628
3880.485,0.10616
3878.557,0.10600
3876.628,0.10587
3874.699,0.10582
3872.771,0.10580
3870.842,0.10576
3868.913,0.10567
3866.985,0.10562
3865.056,0.10564
3863.127,0.10559
3861.199,0.10544
3859.270,0.10532
3857.341,0.10538
3855.413,0.10557
3853.484,0.10552
3851.555,0.10515
3849.627,0.10475
3847.698,0.10452
3845.769,0.10443
3843.841,0.10443
3841.912,0.10445
3839.983,0.10447
3838.055,0.10444
3836.126,0.10439
3834.197,0.10437
3832.269,0.10438
3830.340,0.10436
3828.411,0.10426
3826.483,0.10411
3824.554,0.10398
3822.625,0.10395
3820.697,0.10391
3818.768,0.10387
3816.839,0.10386
3814.911,0.10374
3812.982,0.10356
3811.053,0.10345
3809.125,0.10344
3807.196,0.10344
3805.267,0.10338
3803.339,0.10334
3801.410,0.10327
3799.481,0.10312
3797.553,0.10303
3795.624,0.10300
3793.695,0.10294
3791.767,0.10284
3789.838,0.10270
3787.909,0.10254
3785.980,0.10239
3784.052,0.10229
3782.123,0.10225
3780.194,0.10218
3778.266,0.10202
3776.337,0.10182
3774.408,0.10171
3772.480,0.10174
3770.551,0.10182
3768.622,0.10182
3766.694,0.10175
3764.765,0.10167
3762.836,0.10161
3760.908,0.10163
3758.979,0.10168
3757.050,0.10168
3755.122,0.10170
3753.193,0.10179
3751.264,0.10184
3749.336,0.10179
3747.407,0.10182
3745.478,0.10193
3743.550,0.10178
3741.621,0.10146
3739.692,0.10134
3737.764,0.10141
3735.835,0.10144
3733.906,0.10135
3731.978,0.10117
3730.049,0.10098
3728.120,0.10088
3726.192,0.10086
3724.263,0.10084
3722.334,0.10084
3720.406,0.10080
3718.477,0.10073
3716.548,0.10071
3714.620,0.10081
3712.691,0.10097
3710.762,0.10105
3708.834,0.10102
3706.905,0.10098
3704.976,0.10104
3703.048,0.10114
3701.119,0.10118
3699.190,0.10120
3697.262,0.10123
3695.333,0.10125
3693.404,0.10131
3691.476,0.10146
3689.547,0.10160
3687.618,0.10171
3685.690,0.10183
3683.761,0.10203
3681.832,0.10228
3679.904,0.10260
3677.975,0.10300
3676.046,0.10339
3674.118,0.10366
3672.189,0.10388
3670.260,0.10406
3668.332,0.10415
3666.403,0.10420
3664.474,0.10433
3662.546,0.10457
3660.617,0.10484
3658.688,0.10509
3656.760,0.10530
3654.831,0.10546
3652.902,0.10570
3650.974,0.10606
3649.045,0.10632
3647.116,0.10639
3645.188,0.10643
3643.259,0.10657
3641.330,0.10680
3639.402,0.10708
3637.473,0.10737
3635.544,0.10761
3633.616,0.10787
3631.687,0.10827
3629.758,0.10871
3627.830,0.10902
3625.901,0.10927
3623.972,0.10957
3622.043,0.10994
3620.115,0.11037
3618.186,0.11077
3616.257,0.11118
3614.329,0.11167
3612.400,0.11216
3610.471,0.11261
3608.543,0.11300
3606.614,0.11335
3604.685,0.11371
3602.757,0.11416
3600.828,0.11460
3598.899,0.11495
3596.971,0.11531
3595.042,0.11570
3593.113,0.11609
3591.185,0.11657
3589.256,0.11710
3587.327,0.11748
3585.399,0.11773
3583.470,0.11798
3581.541,0.11831
3579.613,0.11869
3577.684,0.11909
3575.755,0.11945
3573.827,0.11978
3571.898,0.12018
3569.969,0.12064
3568.041,0.12113
3566.112,0.12155
3564.183,0.12186
3562.255,0.12214
3560.326,0.12247
3558.397,0.12283
3556.469,0.12322
3554.540,0.12368
3552.611,0.12411
3550.683,0.12448
3548.754,0.12485
3546.825,0.12527
3544.897,0.12571
3542.968,0.12620
3541.039,0.12672
3539.111,0.12715
3537.182,0.12751
3535.253,0.12782
3533.325,0.12808
3531.396,0.12836
3529.467,0.12865
3527.539,0.12884
3525.610,0.12897
3523.681,0.12913
3521.753,0.12933
3519.824,0.12961
3517.895,0.12994
3515.967,0.13023
3514.038,0.13045
3512.109,0.13070
3510.181,0.13097
3508.252,0.13127
3506.323,0.13164
3504.395,0.13199
3502.466,0.13222
3500.537,0.13246
3498.609,0.13279
3496.680,0.13319
3494.751,0.13363
3492.823,0.13407
3490.894,0.13444
3488.965,0.13477
3487.037,0.13509
3485.108,0.13537
3483.179,0.13568
3481.251,0.13600
3479.322,0.13626
3477.393,0.13648
3475.465,0.13673
3473.536,0.13697
3471.607,0.13725
3469.679,0.13759
3467.750,0.13791
3465.821,0.13812
3463.892,0.13830
3461.964,0.13845
3460.035,0.13852
3458.106,0.13859
3456.178,0.13863
3454.249,0.13863
3452.320,0.13866
3450.392,0.13874
3448.463,0.13883
3446.534,0.13891
3444.606,0.13895
3442.677,0.13888
3440.748,0.13877
3438.820,0.13871
3436.891,0.13863
3434.962,0.13853
3433.034,0.13843
3431.105,0.13826
3429.176,0.13810
3427.248,0.13801
3425.319,0.13795
3423.390,0.13792
3421.462,0.13792
3419.533,0.13785
3417.604,0.13767
3415.676,0.13745
3413.747,0.13714
3411.818,0.13671
3409.890,0.13621
3407.961,0.13565
3406.032,0.13501
3404.104,0.13442
3402.175,0.13389
3400.246,0.13337
3398.318,0.13287
3396.389,0.13237
3394.460,0.13183
3392.532,0.13132
3390.603,0.13088
3388.674,0.13045
3386.746,0.13005
3384.817,0.12970
3382.888,0.12930
3380.960,0.12886
3379.031,0.12846
3377.102,0.12803
3375.174,0.12753
3373.245,0.12702
3371.316,0.12644
3369.388,0.12580
3367.459,0.12521
3365.530,0.12464
3363.602,0.12407
3361.673,0.12354
3359.744,0.12298
3357.816,0.12237
3355.887,0.12181
3353.958,0.12134
3352.030,0.12087
3350.101,0.12040
3348.172,0.11991
3346.244,0.11927
3344.315,0.11859
3342.386,0.11795
3340.458,0.11731
3338.529,0.11673
3336.600,0.11624
3334.672,0.11571
3332.743,0.11518
3330.814,0.11478
3328.886,0.11443
3326.957,0.11408
3325.028,0.11381
3323.100,0.11353
3321.171,0.11318
3319.242,0.11287
3317.314,0.11256
3315.385,0.11219
3313.456,0.11180
3311.528,0.11136
3309.599,0.11087
3307.670,0.11045
3305.742,0.11012
3303.813,0.10978
3301.884,0.10950
3299.955,0.10924
3298.027,0.10889
3296.098,0.10854
3294.169,0.10825
3292.241,0.10794
3290.312,0.10767
3288.383,0.10743
3286.455,0.10712
3284.526,0.10679
3282.597,0.10656
3280.669,0.10634
3278.740,0.10611
3276.811,0.10592
3274.883,0.10570
3272.954,0.10543
3271.025,0.10523
3269.097,0.10506
3267.168,0.10484
3265.239,0.10467
3263.311,0.10449
3261.382,0.10422
3259.453,0.10401
3257.525,0.10387
3255.596,0.10368
3253.667,0.10349
3251.739,0.10333
3249.810,0.10307
3247.881,0.10282
3245.953,0.10263
3244.024,0.10239
3242.095,0.10215
3240.167,0.10195
3238.238,0.10170
3236.309,0.10142
3234.381,0.10121
3232.452,0.10097
3230.523,0.10071
3228.595,0.10056
3226.666,0.10038
3224.737,0.10014
3222.809,0.09995
3220.880,0.09978
3218.951,0.09958
3217.023,0.09945
3215.094,0.09930
3213.165,0.09908
3211.237,0.09890
3209.308,0.09875
3207.379,0.09854
3205.451,0.09838
3203.522,0.09827
3201.593,0.09811
3199.665,0.09800
3197.736,0.09800
3195.807,0.09802
3193.879,0.09810
3191.950,0.09828
3190.021,0.09846
3188.093,0.09872
3186.164,0.09913
3184.235,0.09953
3182.307,0.09983
3180.378,0.10003
3178.449,0.10002
3176.521,0.09985
3174.592,0.09977
3172.663,0.09977
3170.735,0.09983
3168.806,0.10003
3166.877,0.10029
3164.949,0.10055
3163.020,0.10088
3161.091,0.10125
3159.163,0.10158
3157.234,0.10192
3155.305,0.10226
3153.377,0.10249
3151.448,0.10272
3149.519,0.10298
3147.591,0.10326
3145.662,0.10372
3143.733,0.10441
3141.804,0.10517
3139.876,0.10595
3137.947,0.10671
3136.018,0.10728
3134.090,0.10758
3132.161,0.10769
3130.232,0.10756
3128.304,0.10732
3126.375,0.10720
3124.446,0.10720
3122.518,0.10739
3120.589,0.10789
3118.660,0.10861
3116.732,0.10953
3114.803,0.11076
3112.874,0.11221
3110.946,0.11374
3109.017,0.11532
3107.088,0.11682
3105.160,0.11808
3103.231,0.11935
3101.302,0.12083
3099.374,0.12258
3097.445,0.12473
3095.516,0.12736
3093.588,0.13053
3091.659,0.13466
3089.730,0.14048
3087.802,0.14920
3085.873,0.16319
3083.944,0.18686
3082.016,0.22883
3080.087,0.30334
3078.158,0.41843
3076.230,0.53526
3074.301,0.55526
3072.372,0.48036
3070.444,0.42483
3068.515,0.43969
3066.586,0.48156
3064.658,0.45565
3062.729,0.36044
3060.800,0.27049
3058.872,0.21361
3056.943,0.18134
3055.014,0.16140
3053.086,0.14734
3051.157,0.13728
3049.228,0.13054
3047.300,0.12614
3045.371,0.12312
3043.442,0.12110
3041.514,0.12022
3039.585,0.12035
3037.656,0.12045
3035.728,0.11932
3033.799,0.11721
3031.870,0.11565
3029.942,0.11547
3028.013,0.11598
3026.084,0.11621
3024.156,0.11596
3022.227,0.11555
3020.298,0.11549
3018.370,0.11626
3016.441,0.11809
3014.512,0.12115
3012.584,0.12589
3010.655,0.13293
3008.726,0.14339
3006.798,0.15869
3004.869,0.17764
3002.940,0.19347
3001.012,0.19723
2999.083,0.18677
2997.154,0.16891
2995.226,0.15161
2993.297,0.13831
2991.368,0.12883
2989.440,0.12231
2987.511,0.11801
2985.582,0.11517
2983.654,0.11334
2981.725,0.11232
2979.796,0.11184
2977.867,0.11180
2975.939,0.11225
2974.010,0.11301
2972.081,0.11398
2970.153,0.11529
2968.224,0.11691
2966.295,0.11873
2964.367,0.12082
2962.438,0.12304
2960.509,0.12521
2958.581,0.12743
2956.652,0.12981
2954.723,0.13253
2952.795,0.13601
2950.866,0.14011
2948.937,0.14332
2947.009,0.14422
2945.080,0.14313
2943.151,0.14179
2941.223,0.14183
2939.294,0.14376
2937.365,0.14733
2935.437,0.15236
2933.508,0.15881
2931.579,0.16648
2929.651,0.17542
2927.722,0.18596
2925.793,0.19824
2923.865,0.21194
2921.936,0.22571
2920.007,0.23615
2918.079,0.23837
2916.150,0.22938
2914.221,0.21217
2912.293,0.19371
2910.364,0.17885
2908.435,0.16828
2906.507,0.16081
2904.578,0.15544
2902.649,0.15136
2900.721,0.14790
2898.792,0.14479
2896.863,0.14190
2894.935,0.13906
2893.006,0.13632
2891.077,0.13375
2889.149,0.13114
2887.220,0.12847
2885.291,0.12585
2883.363,0.12318
2881.434,0.12055
2879.505,0.11824
2877.577,0.11643
2875.648,0.11530
2873.719,0.11502
2871.791,0.11527
2869.862,0.11583
2867.933,0.11701
2866.005,0.11916
2864.076,0.12251
2862.147,0.12737
2860.219,0.13381
2858.290,0.14220
2856.361,0.15386
2854.433,0.17030
2852.504,0.19029
2850.575,0.20591
2848.647,0.20618
2846.718,0.19083
2844.789,0.17142
2842.861,0.15674
2840.932,0.14765
2839.003,0.14206
2837.075,0.13815
2835.146,0.13464
2833.217,0.13102
2831.289,0.12724
2829.360,0.12318
2827.431,0.11894
2825.503,0.11493
2823.574,0.11140
2821.645,0.10861
2819.716,0.10683
2817.788,0.10591
2815.859,0.10554
2813.930,0.10564
2812.002,0.10595
2810.073,0.10623
2808.144,0.10651
2806.216,0.10663
2804.287,0.10624
2802.358,0.10528
2800.430,0.10367
2798.501,0.10132
2796.572,0.09856
2794.644,0.09581
2792.715,0.09326
2790.786,0.09114
2788.858,0.08957
2786.929,0.08827
2785.000,0.08722
2783.072,0.08651
2781.143,0.08592
2779.214,0.08543
2777.286,0.08518
2775.357,0.08504
2773.428,0.08491
2771.500,0.08491
2769.571,0.08489
2767.642,0.08476
2765.714,0.08481
2763.785,0.08506
2761.856,0.08551
2759.928,0.08634
2757.999,0.08746
2756.070,0.08864
2754.142,0.08998
2752.213,0.09151
2750.284,0.09292
2748.356,0.09387
2746.427,0.09386
2744.498,0.09257
2742.570,0.09049
2740.641,0.08825
2738.712,0.08604
2736.784,0.08412
2734.855,0.08268
2732.926,0.08147
2730.998,0.08040
2729.069,0.07959
2727.140,0.07883
2725.212,0.07807
2723.283,0.07751
2721.354,0.07701
2719.426,0.07654
2717.497,0.07632
2715.568,0.07627
2713.640,0.07623
2711.711,0.07640
2709.782,0.07675
2707.854,0.07704
2705.925,0.07738
2703.996,0.07764
2702.068,0.07756
2700.139,0.07738
2698.210,0.07725
2696.282,0.07705
2694.353,0.07698
2692.424,0.07713
2690.496,0.07728
2688.567,0.07748
2686.638,0.07781
2684.710,0.07795
2682.781,0.07790
2680.852,0.07793
2678.924,0.07798
2676.995,0.07812
2675.066,0.07850
2673.138,0.07877
2671.209,0.07871
2669.280,0.07855
2667.352,0.07819
2665.423,0.07761
2663.494,0.07708
2661.566,0.07659
2659.637,0.07599
2657.708,0.07551
2655.779,0.07514
2653.851,0.07470
2651.922,0.07439
2649.993,0.07426
2648.065,0.07411
2646.136,0.07412
2644.207,0.07432
2642.279,0.07440
2640.350,0.07446
2638.421,0.07466
2636.493,0.07476
2634.564,0.07484
2632.635,0.07517
2630.707,0.07555
2628.778,0.07599
2626.849,0.07670
2624.921,0.07741
2622.992,0.07792
2621.063,0.07842
2619.135,0.07875
2617.206,0.07878
2615.277,0.07880
2613.349,0.07878
2611.420,0.07866
2609.491,0.07876
2607.563,0.07903
2605.634,0.07915
2603.705,0.07923
2601.777,0.07925
2599.848,0.07894
2597.919,0.07859
2595.991,0.07843
2594.062,0.07830
2592.133,0.07836
2590.205,0.07869
2588.276,0.07895
2586.347,0.07916
2584.419,0.07947
2582.490,0.07954
2580.561,0.07930
2578.633,0.07897
2576.704,0.07835
2574.775,0.07752
2572.847,0.07685
2570.918,0.07625
2568.989,0.07560
2567.061,0.07517
2565.132,0.07482
2563.203,0.07429
2561.275,0.07388
2559.346,0.07361
2557.417,0.07328
2555.489,0.07323
2553.560,0.07351
2551.631,0.07381
2549.703,0.07432
2547.774,0.07508
2545.845,0.07565
2543.917,0.07605
2541.988,0.07640
2540.059,0.07637
2538.131,0.07606
2536.202,0.07575
2534.273,0.07519
2532.345,0.07444
2530.416,0.07383
2528.487,0.07315
2526.559,0.07240
2524.630,0.07195
2522.701,0.07159
2520.773,0.07120
2518.844,0.07112
2516.915,0.07123
2514.987,0.07137
2513.058,0.07181
2511.129,0.07246
2509.201,0.07300
2507.272,0.07367
2505.343,0.07444
2503.415,0.07494
2501.486,0.07538
2499.557,0.07582
2497.628,0.07595
2495.700,0.07600
2493.771,0.07628
2491.842,0.07653
2489.914,0.07690
2487.985,0.07763
2486.056,0.07835
2484.128,0.07900
2482.199,0.07974
2480.270,0.08020
2478.342,0.08035
2476.413,0.08066
2474.484,0.08101
2472.556,0.08122
2470.627,0.08153
2468.698,0.08168
2466.770,0.08140
2464.841,0.08104
2462.912,0.08064
2460.984,0.08002
2459.055,0.07962
2457.126,0.07952
2455.198,0.07935
2453.269,0.07921
2451.340,0.07909
2449.412,0.07858
2447.483,0.07796
2445.554,0.07754
2443.626,0.07697
2441.697,0.07637
2439.768,0.07601
2437.840,0.07568
2435.911,0.07552
2433.982,0.07584
2432.054,0.07628
2430.125,0.07667
2428.196,0.07733
2426.268,0.07796
2424.339,0.07835
2422.410,0.07869
2420.482,0.07865
2418.553,0.07797
2416.624,0.07720
2414.696,0.07656
2412.767,0.07595
2410.838,0.07576
2408.910,0.07590
2406.981,0.07586
2405.052,0.07579
2403.124,0.07574
2401.195,0.07540
2399.266,0.07511
2397.338,0.07520
2395.409,0.07532
2393.480,0.07557
2391.552,0.07623
2389.623,0.07697
2387.694,0.07785
2385.766,0.07915
2383.837,0.08041
2381.908,0.08142
2379.980,0.08237
2378.051,0.08289
2376.122,0.08276
2374.194,0.08238
2372.265,0.08174
2370.336,0.08085
2368.408,0.08026
2366.479,0.07993
2364.550,0.07961
2362.622,0.07962
2360.693,0.07991
2358.764,0.08004
2356.836,0.08026
2354.907,0.08066
2352.978,0.08082
2351.050,0.08093
2349.121,0.08111
2347.192,0.08091
2345.264,0.08038
2343.335,0.07971
2341.406,0.07851
2339.478,0.07692
2337.549,0.07546
2335.620,0.07400
2333.691,0.07264
2331.763,0.07180
2329.834,0.07120
2327.905,0.07063
2325.977,0.07048
2324.048,0.07049
2322.119,0.07040
2320.191,0.07058
2318.262,0.07091
2316.333,0.07112
2314.405,0.07164
2312.476,0.07248
2310.547,0.07324
2308.619,0.07419
2306.690,0.07537
2304.761,0.07633
2302.833,0.07722
2300.904,0.07812
2298.975,0.07849
2297.047,0.07838
2295.118,0.07804
2293.189,0.07722
2291.261,0.07620
2289.332,0.07551
2287.403,0.07485
2285.475,0.07417
2283.546,0.07388
2281.617,0.07367
2279.689,0.07335
2277.760,0.07331
2275.831,0.07329
2273.903,0.07305
2271.974,0.07305
2270.045,0.07316
2268.117,0.07303
2266.188,0.07299
2264.259,0.07299
2262.331,0.07262
2260.402,0.07227
2258.473,0.07209
2256.545,0.07173
2254.616,0.07147
2252.687,0.07143
2250.759,0.07111
2248.830,0.07067
2246.901,0.07042
2244.973,0.06998
2243.044,0.06947
2241.115,0.06928
2239.187,0.06901
2237.258,0.06861
2235.329,0.06848
2233.401,0.06831
2231.472,0.06793
2229.543,0.06777
2227.615,0.06761
2225.686,0.06724
2223.757,0.06712
2221.829,0.06712
2219.900,0.06691
2217.971,0.06691
2216.043,0.06706
2214.114,0.06694
2212.185,0.06693
2210.257,0.06716
2208.328,0.06724
2206.399,0.06751
2204.471,0.06819
2202.542,0.06878
2200.613,0.06943
2198.685,0.07033
2196.756,0.07099
2194.827,0.07141
2192.899,0.07187
2190.970,0.07193
2189.041,0.07161
2187.113,0.07145
2185.184,0.07121
2183.255,0.07086
2181.327,0.07087
2179.398,0.07091
2177.469,0.07071
2175.540,0.07076
2173.612,0.07096
2171.683,0.07102
2169.754,0.07138
2167.826,0.07187
2165.897,0.07202
2163.968,0.07219
2162.040,0.07242
2160.111,0.07227
2158.182,0.07203
2156.254,0.07188
2154.325,0.07143
2152.396,0.07096
2150.468,0.07081
2148.539,0.07054
2146.610,0.07027
2144.682,0.07034
2142.753,0.07025
2140.824,0.07002
2138.896,0.07014
2136.967,0.07028
2135.038,0.07034
2133.110,0.07076
2131.181,0.07115
2129.252,0.07121
2127.324,0.07133
2125.395,0.07132
2123.466,0.07094
2121.538,0.07075
2119.609,0.07070
2117.680,0.07045
2115.752,0.07044
2113.823,0.07070
2111.894,0.07066
2109.966,0.07064
2108.037,0.07084
2106.108,0.07085
2104.180,0.07093
2102.251,0.07125
2100.322,0.07128
2098.394,0.07113
2096.465,0.07121
2094.536,0.07102
2092.608,0.07059
2090.679,0.07037
2088.750,0.07000
2086.822,0.06950
2084.893,0.06942
2082.964,0.06949
2081.036,0.06950
2079.107,0.06997
2077.178,0.07065
2075.250,0.07123
2073.321,0.07217
2071.392,0.07330
2069.464,0.07407
2067.535,0.07479
2065.606,0.07535
2063.678,0.07525
2061.749,0.07498
2059.820,0.07476
2057.892,0.07422
2055.963,0.07371
2054.034,0.07348
2052.106,0.07303
2050.177,0.07255
2048.248,0.07237
2046.320,0.07206
2044.391,0.07175
2042.462,0.07191
2040.534,0.07211
2038.605,0.07227
2036.676,0.07289
2034.748,0.07355
2032.819,0.07403
2030.890,0.07479
2028.962,0.07552
2027.033,0.07585
2025.104,0.07620
2023.176,0.07635
2021.247,0.07595
2019.318,0.07567
2017.390,0.07559
2015.461,0.07532
2013.532,0.07532
2011.603,0.07571
2009.675,0.07592
2007.746,0.07622
2005.817,0.07674
2003.889,0.07687
2001.960,0.07680
2000.031,0.07691
1998.103,0.07673
1996.174,0.07648
1994.245,0.07669
1992.317,0.07692
1990.388,0.07714
1988.459,0.07782
1986.531,0.07850
1984.602,0.07896
1982.673,0.07971
1980.745,0.08039
1978.816,0.08070
1976.887,0.08116
1974.959,0.08159
1973.030,0.08165
1971.101,0.08191
1969.173,0.08232
1967.244,0.08242
1965.315,0.08266
1963.387,0.08311
1961.458,0.08324
1959.529,0.08339
1957.601,0.08375
1955.672,0.08377
1953.743,0.08377
1951.815,0.08410
1949.886,0.08420
1947.957,0.08427
1946.029,0.08477
1944.100,0.08509
1942.171,0.08516
1940.243,0.08542
1938.314,0.08544
1936.385,0.08513
1934.457,0.08514
1932.528,0.08518
1930.599,0.08508
1928.671,0.08540
1926.742,0.08587
1924.813,0.08611
1922.885,0.08667
1920.956,0.08739
1919.027,0.08774
1917.099,0.08814
1915.170,0.08859
1913.241,0.08857
1911.313,0.08858
1909.384,0.08877
1907.455,0.08859
1905.527,0.08844
1903.598,0.08862
1901.669,0.08852
1899.741,0.08838
1897.812,0.08866
1895.883,0.08879
1893.955,0.08888
1892.026,0.08945
1890.097,0.08997
1888.169,0.09034
1886.240,0.09111
1884.311,0.09185
1882.383,0.09233
1880.454,0.09315
1878.525,0.09394
1876.597,0.09432
1874.668,0.09484
1872.739,0.09536
1870.811,0.09548
1868.882,0.09580
1866.953,0.09624
1865.025,0.09632
1863.096,0.09658
1861.167,0.09708
1859.239,0.09713
1857.310,0.09712
1855.381,0.09733
1853.452,0.09722
1851.524,0.09720
1849.595,0.09773
1847.666,0.09819
1845.738,0.09872
1843.809,0.09966
1841.880,0.10035
1839.952,0.10086
1838.023,0.10172
1836.094,0.10238
1834.166,0.10273
1832.237,0.10350
1830.308,0.10429
1828.380,0.10478
1826.451,0.10565
1824.522,0.10661
1822.594,0.10720
1820.665,0.10812
1818.736,0.10928
1816.808,0.11015
1814.879,0.11132
1812.950,0.11283
1811.022,0.11397
1809.093,0.11512
1807.164,0.11638
1805.236,0.11706
1803.307,0.11755
1801.378,0.11821
1799.450,0.11845
1797.521,0.11862
1795.592,0.11929
1793.664,0.11982
1791.735,0.12027
1789.806,0.12121
1787.878,0.12221
1785.949,0.12328
1784.020,0.12501
1782.092,0.12689
1780.163,0.12869
1778.234,0.13102
1776.306,0.13342
1774.377,0.13533
1772.448,0.13720
1770.520,0.13860
1768.591,0.13904
1766.662,0.13934
1764.734,0.13973
1762.805,0.13989
1760.876,0.14045
1758.948,0.14150
1757.019,0.14239
1755.090,0.14356
1753.162,0.14528
1751.233,0.14683
1749.304,0.14846
1747.376,0.15055
1745.447,0.15249
1743.518,0.15450
1741.590,0.15703
1739.661,0.15933
1737.732,0.16144
1735.804,0.16399
1733.875,0.16629
1731.946,0.16818
1730.018,0.17045
1728.089,0.17269
1726.160,0.17467
1724.232,0.17717
1722.303,0.17990
1720.374,0.18256
1718.446,0.18585
1716.517,0.18937
1714.588,0.19233
1712.660,0.19530
1710.731,0.19848
1708.802,0.20157
1706.874,0.20517
1704.945,0.20891
1703.016,0.21143
1701.088,0.21312
1699.159,0.21499
1697.230,0.21681
1695.302,0.21866
1693.373,0.22093
1691.444,0.22338
1689.515,0.22617
1687.587,0.22928
1685.658,0.23176
1683.729,0.23372
1681.801,0.23612
1679.872,0.23877
1677.943,0.24167
1676.015,0.24526
1674.086,0.24896
1672.157,0.25258
1670.229,0.25681
1668.300,0.26124
1666.371,0.26559
1664.443,0.27061
1662.514,0.27611
1660.585,0.28161
1658.657,0.28781
1656.728,0.29479
1654.799,0.30214
1652.871,0.31022
1650.942,0.31891
1649.013,0.32771
1647.085,0.33687
1645.156,0.34615
1643.227,0.35490
1641.299,0.36371
1639.370,0.37309
1637.441,0.38294
1635.513,0.39381
1633.584,0.40626
1631.655,0.42013
1629.727,0.43574
1627.798,0.45343
1625.869,0.47277
1623.941,0.49396
1622.012,0.51765
1620.083,0.54411
1618.155,0.57391
1616.226,0.60792
1614.297,0.64661
1612.369,0.69158
1610.440,0.74642
1608.511,0.81604
1606.583,0.90633
1604.654,1.02225
1602.725,1.16222
1600.797,1.31050
1598.868,1.43638
1596.939,1.51628
1595.011,1.55822
1593.082,1.56957
1591.153,1.51427
1589.225,1.37478
1587.296,1.21455
1585.367,1.09731
1583.439,1.04576
1581.510,1.05942
1579.581,1.12610
1577.653,1.22186
1575.724,1.31038
1573.795,1.35240
1571.867,1.32229
1569.938,1.22065
1568.009,1.07641
1566.081,0.92525
1564.152,0.78832
1562.223,0.67264
1560.295,0.57838
1558.366,0.50434
1556.437,0.45079
1554.509,0.41840
1552.580,0.40594
1550.651,0.41208
1548.723,0.43887
1546.794,0.49193
1544.865,0.57765
1542.937,0.69513
1541.008,0.82121
1539.079,0.91657
1537.151,0.97627
1535.222,1.02960
1533.293,1.07019
1531.364,1.04857
1529.436,0.95221
1527.507,0.82659
1525.578,0.71087
1523.650,0.61747
1521.721,0.54476
1519.792,0.48831
1517.864,0.44407
1515.935,0.40824
1514.006,0.37891
1512.078,0.35586
1510.149,0.33750
1508.220,0.32129
1506.292,0.30590
1504.363,0.29080
1502.434,0.27668
1500.506,0.26530
1498.577,0.25669
1496.648,0.24968
1494.720,0.24382
1492.791,0.23805
1490.862,0.23153
1488.934,0.22556
1487.005,0.22119
1485.076,0.21893
1483.148,0.22015
1481.219,0.22512
1479.290,0.23350
1477.362,0.24719
1475.433,0.26660
1473.504,0.28685
1471.576,0.30594
1469.647,0.33251
1467.718,0.37972
1465.790,0.45961
1463.861,0.57951
1461.932,0.72342
1460.004,0.81962
1458.075,0.77962
1456.146,0.63947
1454.218,0.49633
1452.289,0.39311
1450.360,0.33220
1448.432,0.30488
1446.503,0.30362
1444.574,0.32408
1442.646,0.36591
1440.717,0.43178
1438.788,0.52075
1436.860,0.61722
1434.931,0.68370
1433.002,0.68883
1431.074,0.65287
1429.145,0.62228
1427.216,0.62416
1425.288,0.65323
1423.359,0.66330
1421.430,0.60228
1419.502,0.49497
1417.573,0.40155
1415.644,0.34488
1413.716,0.31928
1411.787,0.31456
1409.858,0.32373
1407.930,0.34276
1406.001,0.37133
1404.072,0.41153
1402.144,0.46540
1400.215,0.53703
1398.286,0.63179
1396.358,0.74758
1394.429,0.86743
1392.500,0.96637
1390.572,1.02295
1388.643,1.01413
1386.714,0.92995
1384.786,0.80053
1382.857,0.67016
1380.928,0.56762
1379.000,0.50179
1377.071,0.45825
1375.142,0.40873
1373.214,0.34647
1371.285,0.29190
1369.356,0.26019
1367.427,0.25074
1365.499,0.25771
1363.570,0.27859
1361.641,0.31426
1359.713,0.36657
1357.784,0.43853
1355.855,0.52945
1353.927,0.62249
1351.998,0.67932
1350.069,0.66852
1348.141,0.60627
1346.212,0.53458
1344.283,0.47869
1342.355,0.44359
1340.426,0.42810
1338.497,0.42981
1336.569,0.44136
1334.640,0.45498
1332.711,0.47182
1330.783,0.49925
1328.854,0.54242
1326.925,0.60059
1324.997,0.66564
1323.068,0.72387
1321.139,0.76440
1319.211,0.78817
1317.282,0.80801
1315.353,0.83627
1313.425,0.86900
1311.496,0.88129
1309.567,0.84739
1307.639,0.77211
1305.710,0.68512
1303.781,0.61143
1301.853,0.55990
1299.924,0.52805
1297.995,0.51105
1296.067,0.50626
1294.138,0.51253
1292.209,0.52973
1290.281,0.55871
1288.352,0.60075
1286.423,0.65974
1284.495,0.74386
1282.566,0.86368
1280.637,1.02813
1278.709,1.23542
1276.780,1.45714
1274.851,1.63899
1272.923,1.76233
1270.994,1.86692
1269.065,1.94977
1267.137,1.91019
1265.208,1.70651
1263.279,1.45129
1261.351,1.22571
1259.422,1.04612
1257.493,0.90705
1255.565,0.80149
1253.636,0.72612
1251.707,0.67913
1249.779,0.65425
1247.850,0.63895
1245.921,0.62538
1243.993,0.62070
1242.064,0.63863
1240.135,0.68570
1238.207,0.75490
1236.278,0.82443
1234.349,0.86509
1232.421,0.86173
1230.492,0.82586
1228.563,0.78024
1226.635,0.74348
1224.706,0.72877
1222.777,0.74271
1220.849,0.77816
1218.920,0.80885
1216.991,0.80282
1215.063,0.75375
1213.134,0.68366
1211.205,0.61493
1209.277,0.55710
1207.348,0.51111
1205.419,0.47489
1203.490,0.44463
1201.562,0.41653
1199.633,0.39023
1197.704,0.36703
1195.776,0.34681
1193.847,0.32956
1191.918,0.31524
1189.990,0.30246
1188.061,0.29081
1186.132,0.28071
1184.204,0.27111
1182.275,0.26151
1180.346,0.25260
1178.418,0.24389
1176.489,0.23533
1174.560,0.22791
1172.632,0.22103
1170.703,0.21415
1168.774,0.20825
1166.846,0.20289
1164.917,0.19743
1162.988,0.19298
1161.060,0.18928
1159.131,0.18557
1157.202,0.18301
1155.274,0.18172
1153.345,0.18080
1151.416,0.18091
1149.488,0.18142
1147.559,0.18030
1145.630,0.17782
1143.702,0.17451
1141.773,0.16975
1139.844,0.16475
1137.916,0.16059
1135.987,0.15650
1134.058,0.15335
1132.130,0.15169
1130.201,0.14925
1128.272,0.14508
1126.344,0.14003
1124.415,0.13394
1122.486,0.12790
1120.558,0.12337
1118.629,0.11921
1116.700,0.11514
1114.772,0.11231
1112.843,0.10972
1110.914,0.10693
1108.986,0.10516
1107.057,0.10347
1105.128,0.10116
1103.200,0.09964
1101.271,0.09841
1099.342,0.09678
1097.414,0.09631
1095.485,0.09694
1093.556,0.09817
1091.628,0.10164
1089.699,0.10670
1087.770,0.11065
1085.842,0.11306
1083.913,0.11359
1081.984,0.11194
1080.056,0.11022
1078.127,0.10930
1076.198,0.10841
1074.270,0.10877
1072.341,0.11084
1070.412,0.11353
1068.484,0.11788
1066.555,0.12461
1064.626,0.13261
1062.698,0.14255
1060.769,0.15514
1058.840,0.16951
1056.912,0.18675
1054.983,0.20878
1053.054,0.23682
1051.126,0.27466
1049.197,0.32837
1047.268,0.40498
1045.339,0.51451
1043.411,0.66355
1041.482,0.82634
1039.553,0.90698
1037.625,0.83667
1035.696,0.69817
1033.767,0.57098
1031.839,0.47574
1029.910,0.41316
1027.981,0.37954
1026.053,0.36985
1024.124,0.37776
1022.195,0.39458
1020.267,0.40996
1018.338,0.41324
1016.409,0.39818
1014.481,0.36814
1012.552,0.33111
1010.623,0.29260
1008.695,0.25635
1006.766,0.22455
1004.837,0.19680
1002.909,0.17327
1000.980,0.15491
999.051,0.14052
997.123,0.12932
995.194,0.12176
993.265,0.11640
991.337,0.11242
989.408,0.11076
987.479,0.11070
985.551,0.11178
983.622,0.11526
981.693,0.12067
979.765,0.12768
977.836,0.13770
975.907,0.15039
973.979,0.16517
972.050,0.18321
970.121,0.20415
968.193,0.22646
966.264,0.24978
964.335,0.27367
962.407,0.29844
960.478,0.32641
958.549,0.35975
956.621,0.40067
954.692,0.45221
952.763,0.51589
950.835,0.58892
948.906,0.65865
946.977,0.70060
945.049,0.70037
943.120,0.67386
941.191,0.64791
939.263,0.64006
937.334,0.65932
935.405,0.71109
933.477,0.79924
931.548,0.92533
929.619,1.08282
927.691,1.24621
925.762,1.36351
923.833,1.38915
921.905,1.34660
919.976,1.29547
918.047,1.26641
916.119,1.25651
914.190,1.24619
912.261,1.21437
910.333,1.15098
908.404,1.06207
906.475,0.96264
904.547,0.86567
902.618,0.77748
900.689,0.70028
898.761,0.63442
896.832,0.57872
894.903,0.53234
892.975,0.49626
891.046,0.47379
889.117,0.47340
887.189,0.50780
885.260,0.57849
883.331,0.65188
881.402,0.66931
879.474,0.62106
877.545,0.55106
875.616,0.48928
873.688,0.44086
871.759,0.40229
869.830,0.37060
867.902,0.34408
865.973,0.32117
864.044,0.30196
862.116,0.28695
860.187,0.27664
858.258,0.27646
856.330,0.29667
854.401,0.33483
852.472,0.36379
850.544,0.36896
848.615,0.37787
846.686,0.41303
844.758,0.45461
842.829,0.45837
840.900,0.41456
838.972,0.35670
837.043,0.30924
835.114,0.27622
833.186,0.25516
831.257,0.24103
829.328,0.22935
827.400,0.21940
825.471,0.21093
823.542,0.20354
821.614,0.19805
819.685,0.19371
817.756,0.18938
815.828,0.18576
813.899,0.18236
811.970,0.17828
810.042,0.17478
808.113,0.17212
806.184,0.17019
804.256,0.17105
802.327,0.17615
800.398,0.18681
798.470,0.20718
796.541,0.24208
794.612,0.29783
792.684,0.38424
790.755,0.50828
788.826,0.66154
786.898,0.81118
784.969,0.91533
783.040,0.95355
781.112,0.91402
779.183,0.80152
777.254,0.66280
775.326,0.54185
773.397,0.45144
771.468,0.38559
769.540,0.33648
767.611,0.30027
765.682,0.27469
763.754,0.25977
761.825,0.25892
759.896,0.28125
757.968,0.34514
756.039,0.45479
754.110,0.54633
752.182,0.52640
750.253,0.43658
748.324,0.35876
746.396,0.31251
744.467,0.29277
742.538,0.29385
740.610,0.30815
738.681,0.32115
736.752,0.31761
734.824,0.29823
732.895,0.27724
730.966,0.26112
729.038,0.24599
727.109,0.23134
725.180,0.22037
723.251,0.21388
721.323,0.21141
719.394,0.20885
717.465,0.20106
715.537,0.19113
713.608,0.18408
711.679,0.17873
709.751,0.17401
707.822,0.17063
705.893,0.16716
703.965,0.16337
702.036,0.16064
700.107,0.15788
698.179,0.15473
696.250,0.15270
694.321,0.15073
692.393,0.14817
690.464,0.14655
688.535,0.14505
686.607,0.14308
684.678,0.14254
682.749,0.14300
680.821,0.14403
678.892,0.14825
676.963,0.15615
675.035,0.16615
673.106,0.17653
671.177,0.18171
669.249,0.17750
667.320,0.16797
665.391,0.15800
663.463,0.14949
661.534,0.14464
659.605,0.14206
657.677,0.13785
655.748,0.13274
653.819,0.12833
651.891,0.12404
649.962,0.12124
648.033,0.12012
646.105,0.11846
644.176,0.11722
642.247,0.11701
640.319,0.11580
638.390,0.11469
636.461,0.11504
634.533,0.11574
632.604,0.11877
630.675,0.12625
628.747,0.13551
626.818,0.14402
624.889,0.15116
622.961,0.15744
621.032,0.16709
619.103,0.18342
617.175,0.20594
615.246,0.23668
613.317,0.27943
611.389,0.33381
609.460,0.39540
607.531,0.45412
605.603,0.49345
603.674,0.50347
601.745,0.48854
599.817,0.46013
597.888,0.43522
595.959,0.43260
594.031,0.45641
592.102,0.48704
590.173,0.50175
588.245,0.49708
586.316,0.47462
584.387,0.43414
582.459,0.38391
580.530,0.33610
578.601,0.29807
576.673,0.26947
574.744,0.24676
572.815,0.22949
570.887,0.21661
568.958,0.20515
567.029,0.19566
565.101,0.18841
563.172,0.18116
561.243,0.17501
559.314,0.17071
557.386,0.16597
555.457,0.16171
553.528,0.15898
551.600,0.15551
549.671,0.15215
547.742,0.15021
545.814,0.14746
543.885,0.14461
541.956,0.14320
540.028,0.14100
538.099,0.13863
536.170,0.13778
534.242,0.13615
532.313,0.13414
530.384,0.13364
528.456,0.13247
526.527,0.13087
524.598,0.13072
522.670,0.12984
520.741,0.12847
518.812,0.12878
516.884,0.12875
514.955,0.12838
513.026,0.12988
511.098,0.13152
509.169,0.13349
507.240,0.13802
505.312,0.14321
503.383,0.14898
501.454,0.15791
499.526,0.16855
497.597,0.18041
495.668,0.19522
493.740,0.21017
491.811,0.22292
489.882,0.23433
487.954,0.24218
486.025,0.24511
484.096,0.24500
482.168,0.24122
480.239,0.23464
478.310,0.22870
476.382,0.22321
474.453,0.21921
472.524,0.22043
470.596,0.22761
468.667,0.24257
466.738,0.26789
464.810,0.29791
462.881,0.32213
460.952,0.33318
459.024,0.32727
457.095,0.30926
455.166,0.28915
453.238,0.27027
451.309,0.25335
449.380,0.24056
447.452,0.22973
445.523,0.21898
443.594,0.21054
441.666,0.20338
439.737,0.19600
437.808,0.19032
435.880,0.18430
433.951,0.17624
432.022,0.16989
430.094,0.16513
428.165,0.16001
426.236,0.15708
424.308,0.15614
422.379,0.15655
420.450,0.16286
418.522,0.17628
416.593,0.19577
414.664,0.22264
412.736,0.24978
410.807,0.26437
408.878,0.26457
406.950,0.25513
405.021,0.23974
403.092,0.22452
401.163,0.21473
399.235,0.21076
