6999.146,0.26576
6997.217,0.26551
6995.288,0.26536
6993.360,0.26531
6991.431,0.26525
6989.502,0.26504
6987.574,0.26479
6985.645,0.26463
6983.716,0.26451
6981.788,0.26434
6979.859,0.26424
6977.930,0.26420
6976.002,0.26414
6974.073,0.26414
6972.144,0.26418
6970.216,0.26415
6968.287,0.26408
6966.358,0.26403
6964.430,0.26391
6962.501,0.26376
6960.572,0.26363
6958.644,0.26361
6956.715,0.26372
6954.786,0.26380
6952.858,0.26367
6950.929,0.26348
6949.000,0.26337
6947.072,0.26329
6945.143,0.26309
6943.214,0.26285
6941.286,0.26275
6939.357,0.26278
6937.428,0.26276
6935.500,0.26265
6933.571,0.26242
6931.642,0.26217
6929.714,0.26204
6927.785,0.26196
6925.856,0.26189
6923.928,0.26190
6921.999,0.26191
6920.070,0.26182
6918.142,0.26177
6916.213,0.26167
6914.284,0.26144
6912.356,0.26117
6910.427,0.26095
6908.498,0.26086
6906.570,0.26089
6904.641,0.26087
6902.712,0.26069
6900.784,0.26044
6898.855,0.26031
6896.926,0.26045
6894.998,0.26066
6893.069,0.26062
6891.140,0.26041
6889.212,0.26033
6887.283,0.26024
6885.354,0.26003
6883.426,0.25982
6881.497,0.25977
6879.568,0.25976
6877.640,0.25964
6875.711,0.25945
6873.782,0.25915
6871.854,0.25880
6869.925,0.25869
6867.996,0.25873
6866.068,0.25851
6864.139,0.25815
6862.210,0.25805
6860.282,0.25817
6858.353,0.25826
6856.424,0.25823
6854.496,0.25804
6852.567,0.25775
6850.638,0.25746
6848.709,0.25735
6846.781,0.25735
6844.852,0.25722
6842.923,0.25702
6840.995,0.25688
6839.066,0.25680
6837.137,0.25669
6835.209,0.25656
6833.280,0.25641
6831.351,0.25628
6829.423,0.25620
6827.494,0.25616
6825.565,0.25607
6823.637,0.25593
6821.708,0.25587
6819.779,0.25580
6817.851,0.25556
6815.922,0.25531
6813.993,0.25526
6812.065,0.25534
6810.136,0.25526
6808.207,0.25496
6806.279,0.25477
6804.350,0.25480
6802.421,0.25476
6800.493,0.25454
6798.564,0.25434
6796.635,0.25422
6794.707,0.25408
6792.778,0.25390
6790.849,0.25382
6788.921,0.25385
6786.992,0.25378
6785.063,0.25351
6783.135,0.25324
6781.206,0.25318
6779.277,0.25329
6777.349,0.25318
6775.420,0.25279
6773.491,0.25253
6771.563,0.25251
6769.634,0.25252
6767.705,0.25242
6765.777,0.25225
6763.848,0.25211
6761.919,0.25209
6759.991,0.25204
6758.062,0.25176
6756.133,0.25146
6754.205,0.25138
6752.276,0.25141
6750.347,0.25143
6748.419,0.25138
6746.490,0.25120
6744.561,0.25092
6742.633,0.25071
6740.704,0.25062
6738.775,0.25062
6736.847,0.25057
6734.918,0.25047
6732.989,0.25037
6731.061,0.25023
6729.132,0.25009
6727.203,0.24997
6725.275,0.24982
6723.346,0.24966
6721.417,0.24947
6719.489,0.24923
6717.560,0.24909
6715.631,0.24903
6713.703,0.24896
6711.774,0.24892
6709.845,0.24892
6707.917,0.24888
6705.988,0.24873
6704.059,0.24861
6702.131,0.24864
6700.202,0.24862
6698.273,0.24835
6696.345,0.24795
6694.416,0.24764
6692.487,0.24743
6690.558,0.24734
6688.630,0.24740
6686.701,0.24749
6684.772,0.24747
6682.844,0.24729
6680.915,0.24707
6678.986,0.24695
6677.058,0.24682
6675.129,0.24667
6673.200,0.24661
6671.272,0.24657
6669.343,0.24649
6667.414,0.24639
6665.486,0.24624
6663.557,0.24605
6661.628,0.24587
6659.700,0.24571
6657.771,0.24557
6655.842,0.24542
6653.914,0.24524
6651.985,0.24514
6650.056,0.24514
6648.128,0.24509
6646.199,0.24499
6644.270,0.24491
6642.342,0.24480
6640.413,0.24464
6638.484,0.24447
6636.556,0.24421
6634.627,0.24396
6632.698,0.24388
6630.770,0.24395
6628.841,0.24398
6626.912,0.24385
6624.984,0.24364
6623.055,0.24351
6621.126,0.24355
6619.198,0.24360
6617.269,0.24349
6615.340,0.24329
6613.412,0.24311
6611.483,0.24295
6609.554,0.24282
6607.626,0.24274
6605.697,0.24265
6603.768,0.24244
6601.840,0.24218
6599.911,0.24197
6597.982,0.24177
6596.054,0.24171
6594.125,0.24181
6592.196,0.24176
6590.268,0.24153
6588.339,0.24136
6586.410,0.24129
6584.482,0.24126
6582.553,0.24125
6580.624,0.24118
6578.696,0.24102
6576.767,0.24076
6574.838,0.24054
6572.910,0.24054
6570.981,0.24069
6569.052,0.24077
6567.124,0.24064
6565.195,0.24037
6563.266,0.24012
6561.338,0.23993
6559.409,0.23988
6557.480,0.23991
6555.552,0.23979
6553.623,0.23954
6551.694,0.23932
6549.766,0.23917
6547.837,0.23907
6545.908,0.23904
6543.980,0.23897
6542.051,0.23884
6540.122,0.23864
6538.194,0.23844
6536.265,0.23833
6534.336,0.23829
6532.408,0.23824
6530.479,0.23821
6528.550,0.23811
6526.621,0.23795
6524.693,0.23787
6522.764,0.23786
6520.835,0.23778
6518.907,0.23762
6516.978,0.23741
6515.049,0.23718
6513.121,0.23700
6511.192,0.23690
6509.263,0.23684
6507.335,0.23682
6505.406,0.23686
6503.477,0.23680
6501.549,0.23665
6499.620,0.23654
6497.691,0.23654
6495.763,0.23654
6493.834,0.23641
6491.905,0.23614
6489.977,0.23586
6488.048,0.23569
6486.119,0.23555
6484.191,0.23540
6482.262,0.23530
6480.333,0.23523
6478.405,0.23514
6476.476,0.23504
6474.547,0.23498
6472.619,0.23493
6470.690,0.23483
6468.761,0.23470
6466.833,0.23458
6464.904,0.23444
6462.975,0.23430
6461.047,0.23421
6459.118,0.23409
6457.189,0.23384
6455.261,0.23356
6453.332,0.23338
6451.403,0.23333
6449.475,0.23334
6447.546,0.23327
6445.617,0.23309
6443.689,0.23291
6441.760,0.23273
6439.831,0.23268
6437.903,0.23282
6435.974,0.23285
6434.045,0.23261
6432.117,0.23231
6430.188,0.23211
6428.259,0.23201
6426.331,0.23194
6424.402,0.23183
6422.473,0.23171
6420.545,0.23160
6418.616,0.23146
6416.687,0.23138
6414.759,0.23142
6412.830,0.23144
6410.901,0.23129
6408.973,0.23104
6407.044,0.23080
6405.115,0.23064
6403.187,0.23063
6401.258,0.23061
6399.329,0.23044
6397.401,0.23013
6395.472,0.22986
6393.543,0.22981
6391.615,0.22992
6389.686,0.23003
6387.757,0.23015
6385.829,0.23011
6383.900,0.22981
6381.971,0.22953
6380.043,0.22941
6378.114,0.22939
6376.185,0.22939
6374.257,0.22932
6372.328,0.22914
6370.399,0.22890
6368.471,0.22867
6366.542,0.22854
6364.613,0.22855
6362.684,0.22861
6360.756,0.22852
6358.827,0.22834
6356.898,0.22816
6354.970,0.22805
6353.041,0.22798
6351.112,0.22789
6349.184,0.22775
6347.255,0.22759
6345.326,0.22750
6343.398,0.22748
6341.469,0.22746
6339.540,0.22738
6337.612,0.22720
6335.683,0.22692
6333.754,0.22666
6331.826,0.22662
6329.897,0.22677
6327.968,0.22686
6326.040,0.22672
6324.111,0.22652
6322.182,0.22640
6320.254,0.22632
6318.325,0.22628
6316.396,0.22627
6314.468,0.22616
6312.539,0.22593
6310.610,0.22573
6308.682,0.22568
6306.753,0.22564
6304.824,0.22556
6302.896,0.22547
6300.967,0.22526
6299.038,0.22505
6297.110,0.22501
6295.181,0.22506
6293.252,0.22500
6291.324,0.22482
6289.395,0.22462
6287.466,0.22456
6285.538,0.22459
6283.609,0.22457
6281.680,0.22447
6279.752,0.22437
6277.823,0.22430
6275.894,0.22421
6273.966,0.22406
6272.037,0.22392
6270.108,0.22388
6268.180,0.22393
6266.251,0.22389
6264.322,0.22369
6262.394,0.22342
6260.465,0.22320
6258.536,0.22309
6256.608,0.22305
6254.679,0.22297
6252.750,0.22281
6250.822,0.22264
6248.893,0.22250
6246.964,0.22245
6245.036,0.22244
6243.107,0.22241
6241.178,0.22232
6239.250,0.22215
6237.321,0.22194
6235.392,0.22182
6233.464,0.22177
6231.535,0.22173
6229.606,0.22167
6227.678,0.22158
6225.749,0.22149
6223.820,0.22140
6221.892,0.22134
6219.963,0.22134
6218.034,0.22129
6216.106,0.22114
6214.177,0.22098
6212.248,0.22095
6210.320,0.22102
6208.391,0.22105
6206.462,0.22098
6204.533,0.22081
6202.605,0.22057
6200.676,0.22045
6198.747,0.22053
6196.819,0.22057
6194.890,0.22044
6192.961,0.22023
6191.033,0.22009
6189.104,0.22013
6187.175,0.22031
6185.247,0.22039
6183.318,0.22038
6181.389,0.22037
6179.461,0.22035
6177.532,0.22037
6175.603,0.22054
6173.675,0.22083
6171.746,0.22108
6169.817,0.22129
6167.889,0.22152
6165.960,0.22188
6164.031,0.22247
6162.103,0.22334
6160.174,0.22441
6158.245,0.22558
6156.317,0.22681
6154.388,0.22798
6152.459,0.22884
6150.531,0.22909
6148.602,0.22863
6146.673,0.22772
6144.745,0.22673
6142.816,0.22594
6140.887,0.22547
6138.959,0.22529
6137.030,0.22547
6135.101,0.22612
6133.173,0.22691
6131.244,0.22718
6129.315,0.22657
6127.387,0.22541
6125.458,0.22416
6123.529,0.22299
6121.601,0.22190
6119.672,0.22084
6117.743,0.21989
6115.815,0.21918
6113.886,0.21869
6111.957,0.21833
6110.029,0.21794
6108.100,0.21746
6106.171,0.21697
6104.243,0.21661
6102.314,0.21648
6100.385,0.21650
6098.457,0.21651
6096.528,0.21642
6094.599,0.21625
6092.671,0.21599
6090.742,0.21570
6088.813,0.21548
6086.885,0.21531
6084.956,0.21513
6083.027,0.21489
6081.099,0.21471
6079.170,0.21468
6077.241,0.21476
6075.313,0.21481
6073.384,0.21472
6071.455,0.21456
6069.527,0.21444
6067.598,0.21440
6065.669,0.21451
6063.741,0.21480
6061.812,0.21515
6059.883,0.21526
6057.955,0.21507
6056.026,0.21477
6054.097,0.21449
6052.169,0.21422
6050.240,0.21398
6048.311,0.21382
6046.383,0.21368
6044.454,0.21356
6042.525,0.21357
6040.596,0.21371
6038.668,0.21372
6036.739,0.21344
6034.810,0.21311
6032.882,0.21296
6030.953,0.21291
6029.024,0.21291
6027.096,0.21300
6025.167,0.21305
6023.238,0.21303
6021.310,0.21306
6019.381,0.21319
6017.452,0.21341
6015.524,0.21371
6013.595,0.21407
6011.666,0.21453
6009.738,0.21510
6007.809,0.21565
6005.880,0.21599
6003.952,0.21601
6002.023,0.21574
6000.094,0.21526
5998.166,0.21462
5996.237,0.21389
5994.308,0.21326
5992.380,0.21278
5990.451,0.21232
5988.522,0.21179
5986.594,0.21125
5984.665,0.21077
5982.736,0.21044
5980.808,0.21026
5978.879,0.21007
5976.950,0.20975
5975.022,0.20940
5973.093,0.20916
5971.164,0.20903
5969.236,0.20895
5967.307,0.20882
5965.378,0.20867
5963.450,0.20856
5961.521,0.20845
5959.592,0.20829
5957.664,0.20816
5955.735,0.20810
5953.806,0.20807
5951.878,0.20793
5949.949,0.20770
5948.020,0.20754
5946.092,0.20754
5944.163,0.20767
5942.234,0.20773
5940.306,0.20761
5938.377,0.20742
5936.448,0.20731
5934.520,0.20726
5932.591,0.20726
5930.662,0.20726
5928.734,0.20719
5926.805,0.20710
5924.876,0.20705
5922.948,0.20704
5921.019,0.20702
5919.090,0.20697
5917.162,0.20693
5915.233,0.20691
5913.304,0.20689
5911.376,0.20688
5909.447,0.20693
5907.518,0.20699
5905.590,0.20697
5903.661,0.20686
5901.732,0.20676
5899.804,0.20674
5897.875,0.20676
5895.946,0.20676
5894.018,0.20668
5892.089,0.20651
5890.160,0.20630
5888.232,0.20613
5886.303,0.20599
5884.374,0.20589
5882.445,0.20584
5880.517,0.20579
5878.588,0.20573
5876.659,0.20571
5874.731,0.20568
5872.802,0.20566
5870.873,0.20568
5868.945,0.20571
5867.016,0.20571
5865.087,0.20570
5863.159,0.20574
5861.230,0.20581
5859.301,0.20588
5857.373,0.20595
5855.444,0.20599
5853.515,0.20601
5851.587,0.20611
5849.658,0.20629
5847.729,0.20646
5845.801,0.20656
5843.872,0.20660
5841.943,0.20664
5840.015,0.20670
5838.086,0.20672
5836.157,0.20668
5834.229,0.20654
5832.300,0.20618
5830.371,0.20567
5828.443,0.20525
5826.514,0.20497
5824.585,0.20472
5822.657,0.20442
5820.728,0.20410
5818.799,0.20380
5816.871,0.20355
5814.942,0.20340
5813.013,0.20330
5811.085,0.20318
5809.156,0.20302
5807.227,0.20285
5805.299,0.20263
5803.370,0.20240
5801.441,0.20227
5799.513,0.20221
5797.584,0.20212
5795.655,0.20197
5793.727,0.20181
5791.798,0.20168
5789.869,0.20157
5787.941,0.20146
5786.012,0.20133
5784.083,0.20116
5782.155,0.20099
5780.226,0.20085
5778.297,0.20078
5776.369,0.20071
5774.440,0.20061
5772.511,0.20044
5770.583,0.20020
5768.654,0.19993
5766.725,0.19970
5764.797,0.19954
5762.868,0.19947
5760.939,0.19940
5759.011,0.19923
5757.082,0.19898
5755.153,0.19881
5753.225,0.19875
5751.296,0.19869
5749.367,0.19853
5747.439,0.19836
5745.510,0.19825
5743.581,0.19817
5741.653,0.19810
5739.724,0.19803
5737.795,0.19793
5735.867,0.19780
5733.938,0.19767
5732.009,0.19757
5730.081,0.19753
5728.152,0.19755
5726.223,0.19761
5724.295,0.19764
5722.366,0.19761
5720.437,0.19755
5718.508,0.19753
5716.580,0.19761
5714.651,0.19781
5712.722,0.19801
5710.794,0.19812
5708.865,0.19821
5706.936,0.19836
5705.008,0.19858
5703.079,0.19885
5701.150,0.19907
5699.222,0.19910
5697.293,0.19888
5695.364,0.19851
5693.436,0.19808
5691.507,0.19767
5689.578,0.19730
5687.650,0.19694
5685.721,0.19657
5683.792,0.19626
5681.864,0.19602
5679.935,0.19586
5678.006,0.19573
5676.078,0.19559
5674.149,0.19545
5672.220,0.19531
5670.292,0.19516
5668.363,0.19502
5666.434,0.19491
5664.506,0.19475
5662.577,0.19454
5660.648,0.19435
5658.720,0.19416
5656.791,0.19400
5654.862,0.19389
5652.934,0.19374
5651.005,0.19344
5649.076,0.19309
5647.148,0.19283
5645.219,0.19265
5643.290,0.19253
5641.362,0.19245
5639.433,0.19234
5637.504,0.19217
5635.576,0.19204
5633.647,0.19201
5631.718,0.19202
5629.790,0.19196
5627.861,0.19181
5625.932,0.19161
5624.004,0.19144
5622.075,0.19136
5620.146,0.19135
5618.218,0.19133
5616.289,0.19124
5614.360,0.19108
5612.432,0.19091
5610.503,0.19079
5608.574,0.19078
5606.646,0.19080
5604.717,0.19072
5602.788,0.19058
5600.860,0.19040
5598.931,0.19019
5597.002,0.18998
5595.074,0.18982
5593.145,0.18968
5591.216,0.18949
5589.288,0.18931
5587.359,0.18921
5585.430,0.18913
5583.502,0.18904
5581.573,0.18895
5579.644,0.18882
5577.716,0.18862
5575.787,0.18842
5573.858,0.18831
5571.930,0.18826
5570.001,0.18821
5568.072,0.18812
5566.144,0.18797
5564.215,0.18781
5562.286,0.18770
5560.357,0.18764
5558.429,0.18762
5556.500,0.18757
5554.571,0.18742
5552.643,0.18724
5550.714,0.18706
5548.785,0.18695
5546.857,0.18693
5544.928,0.18693
5542.999,0.18681
5541.071,0.18659
5539.142,0.18641
5537.213,0.18634
5535.285,0.18636
5533.356,0.18636
5531.427,0.18623
5529.499,0.18601
5527.570,0.18582
5525.641,0.18574
5523.713,0.18574
5521.784,0.18578
5519.855,0.18575
5517.927,0.18563
5515.998,0.18547
5514.069,0.18533
5512.141,0.18528
5510.212,0.18532
5508.283,0.18532
5506.355,0.18516
5504.426,0.18496
5502.497,0.18484
5500.569,0.18480
5498.640,0.18481
5496.711,0.18482
5494.783,0.18471
5492.854,0.18452
5490.925,0.18434
5488.997,0.18421
5487.068,0.18411
5485.139,0.18400
5483.211,0.18383
5481.282,0.18364
5479.353,0.18344
5477.425,0.18328
5475.496,0.18319
5473.567,0.18313
5471.639,0.18305
5469.710,0.18289
5467.781,0.18268
5465.853,0.18253
5463.924,0.18250
5461.995,0.18253
5460.067,0.18244
5458.138,0.18224
5456.209,0.18205
5454.281,0.18193
5452.352,0.18185
5450.423,0.18181
5448.495,0.18175
5446.566,0.18162
5444.637,0.18144
5442.709,0.18127
5440.780,0.18115
5438.851,0.18111
5436.923,0.18109
5434.994,0.18099
5433.065,0.18082
5431.137,0.18071
5429.208,0.18065
5427.279,0.18061
5425.351,0.18056
5423.422,0.18048
5421.493,0.18036
5419.565,0.18025
5417.636,0.18016
5415.707,0.18011
5413.779,0.18006
5411.850,0.17997
5409.921,0.17985
5407.993,0.17969
5406.064,0.17954
5404.135,0.17947
5402.207,0.17948
5400.278,0.17944
5398.349,0.17929
5396.420,0.17913
5394.492,0.17902
5392.563,0.17894
5390.634,0.17891
5388.706,0.17887
5386.777,0.17876
5384.848,0.17856
5382.920,0.17836
5380.991,0.17829
5379.062,0.17835
5377.134,0.17834
5375.205,0.17819
5373.276,0.17805
5371.348,0.17795
5369.419,0.17785
5367.490,0.17777
5365.562,0.17774
5363.633,0.17767
5361.704,0.17751
5359.776,0.17732
5357.847,0.17718
5355.918,0.17711
5353.990,0.17712
5352.061,0.17711
5350.132,0.17701
5348.204,0.17688
5346.275,0.17678
5344.346,0.17671
5342.418,0.17666
5340.489,0.17658
5338.560,0.17646
5336.632,0.17630
5334.703,0.17616
5332.774,0.17608
5330.846,0.17605
5328.917,0.17604
5326.988,0.17597
5325.060,0.17583
5323.131,0.17568
5321.202,0.17551
5319.274,0.17541
5317.345,0.17544
5315.416,0.17545
5313.488,0.17532
5311.559,0.17508
5309.630,0.17489
5307.702,0.17480
5305.773,0.17477
5303.844,0.17474
5301.916,0.17462
5299.987,0.17444
5298.058,0.17433
5296.130,0.17431
5294.201,0.17432
5292.272,0.17426
5290.344,0.17414
5288.415,0.17397
5286.486,0.17377
5284.558,0.17364
5282.629,0.17363
5280.700,0.17369
5278.772,0.17366
5276.843,0.17352
5274.914,0.17337
5272.986,0.17328
5271.057,0.17323
5269.128,0.17319
5267.200,0.17312
5265.271,0.17303
5263.342,0.17290
5261.414,0.17279
5259.485,0.17274
5257.556,0.17274
5255.628,0.17272
5253.699,0.17262
5251.770,0.17247
5249.842,0.17235
5247.913,0.17228
5245.984,0.17229
5244.056,0.17229
5242.127,0.17221
5240.198,0.17206
5238.269,0.17192
5236.341,0.17186
5234.412,0.17187
5232.483,0.17185
5230.555,0.17176
5228.626,0.17165
5226.697,0.17153
5224.769,0.17140
5222.840,0.17130
5220.911,0.17128
5218.983,0.17125
5217.054,0.17112
5215.125,0.17093
5213.197,0.17080
5211.268,0.17078
5209.339,0.17081
5207.411,0.17076
5205.482,0.17059
5203.553,0.17038
5201.625,0.17021
5199.696,0.17013
5197.767,0.17014
5195.839,0.17010
5193.910,0.16998
5191.981,0.16983
5190.053,0.16970
5188.124,0.16960
5186.195,0.16955
5184.267,0.16951
5182.338,0.16942
5180.409,0.16930
5178.481,0.16918
5176.552,0.16907
5174.623,0.16901
5172.695,0.16900
5170.766,0.16896
5168.837,0.16885
5166.909,0.16871
5164.980,0.16860
5163.051,0.16852
5161.123,0.16849
5159.194,0.16840
5157.265,0.16824
5155.337,0.16807
5153.408,0.16796
5151.479,0.16791
5149.551,0.16788
5147.622,0.16779
5145.693,0.16765
5143.765,0.16752
5141.836,0.16743
5139.907,0.16736
5137.979,0.16727
5136.050,0.16719
5134.121,0.16708
5132.193,0.16692
5130.264,0.16675
5128.335,0.16664
5126.407,0.16663
5124.478,0.16662
5122.549,0.16653
5120.621,0.16637
5118.692,0.16621
5116.763,0.16610
5114.835,0.16607
5112.906,0.16606
5110.977,0.16600
5109.049,0.16587
5107.120,0.16573
5105.191,0.16560
5103.263,0.16551
5101.334,0.16546
5099.405,0.16539
5097.477,0.16529
5095.548,0.16517
5093.619,0.16506
5091.691,0.16500
5089.762,0.16500
5087.833,0.16497
5085.905,0.16487
5083.976,0.16473
5082.047,0.16458
5080.119,0.16444
5078.190,0.16439
5076.261,0.16439
5074.332,0.16432
5072.404,0.16418
5070.475,0.16401
5068.546,0.16387
5066.618,0.16382
5064.689,0.16378
5062.760,0.16366
5060.832,0.16353
5058.903,0.16340
5056.974,0.16328
5055.046,0.16320
5053.117,0.16315
5051.188,0.16308
5049.260,0.16298
5047.331,0.16285
5045.402,0.16267
5043.474,0.16252
5041.545,0.16248
5039.616,0.16247
5037.688,0.16238
5035.759,0.16225
5033.830,0.16213
5031.902,0.16205
5029.973,0.16201
5028.044,0.16196
5026.116,0.16187
5024.187,0.16175
5022.258,0.16160
5020.330,0.16147
5018.401,0.16142
5016.472,0.16143
5014.544,0.16138
5012.615,0.16127
5010.686,0.16112
5008.758,0.16101
5006.829,0.16098
5004.900,0.16100
5002.972,0.16097
5001.043,0.16085
4999.114,0.16066
4997.186,0.16050
4995.257,0.16045
4993.328,0.16046
4991.400,0.16041
4989.471,0.16028
4987.542,0.16015
4985.614,0.16005
4983.685,0.15998
4981.756,0.15993
4979.828,0.15986
4977.899,0.15973
4975.970,0.15959
4974.042,0.15945
4972.113,0.15935
4970.184,0.15932
4968.256,0.15932
4966.327,0.15927
4964.398,0.15917
4962.470,0.15905
4960.541,0.15894
4958.612,0.15888
4956.684,0.15886
4954.755,0.15880
4952.826,0.15869
4950.898,0.15853
4948.969,0.15841
4947.040,0.15837
4945.112,0.15838
4943.183,0.15834
4941.254,0.15824
4939.326,0.15809
4937.397,0.15791
4935.468,0.15779
4933.540,0.15779
4931.611,0.15781
4929.682,0.15773
4927.754,0.15754
4925.825,0.15732
4923.896,0.15714
4921.968,0.15709
4920.039,0.15713
4918.110,0.15710
4916.181,0.15694
4914.253,0.15676
4912.324,0.15664
4910.395,0.15659
4908.467,0.15656
4906.538,0.15650
4904.609,0.15639
4902.681,0.15626
4900.752,0.15613
4898.823,0.15603
4896.895,0.15598
4894.966,0.15594
4893.037,0.15584
4891.109,0.15569
4889.180,0.15553
4887.251,0.15541
4885.323,0.15538
4883.394,0.15537
4881.465,0.15531
4879.537,0.15519
4877.608,0.15501
4875.679,0.15487
4873.751,0.15485
4871.822,0.15487
4869.893,0.15480
4867.965,0.15466
4866.036,0.15452
4864.107,0.15441
4862.179,0.15438
4860.250,0.15438
4858.321,0.15431
4856.393,0.15417
4854.464,0.15403
4852.535,0.15390
4850.607,0.15382
4848.678,0.15377
4846.749,0.15371
4844.821,0.15363
4842.892,0.15354
4840.963,0.15341
4839.035,0.15327
4837.106,0.15317
4835.177,0.15308
4833.249,0.15297
4831.320,0.15281
4829.391,0.15266
4827.463,0.15257
4825.534,0.15257
4823.605,0.15258
4821.677,0.15251
4819.748,0.15236
4817.819,0.15220
4815.891,0.15209
4813.962,0.15202
4812.033,0.15197
4810.105,0.15193
4808.176,0.15185
4806.247,0.15171
4804.319,0.15157
4802.390,0.15148
4800.461,0.15142
4798.533,0.15133
4796.604,0.15120
4794.675,0.15106
4792.747,0.15094
4790.818,0.15088
4788.889,0.15085
4786.961,0.15080
4785.032,0.15071
4783.103,0.15061
4781.175,0.15048
4779.246,0.15038
4777.317,0.15034
4775.389,0.15033
4773.460,0.15029
4771.531,0.15020
4769.603,0.15008
4767.674,0.14999
4765.745,0.14996
4763.817,0.14996
4761.888,0.14991
4759.959,0.14981
4758.031,0.14969
4756.102,0.14956
4754.173,0.14948
4752.244,0.14945
4750.316,0.14939
4748.387,0.14928
4746.458,0.14917
4744.530,0.14905
4742.601,0.14896
4740.672,0.14890
4738.744,0.14883
4736.815,0.14872
4734.886,0.14858
4732.958,0.14844
4731.029,0.14831
4729.100,0.14821
4727.172,0.14811
4725.243,0.14801
4723.314,0.14791
4721.386,0.14783
4719.457,0.14779
4717.528,0.14778
4715.600,0.14775
4713.671,0.14765
4711.742,0.14757
4709.814,0.14752
4707.885,0.14744
4705.956,0.14734
4704.028,0.14729
4702.099,0.14726
4700.170,0.14717
4698.242,0.14704
4696.313,0.14693
4694.384,0.14687
4692.456,0.14684
4690.527,0.14679
4688.598,0.14672
4686.670,0.14666
4684.741,0.14656
4682.812,0.14645
4680.884,0.14639
4678.955,0.14636
4677.026,0.14628
4675.098,0.14617
4673.169,0.14607
4671.240,0.14598
4669.312,0.14593
4667.383,0.14591
4665.454,0.14585
4663.526,0.14572
4661.597,0.14552
4659.668,0.14534
4657.740,0.14524
4655.811,0.14522
4653.882,0.14519
4651.954,0.14511
4650.025,0.14500
4648.096,0.14487
4646.168,0.14477
4644.239,0.14472
4642.310,0.14467
4640.382,0.14459
4638.453,0.14447
4636.524,0.14436
4634.596,0.14425
4632.667,0.14418
4630.738,0.14412
4628.810,0.14405
4626.881,0.14397
4624.952,0.14385
4623.024,0.14375
4621.095,0.14372
4619.166,0.14373
4617.238,0.14373
4615.309,0.14368
4613.380,0.14361
4611.452,0.14353
4609.523,0.14348
4607.594,0.14349
4605.666,0.14349
4603.737,0.14345
4601.808,0.14335
4599.880,0.14321
4597.951,0.14308
4596.022,0.14297
4594.093,0.14287
4592.165,0.14277
4590.236,0.14265
4588.307,0.14251
4586.379,0.14243
4584.450,0.14241
4582.521,0.14238
4580.593,0.14230
4578.664,0.14221
4576.735,0.14215
4574.807,0.14209
4572.878,0.14203
4570.949,0.14197
4569.021,0.14189
4567.092,0.14178
4565.163,0.14166
4563.235,0.14156
4561.306,0.14147
4559.377,0.14138
4557.449,0.14131
4555.520,0.14127
4553.591,0.14120
4551.663,0.14111
4549.734,0.14107
4547.805,0.14109
4545.877,0.14110
4543.948,0.14107
4542.019,0.14101
4540.091,0.14095
4538.162,0.14095
4536.233,0.14103
4534.305,0.14113
4532.376,0.14120
4530.447,0.14118
4528.519,0.14105
4526.590,0.14092
4524.661,0.14088
4522.733,0.14092
4520.804,0.14098
4518.875,0.14103
4516.947,0.14106
4515.018,0.14105
4513.089,0.14101
4511.161,0.14098
4509.232,0.14101
4507.303,0.14110
4505.375,0.14132
4503.446,0.14171
4501.517,0.14224
4499.589,0.14291
4497.660,0.14386
4495.731,0.14511
4493.803,0.14633
4491.874,0.14707
4489.945,0.14716
4488.017,0.14682
4486.088,0.14645
4484.159,0.14621
4482.231,0.14592
4480.302,0.14528
4478.373,0.14429
4476.445,0.14323
4474.516,0.14240
4472.587,0.14190
4470.659,0.14172
4468.730,0.14177
4466.801,0.14204
4464.873,0.14248
4462.944,0.14300
4461.015,0.14347
4459.087,0.14375
4457.158,0.14384
4455.229,0.14379
4453.301,0.14364
4451.372,0.14340
4449.443,0.14308
4447.515,0.14268
4445.586,0.14225
4443.657,0.14180
4441.729,0.14139
4439.800,0.14105
4437.871,0.14079
4435.943,0.14063
4434.014,0.14057
4432.085,0.14068
4430.156,0.14101
4428.228,0.14157
4426.299,0.14220
4424.370,0.14281
4422.442,0.14349
4420.513,0.14433
4418.584,0.14529
4416.656,0.14618
4414.727,0.14675
4412.798,0.14691
4410.870,0.14688
4408.941,0.14693
4407.012,0.14710
4405.084,0.14734
4403.155,0.14759
4401.226,0.14766
4399.298,0.14741
4397.369,0.14684
4395.440,0.14612
4393.512,0.14549
4391.583,0.14510
4389.654,0.14496
4387.726,0.14498
4385.797,0.14510
4383.868,0.14529
4381.940,0.14553
4380.011,0.14569
4378.082,0.14556
4376.154,0.14500
4374.225,0.14410
4372.296,0.14306
4370.368,0.14205
4368.439,0.14115
4366.510,0.14039
4364.582,0.13978
4362.653,0.13931
4360.724,0.13899
4358.796,0.13883
4356.867,0.13881
4354.938,0.13898
4353.010,0.13932
4351.081,0.13984
4349.152,0.14051
4347.224,0.14134
4345.295,0.14226
4343.366,0.14310
4341.438,0.14377
4339.509,0.14426
4337.580,0.14458
4335.652,0.14472
4333.723,0.14463
4331.794,0.14438
4329.866,0.14414
4327.937,0.14416
4326.008,0.14466
4324.080,0.14572
4322.151,0.14709
4320.222,0.14816
4318.294,0.14837
4316.365,0.14772
4314.436,0.14684
4312.508,0.14630
4310.579,0.14600
4308.650,0.14551
4306.722,0.14465
4304.793,0.14359
4302.864,0.14267
4300.936,0.14209
4299.007,0.14183
4297.078,0.14178
4295.150,0.14195
4293.221,0.14231
4291.292,0.14270
4289.364,0.14289
4287.435,0.14280
4285.506,0.14254
4283.578,0.14220
4281.649,0.14178
4279.720,0.14121
4277.792,0.14046
4275.863,0.13958
4273.934,0.13867
4272.005,0.13782
4270.077,0.13708
4268.148,0.13643
4266.219,0.13587
4264.291,0.13543
4262.362,0.13508
4260.433,0.13481
4258.505,0.13465
4256.576,0.13455
4254.647,0.13448
4252.719,0.13438
4250.790,0.13417
4248.861,0.13378
4246.933,0.13327
4245.004,0.13279
4243.075,0.13240
4241.147,0.13212
4239.218,0.13192
4237.289,0.13174
4235.361,0.13158
4233.432,0.13148
4231.503,0.13145
4229.575,0.13144
4227.646,0.13147
4225.717,0.13154
4223.789,0.13167
4221.860,0.13185
4219.931,0.13204
4218.003,0.13220
4216.074,0.13231
4214.145,0.13232
4212.217,0.13223
4210.288,0.13214
4208.359,0.13213
4206.431,0.13220
4204.502,0.13230
4202.573,0.13239
4200.645,0.13241
4198.716,0.13237
4196.787,0.13227
4194.859,0.13211
4192.930,0.13187
4191.001,0.13158
4189.073,0.13124
4187.144,0.13089
4185.215,0.13058
4183.287,0.13032
4181.358,0.13009
4179.429,0.12988
4177.501,0.12966
4175.572,0.12943
4173.643,0.12923
4171.715,0.12906
4169.786,0.12890
4167.857,0.12874
4165.929,0.12859
4164.000,0.12844
4162.071,0.12827
4160.143,0.12812
4158.214,0.12797
4156.285,0.12783
4154.357,0.12769
4152.428,0.12757
4150.499,0.12746
4148.571,0.12735
4146.642,0.12721
4144.713,0.12711
4142.785,0.12704
4140.856,0.12696
4138.927,0.12684
4136.999,0.12675
4135.070,0.12668
4133.141,0.12663
4131.213,0.12661
4129.284,0.12659
4127.355,0.12655
4125.427,0.12651
4123.498,0.12648
4121.569,0.12652
4119.641,0.12662
4117.712,0.12676
4115.783,0.12692
4113.855,0.12714
4111.926,0.12741
4109.997,0.12770
4108.068,0.12798
4106.140,0.12819
4104.211,0.12829
4102.282,0.12831
4100.354,0.12834
4098.425,0.12841
4096.496,0.12849
4094.568,0.12848
4092.639,0.12835
4090.710,0.12810
4088.782,0.12776
4086.853,0.12740
4084.924,0.12704
4082.996,0.12671
4081.067,0.12639
4079.138,0.12606
4077.210,0.12574
4075.281,0.12543
4073.352,0.12512
4071.424,0.12484
4069.495,0.12455
4067.566,0.12423
4065.638,0.12393
4063.709,0.12369
4061.780,0.12350
4059.852,0.12332
4057.923,0.12316
4055.994,0.12299
4054.066,0.12282
4052.137,0.12267
4050.208,0.12257
4048.280,0.12253
4046.351,0.12252
4044.422,0.12250
4042.494,0.12247
4040.565,0.12246
4038.636,0.12248
4036.708,0.12255
4034.779,0.12265
4032.850,0.12275
4030.922,0.12285
4028.993,0.12300
4027.064,0.12322
4025.136,0.12349
4023.207,0.12375
4021.278,0.12391
4019.350,0.12390
4017.421,0.12380
4015.492,0.12370
4013.564,0.12363
4011.635,0.12355
4009.706,0.12342
4007.778,0.12324
4005.849,0.12308
4003.920,0.12298
4001.992,0.12296
4000.063,0.12304
3998.134,0.12320
3996.206,0.12338
3994.277,0.12352
3992.348,0.12358
3990.420,0.12354
3988.491,0.12342
3986.562,0.12327
3984.634,0.12306
3982.705,0.12278
3980.776,0.12244
3978.848,0.12206
3976.919,0.12167
3974.990,0.12128
3973.062,0.12089
3971.133,0.12051
3969.204,0.12020
3967.276,0.11998
3965.347,0.11987
3963.418,0.11982
3961.490,0.11979
3959.561,0.11971
3957.632,0.11958
3955.704,0.11944
3953.775,0.11932
3951.846,0.11923
3949.917,0.11915
3947.989,0.11901
3946.060,0.11879
3944.131,0.11858
3942.203,0.11841
3940.274,0.11828
3938.345,0.11821
3936.417,0.11819
3934.488,0.11823
3932.559,0.11830
3930.631,0.11832
3928.702,0.11831
3926.773,0.11831
3924.845,0.11832
3922.916,0.11831
3920.987,0.11827
3919.059,0.11814
3917.130,0.11790
3915.201,0.11764
3913.273,0.11743
3911.344,0.11724
3909.415,0.11704
3907.487,0.11686
3905.558,0.11673
3903.629,0.11661
3901.701,0.11648
3899.772,0.11633
3897.843,0.11615
3895.915,0.11601
3893.986,0.11595
3892.057,0.11591
3890.129,0.11586
3888.200,0.11583
3886.271,0.11580
3884.343,0.11571
3882.414,0.11558
3880.485,0.11545
3878.557,0.11529
3876.628,0.11517
3874.699,0.11507
3872.771,0.11500
3870.842,0.11495
3868.913,0.11487
3866.985,0.11481
3865.056,0.11478
3863.127,0.11472
3861.199,0.11460
3859.270,0.11447
3857.341,0.11444
3855.413,0.11453
3853.484,0.11448
3851.555,0.11420
3849.627,0.11386
3847.698,0.11362
3845.769,0.11350
3843.841,0.11346
3841.912,0.11347
3839.983,0.11347
3838.055,0.11343
3836.126,0.11338
3834.197,0.11336
3832.269,0.11335
3830.340,0.11332
3828.411,0.11322
3826.483,0.11307
3824.554,0.11293
3822.625,0.11286
3820.697,0.11279
3818.768,0.11276
3816.839,0.11274
3814.911,0.11263
3812.982,0.11245
3811.053,0.11233
3809.125,0.11228
3807.196,0.11224
3805.267,0.11219
3803.339,0.11212
3801.410,0.11201
3799.481,0.11187
3797.553,0.11179
3795.624,0.11176
3793.695,0.11171
3791.767,0.11161
3789.838,0.11146
3787.909,0.11130
3785.980,0.11112
3784.052,0.11098
3782.123,0.11091
3780.194,0.11084
3778.266,0.11069
3776.337,0.11052
3774.408,0.11042
3772.480,0.11041
3770.551,0.11043
3768.622,0.11041
3766.694,0.11033
3764.765,0.11025
3762.836,0.11019
3760.908,0.11017
3758.979,0.11018
3757.050,0.11017
3755.122,0.11016
3753.193,0.11017
3751.264,0.11016
3749.336,0.11010
3747.407,0.11012
3745.478,0.11019
3743.550,0.11008
3741.621,0.10985
3739.692,0.10972
3737.764,0.10972
3735.835,0.10971
3733.906,0.10965
3731.978,0.10949
3730.049,0.10930
3728.120,0.10919
3726.192,0.10914
3724.263,0.10911
3722.334,0.10912
3720.406,0.10910
3718.477,0.10903
3716.548,0.10898
3714.620,0.10903
3712.691,0.10915
3710.762,0.10924
3708.834,0.10925
3706.905,0.10922
3704.976,0.10924
3703.048,0.10929
3701.119,0.10930
3699.190,0.10930
3697.262,0.10934
3695.333,0.10935
3693.404,0.10938
3691.476,0.10947
3689.547,0.10958
3687.618,0.10969
3685.690,0.10985
3683.761,0.11006
3681.832,0.11029
3679.904,0.11056
3677.975,0.11089
3676.046,0.11121
3674.118,0.11150
3672.189,0.11175
3670.260,0.11195
3668.332,0.11206
3666.403,0.11213
3664.474,0.11227
3662.546,0.11252
3660.617,0.11279
3658.688,0.11301
3656.760,0.11317
3654.831,0.11329
3652.902,0.11348
3650.974,0.11376
3649.045,0.11402
3647.116,0.11415
3645.188,0.11422
3643.259,0.11435
3641.330,0.11454
3639.402,0.11478
3637.473,0.11505
3635.544,0.11529
3633.616,0.11552
3631.687,0.11584
3629.758,0.11620
3627.830,0.11647
3625.901,0.11673
3623.972,0.11704
3622.043,0.11736
3620.115,0.11771
3618.186,0.11803
3616.257,0.11837
3614.329,0.11880
3612.400,0.11926
3610.471,0.11964
3608.543,0.11998
3606.614,0.12031
3604.685,0.12065
3602.757,0.12103
3600.828,0.12139
3598.899,0.12169
3596.971,0.12198
3595.042,0.12229
3593.113,0.12261
3591.185,0.12301
3589.256,0.12347
3587.327,0.12381
3585.399,0.12402
3583.470,0.12423
3581.541,0.12450
3579.613,0.12482
3577.684,0.12517
3575.755,0.12550
3573.827,0.12578
3571.898,0.12610
3569.969,0.12646
3568.041,0.12685
3566.112,0.12724
3564.183,0.12757
3562.255,0.12783
3560.326,0.12809
3558.397,0.12840
3556.469,0.12876
3554.540,0.12917
3552.611,0.12957
3550.683,0.12990
3548.754,0.13024
3546.825,0.13059
3544.897,0.13097
3542.968,0.13141
3541.039,0.13190
3539.111,0.13231
3537.182,0.13259
3535.253,0.13281
3533.325,0.13301
3531.396,0.13326
3529.467,0.13352
3527.539,0.13370
3525.610,0.13380
3523.681,0.13394
3521.753,0.13410
3519.824,0.13429
3517.895,0.13455
3515.967,0.13482
3514.038,0.13506
3512.109,0.13527
3510.181,0.13548
3508.252,0.13570
3506.323,0.13601
3504.395,0.13634
3502.466,0.13657
3500.537,0.13678
3498.609,0.13707
3496.680,0.13740
3494.751,0.13776
3492.823,0.13815
3490.894,0.13847
3488.965,0.13875
3487.037,0.13903
3485.108,0.13930
3483.179,0.13955
3481.251,0.13984
3479.322,0.14009
3477.393,0.14026
3475.465,0.14045
3473.536,0.14066
3471.607,0.14090
3469.679,0.14120
3467.750,0.14147
3465.821,0.14165
3463.892,0.14178
3461.964,0.14187
3460.035,0.14189
3458.106,0.14190
3456.178,0.14191
3454.249,0.14190
3452.320,0.14189
3450.392,0.14194
3448.463,0.14199
3446.534,0.14203
3444.606,0.14207
3442.677,0.14202
3440.748,0.14190
3438.820,0.14180
3436.891,0.14170
3434.962,0.14161
3433.034,0.14150
3431.105,0.14129
3429.176,0.14107
3427.248,0.14096
3425.319,0.14092
3423.390,0.14090
3421.462,0.14094
3419.533,0.14089
3417.604,0.14070
3415.676,0.14048
3413.747,0.14021
3411.818,0.13982
3409.890,0.13936
3407.961,0.13883
3406.032,0.13820
3404.104,0.13760
3402.175,0.13708
3400.246,0.13656
3398.318,0.13606
3396.389,0.13563
3394.460,0.13519
3392.532,0.13472
3390.603,0.13429
3388.674,0.13386
3386.746,0.13347
3384.817,0.13313
3382.888,0.13275
3380.960,0.13233
3379.031,0.13196
3377.102,0.13158
3375.174,0.13113
3373.245,0.13067
3371.316,0.13018
3369.388,0.12962
3367.459,0.12909
3365.530,0.12860
3363.602,0.12810
3361.673,0.12764
3359.744,0.12716
3357.816,0.12661
3355.887,0.12610
3353.958,0.12567
3352.030,0.12524
3350.101,0.12481
3348.172,0.12438
3346.244,0.12381
3344.315,0.12318
3342.386,0.12260
3340.458,0.12201
3338.529,0.12146
3336.600,0.12100
3334.672,0.12054
3332.743,0.12006
3330.814,0.11968
3328.886,0.11934
3326.957,0.11903
3325.028,0.11880
3323.100,0.11856
3321.171,0.11824
3319.242,0.11793
3317.314,0.11762
3315.385,0.11725
3313.456,0.11686
3311.528,0.11645
3309.599,0.11601
3307.670,0.11565
3305.742,0.11536
3303.813,0.11504
3301.884,0.11475
3299.955,0.11450
3298.027,0.11416
3296.098,0.11381
3294.169,0.11355
3292.241,0.11328
3290.312,0.11298
3288.383,0.11273
3286.455,0.11243
3284.526,0.11213
3282.597,0.11190
3280.669,0.11167
3278.740,0.11140
3276.811,0.11121
3274.883,0.11101
3272.954,0.11075
3271.025,0.11054
3269.097,0.11036
3267.168,0.11015
3265.239,0.10998
3263.311,0.10982
3261.382,0.10957
3259.453,0.10934
3257.525,0.10920
3255.596,0.10903
3253.667,0.10886
3251.739,0.10870
3249.810,0.10846
3247.881,0.10820
3245.953,0.10800
3244.024,0.10776
3242.095,0.10751
3240.167,0.10733
3238.238,0.10709
3236.309,0.10680
3234.381,0.10656
3232.452,0.10633
3230.523,0.10609
3228.595,0.10593
3226.666,0.10577
3224.737,0.10556
3222.809,0.10540
3220.880,0.10524
3218.951,0.10502
3217.023,0.10486
3215.094,0.10472
3213.165,0.10453
3211.237,0.10436
3209.308,0.10421
3207.379,0.10399
3205.451,0.10380
3203.522,0.10367
3201.593,0.10352
3199.665,0.10341
3197.736,0.10341
3195.807,0.10343
3193.879,0.10350
3191.950,0.10369
3190.021,0.10389
3188.093,0.10415
3186.164,0.10456
3184.235,0.10497
3182.307,0.10527
3180.378,0.10542
3178.449,0.10537
3176.521,0.10518
3174.592,0.10511
3172.663,0.10516
3170.735,0.10524
3168.806,0.10544
3166.877,0.10572
3164.949,0.10596
3163.020,0.10626
3161.091,0.10662
3159.163,0.10694
3157.234,0.10728
3155.305,0.10765
3153.377,0.10788
3151.448,0.10807
3149.519,0.10833
3147.591,0.10862
3145.662,0.10906
3143.733,0.10973
3141.804,0.11049
3139.876,0.11125
3137.947,0.11201
3136.018,0.11259
3134.090,0.11289
3132.161,0.11301
3130.232,0.11290
3128.304,0.11263
3126.375,0.11248
3124.446,0.11249
3122.518,0.11266
3120.589,0.11315
3118.660,0.11389
3116.732,0.11480
3114.803,0.11603
3112.874,0.11752
3110.946,0.11906
3109.017,0.12064
3107.088,0.12214
3105.160,0.12342
3103.231,0.12468
3101.302,0.12618
3099.374,0.12794
3097.445,0.13008
3095.516,0.13274
3093.588,0.13596
3091.659,0.14010
3089.730,0.14598
3087.802,0.15478
3085.873,0.16884
3083.944,0.19256
3082.016,0.23456
3080.087,0.30907
3078.158,0.42414
3076.230,0.54066
3074.301,0.55967
3072.372,0.48391
3070.444,0.42813
3068.515,0.44314
3066.586,0.48521
3064.658,0.45907
3062.729,0.36350
3060.800,0.27349
3058.872,0.21677
3056.943,0.18467
3055.014,0.16486
3053.086,0.15092
3051.157,0.14098
3049.228,0.13431
3047.300,0.12999
3045.371,0.12705
3043.442,0.12509
3041.514,0.12425
3039.585,0.12440
3037.656,0.12450
3035.728,0.12338
3033.799,0.12128
3031.870,0.11972
3029.942,0.11958
3028.013,0.12014
3026.084,0.12038
3024.156,0.12012
3022.227,0.11973
3020.298,0.11967
3018.370,0.12045
3016.441,0.12229
3014.512,0.12534
3012.584,0.13006
3010.655,0.13710
3008.726,0.14757
3006.798,0.16285
3004.869,0.18183
3002.940,0.19771
3001.012,0.20140
2999.083,0.19080
2997.154,0.17283
2995.226,0.15548
2993.297,0.14217
2991.368,0.13273
2989.440,0.12622
2987.511,0.12192
2985.582,0.11912
2983.654,0.11731
2981.725,0.11630
2979.796,0.11583
2977.867,0.11579
2975.939,0.11622
2974.010,0.11700
2972.081,0.11799
2970.153,0.11930
2968.224,0.12093
2966.295,0.12275
2964.367,0.12481
2962.438,0.12705
2960.509,0.12925
2958.581,0.13146
2956.652,0.13384
2954.723,0.13655
2952.795,0.14002
2950.866,0.14412
2948.937,0.14735
2947.009,0.14820
2945.080,0.14704
2943.151,0.14566
2941.223,0.14569
2939.294,0.14764
2937.365,0.15121
2935.437,0.15623
2933.508,0.16266
2931.579,0.17033
2929.651,0.17926
2927.722,0.18977
2925.793,0.20203
2923.865,0.21573
2921.936,0.22948
2920.007,0.23995
2918.079,0.24219
2916.150,0.23321
2914.221,0.21598
2912.293,0.19748
2910.364,0.18258
2908.435,0.17198
2906.507,0.16450
2904.578,0.15909
2902.649,0.15501
2900.721,0.15155
2898.792,0.14844
2896.863,0.14555
2894.935,0.14271
2893.006,0.13995
2891.077,0.13738
2889.149,0.13479
2887.220,0.13211
2885.291,0.12947
2883.363,0.12681
2881.434,0.12417
2879.505,0.12186
2877.577,0.12004
2875.648,0.11889
2873.719,0.11860
2871.791,0.11886
2869.862,0.11942
2867.933,0.12059
2866.005,0.12276
2864.076,0.12615
2862.147,0.13100
2860.219,0.13743
2858.290,0.14578
2856.361,0.15737
2854.433,0.17380
2852.504,0.19383
2850.575,0.20949
2848.647,0.20978
2846.718,0.19439
2844.789,0.17489
2842.861,0.16017
2840.932,0.15107
2839.003,0.14546
2837.075,0.14153
2835.146,0.13799
2833.217,0.13434
2831.289,0.13056
2829.360,0.12652
2827.431,0.12228
2825.503,0.11825
2823.574,0.11473
2821.645,0.11192
2819.716,0.11010
2817.788,0.10919
2815.859,0.10885
2813.930,0.10894
2812.002,0.10926
2810.073,0.10952
2808.144,0.10976
2806.216,0.10988
2804.287,0.10950
2802.358,0.10852
2800.430,0.10690
2798.501,0.10454
2796.572,0.10175
2794.644,0.09899
2792.715,0.09644
2790.786,0.09432
2788.858,0.09275
2786.929,0.09146
2785.000,0.09039
2783.072,0.08964
2781.143,0.08906
2779.214,0.08857
2777.286,0.08833
2775.357,0.08822
2773.428,0.08810
2771.500,0.08809
2769.571,0.08806
2767.642,0.08793
2765.714,0.08795
2763.785,0.08821
2761.856,0.08866
2759.928,0.08947
2757.999,0.09060
2756.070,0.09178
2754.142,0.09310
2752.213,0.09463
2750.284,0.09604
2748.356,0.09695
2746.427,0.09693
2744.498,0.09564
2742.570,0.09354
2740.641,0.09131
2738.712,0.08913
2736.784,0.08718
2734.855,0.08571
2732.926,0.08451
2730.998,0.08344
2729.069,0.08262
2727.140,0.08189
2725.212,0.08113
2723.283,0.08054
2721.354,0.08005
2719.426,0.07957
2717.497,0.07935
2715.568,0.07932
2713.640,0.07928
2711.711,0.07943
2709.782,0.07977
2707.854,0.08005
2705.925,0.08035
2703.996,0.08063
2702.068,0.08059
2700.139,0.08038
2698.210,0.08022
2696.282,0.08003
2694.353,0.07994
2692.424,0.08010
2690.496,0.08027
2688.567,0.08044
2686.638,0.08073
2684.710,0.08088
2682.781,0.08082
2680.852,0.08084
2678.924,0.08092
2676.995,0.08105
2675.066,0.08140
2673.138,0.08167
2671.209,0.08161
2669.280,0.08140
2667.352,0.08106
2665.423,0.08048
2663.494,0.07994
2661.566,0.07946
2659.637,0.07886
2657.708,0.07835
2655.779,0.07799
2653.851,0.07755
2651.922,0.07722
2649.993,0.07710
2648.065,0.07697
2646.136,0.07695
2644.207,0.07713
2642.279,0.07723
2640.350,0.07727
2638.421,0.07746
2636.493,0.07758
2634.564,0.07766
2632.635,0.07796
2630.707,0.07835
2628.778,0.07877
2626.849,0.07946
2624.921,0.08019
2622.992,0.08070
2621.063,0.08119
2619.135,0.08152
2617.206,0.08153
2615.277,0.08151
2613.349,0.08151
2611.420,0.08139
2609.491,0.08147
2607.563,0.08174
2605.634,0.08186
2603.705,0.08192
2601.777,0.08194
2599.848,0.08165
2597.919,0.08127
2595.991,0.08111
2594.062,0.08100
2592.133,0.08104
2590.205,0.08136
2588.276,0.08163
2586.347,0.08181
2584.419,0.08210
2582.490,0.08220
2580.561,0.08195
2578.633,0.08158
2576.704,0.08098
2574.775,0.08014
2572.847,0.07944
2570.918,0.07884
2568.989,0.07818
2567.061,0.07773
2565.132,0.07739
2563.203,0.07687
2561.275,0.07644
2559.346,0.07617
2557.417,0.07585
2555.489,0.07578
2553.560,0.07605
2551.631,0.07636
2549.703,0.07685
2547.774,0.07761
2545.845,0.07819
2543.917,0.07857
2541.988,0.07891
2540.059,0.07889
2538.131,0.07857
2536.202,0.07825
2534.273,0.07771
2532.345,0.07693
2530.416,0.07628
2528.487,0.07562
2526.559,0.07486
2524.630,0.07438
2522.701,0.07406
2520.773,0.07368
2518.844,0.07357
2516.915,0.07369
2514.987,0.07382
2513.058,0.07423
2511.129,0.07488
2509.201,0.07544
2507.272,0.07609
2505.343,0.07687
2503.415,0.07740
2501.486,0.07780
2499.557,0.07823
2497.628,0.07836
2495.700,0.07838
2493.771,0.07865
2491.842,0.07893
2489.914,0.07929
2487.985,0.07999
2486.056,0.08073
2484.128,0.08137
2482.199,0.08209
2480.270,0.08256
2478.342,0.08269
2476.413,0.08295
2474.484,0.08331
2472.556,0.08352
2470.627,0.08381
2468.698,0.08398
2466.770,0.08371
2464.841,0.08331
2462.912,0.08292
2460.984,0.08232
2459.055,0.08189
2457.126,0.08178
2455.198,0.08160
2453.269,0.08143
2451.340,0.08131
2449.412,0.08084
2447.483,0.08021
2445.554,0.07976
2443.626,0.07921
2441.697,0.07857
2439.768,0.07819
2437.840,0.07790
2435.911,0.07774
2433.982,0.07806
2432.054,0.07853
2430.125,0.07891
2428.196,0.07953
2426.268,0.08016
2424.339,0.08053
2422.410,0.08084
2420.482,0.08083
2418.553,0.08016
2416.624,0.07936
2414.696,0.07871
2412.767,0.07810
2410.838,0.07788
2408.910,0.07803
2406.981,0.07801
2405.052,0.07792
2403.124,0.07787
2401.195,0.07757
2399.266,0.07728
2397.338,0.07737
2395.409,0.07749
2393.480,0.07770
2391.552,0.07834
2389.623,0.07910
2387.694,0.07995
2385.766,0.08121
2383.837,0.08250
2381.908,0.08350
2379.980,0.08444
2378.051,0.08499
2376.122,0.08483
2374.194,0.08439
2372.265,0.08376
2370.336,0.08289
2368.408,0.08227
2366.479,0.08197
2364.550,0.08166
2362.622,0.08165
2360.693,0.08194
2358.764,0.08208
2356.836,0.08227
2354.907,0.08268
2352.978,0.08285
2351.050,0.08291
2349.121,0.08306
2347.192,0.08288
2345.264,0.08232
2343.335,0.08163
2341.406,0.08043
2339.478,0.07880
2337.549,0.07733
2335.620,0.07593
2333.691,0.07458
2331.763,0.07374
2329.834,0.07316
2327.905,0.07259
2325.977,0.07240
2324.048,0.07245
2322.119,0.07236
2320.191,0.07250
2318.262,0.07285
2316.333,0.07307
2314.405,0.07357
2312.476,0.07442
2310.547,0.07519
2308.619,0.07610
2306.690,0.07728
2304.761,0.07825
2302.833,0.07912
2300.904,0.08003
2298.975,0.08043
2297.047,0.08027
2295.118,0.07989
2293.189,0.07909
2291.261,0.07805
2289.332,0.07734
2287.403,0.07671
2285.475,0.07603
2283.546,0.07573
2281.617,0.07554
2279.689,0.07520
2277.760,0.07512
2275.831,0.07513
2273.903,0.07491
2271.974,0.07486
2270.045,0.07499
2268.117,0.07487
2266.188,0.07480
2264.259,0.07481
2262.331,0.07446
2260.402,0.07407
2258.473,0.07390
2256.545,0.07355
2254.616,0.07323
2252.687,0.07318
2250.759,0.07292
2248.830,0.07248
2246.901,0.07221
2244.973,0.07176
2243.044,0.07121
2241.115,0.07100
2239.187,0.07077
2237.258,0.07037
2235.329,0.07023
2233.401,0.07009
2231.472,0.06969
2229.543,0.06949
2227.615,0.06935
2225.686,0.06899
2223.757,0.06884
2221.829,0.06886
2219.900,0.06865
2217.971,0.06862
2216.043,0.06880
2214.114,0.06870
2212.185,0.06865
2210.257,0.06887
2208.328,0.06897
2206.399,0.06922
2204.471,0.06989
2202.542,0.07052
2200.613,0.07114
2198.685,0.07204
2196.756,0.07271
2194.827,0.07309
2192.899,0.07353
2190.970,0.07363
2189.041,0.07329
2187.113,0.07308
2185.184,0.07288
2183.255,0.07255
2181.327,0.07254
2179.398,0.07259
2177.469,0.07237
2175.540,0.07238
2173.612,0.07260
2171.683,0.07267
2169.754,0.07297
2167.826,0.07346
2165.897,0.07364
2163.968,0.07379
2162.040,0.07402
2160.111,0.07387
2158.182,0.07358
2156.254,0.07345
2154.325,0.07303
2152.396,0.07254
2150.468,0.07236
2148.539,0.07211
2146.610,0.07183
2144.682,0.07189
2142.753,0.07186
2140.824,0.07163
2138.896,0.07171
2136.967,0.07186
2135.038,0.07189
2133.110,0.07227
2131.181,0.07269
2129.252,0.07274
2127.324,0.07282
2125.395,0.07285
2123.466,0.07250
2121.538,0.07226
2119.609,0.07221
2117.680,0.07196
2115.752,0.07191
2113.823,0.07217
2111.894,0.07216
2109.966,0.07212
2108.037,0.07233
2106.108,0.07236
2104.180,0.07238
2102.251,0.07271
2100.322,0.07277
2098.394,0.07260
2096.465,0.07266
2094.536,0.07251
2092.608,0.07205
2090.679,0.07179
2088.750,0.07145
2086.822,0.07094
2084.893,0.07084
2082.964,0.07093
2081.036,0.07094
2079.107,0.07138
2077.178,0.07209
2075.250,0.07268
2073.321,0.07359
2071.392,0.07473
2069.464,0.07551
2067.535,0.07618
2065.606,0.07674
2063.678,0.07667
2061.749,0.07637
2059.820,0.07618
2057.892,0.07566
2055.963,0.07511
2054.034,0.07487
2052.106,0.07445
2050.177,0.07392
2048.248,0.07373
2046.320,0.07346
2044.391,0.07314
2042.462,0.07328
2040.534,0.07349
2038.605,0.07364
2036.676,0.07423
2034.748,0.07494
2032.819,0.07541
2030.890,0.07615
2028.962,0.07692
2027.033,0.07725
2025.104,0.07754
2023.176,0.07772
2021.247,0.07736
2019.318,0.07703
2017.390,0.07695
2015.461,0.07672
2013.532,0.07670
2011.603,0.07709
2009.675,0.07732
2007.746,0.07757
2005.817,0.07808
2003.889,0.07824
2001.960,0.07817
2000.031,0.07831
1998.103,0.07818
1996.174,0.07789
1994.245,0.07806
1992.317,0.07831
1990.388,0.07851
1988.459,0.07917
1986.531,0.07989
1984.602,0.08036
1982.673,0.08107
1980.745,0.08179
1978.816,0.08210
1976.887,0.08253
1974.959,0.08298
1973.030,0.08303
1971.101,0.08324
1969.173,0.08367
1967.244,0.08377
1965.315,0.08399
1963.387,0.08448
1961.458,0.08465
1959.529,0.08476
1957.601,0.08510
1955.672,0.08515
1953.743,0.08513
1951.815,0.08545
1949.886,0.08560
1947.957,0.08566
1946.029,0.08613
1944.100,0.08646
1942.171,0.08651
1940.243,0.08676
1938.314,0.08681
1936.385,0.08649
1934.457,0.08647
1932.528,0.08657
1930.599,0.08649
1928.671,0.08678
1926.742,0.08727
1924.813,0.08750
1922.885,0.08801
1920.956,0.08874
1919.027,0.08911
1917.099,0.08949
1915.170,0.08996
1913.241,0.08997
1911.313,0.08994
1909.384,0.09015
1907.455,0.09001
1905.527,0.08982
1903.598,0.09000
1901.669,0.08993
1899.741,0.08978
1897.812,0.09004
1895.883,0.09020
1893.955,0.09026
1892.026,0.09081
1890.097,0.09138
1888.169,0.09176
1886.240,0.09252
1884.311,0.09329
1882.383,0.09376
1880.454,0.09453
1878.525,0.09535
1876.597,0.09572
1874.668,0.09620
1872.739,0.09672
1870.811,0.09684
1868.882,0.09711
1866.953,0.09761
1865.025,0.09775
1863.096,0.09799
1861.167,0.09850
1859.239,0.09857
1857.310,0.09851
1855.381,0.09871
1853.452,0.09864
1851.524,0.09860
1849.595,0.09911
1847.666,0.09960
1845.738,0.10006
1843.809,0.10099
1841.880,0.10176
1839.952,0.10226
1838.023,0.10310
1836.094,0.10382
1834.166,0.10418
1832.237,0.10492
1830.308,0.10572
1828.380,0.10621
1826.451,0.10703
1824.522,0.10802
1822.594,0.10865
1820.665,0.10954
1818.736,0.11071
1816.808,0.11160
1814.879,0.11273
1812.950,0.11423
1811.022,0.11540
1809.093,0.11652
1807.164,0.11780
1805.236,0.11852
1803.307,0.11896
1801.378,0.11961
1799.450,0.11989
1797.521,0.12004
1795.592,0.12069
1793.664,0.12125
1791.735,0.12169
1789.806,0.12264
1787.878,0.12369
1785.949,0.12473
1784.020,0.12640
1782.092,0.12832
1780.163,0.13013
1778.234,0.13246
1776.306,0.13490
1774.377,0.13683
1772.448,0.13865
1770.520,0.14008
1768.591,0.14053
1766.662,0.14080
1764.734,0.14122
1762.805,0.14139
1760.876,0.14190
1758.948,0.14297
1757.019,0.14390
1755.090,0.14504
1753.162,0.14673
1751.233,0.14827
1749.304,0.14989
1747.376,0.15202
1745.447,0.15401
1743.518,0.15600
1741.590,0.15853
1739.661,0.16088
1737.732,0.16297
1735.804,0.16545
1733.875,0.16777
1731.946,0.16970
1730.018,0.17198
1728.089,0.17430
1726.160,0.17631
1724.232,0.17876
1722.303,0.18149
1720.374,0.18413
1718.446,0.18736
1716.517,0.19090
1714.588,0.19390
1712.660,0.19686
1710.731,0.20007
1708.802,0.20319
1706.874,0.20675
1704.945,0.21052
1703.016,0.21307
1701.088,0.21469
1699.159,0.21656
1697.230,0.21844
1695.302,0.22028
1693.373,0.22257
1691.444,0.22503
1689.515,0.22778
1687.587,0.23089
1685.658,0.23342
1683.729,0.23537
1681.801,0.23775
1679.872,0.24046
1677.943,0.24336
1676.015,0.24693
1674.086,0.25066
1672.157,0.25426
1670.229,0.25843
1668.300,0.26288
1666.371,0.26727
1664.443,0.27229
1662.514,0.27779
1660.585,0.28328
1658.657,0.28940
1656.728,0.29633
1654.799,0.30360
1652.871,0.31159
1650.942,0.32028
1649.013,0.32908
1647.085,0.33815
1645.156,0.34741
1643.227,0.35624
1641.299,0.36504
1639.370,0.37438
1637.441,0.38418
1635.513,0.39500
1633.584,0.40748
1631.655,0.42142
1629.727,0.43703
1627.798,0.45470
1625.869,0.47405
1623.941,0.49519
1622.012,0.51886
1620.083,0.54537
1618.155,0.57525
1616.226,0.60930
1614.297,0.64802
1612.369,0.69295
1610.440,0.74765
1608.511,0.81709
1606.583,0.90722
1604.654,1.02309
1602.725,1.16327
1600.797,1.31218
1598.868,1.43863
1596.939,1.51826
1595.011,1.55981
1593.082,1.57110
1591.153,1.51482
1589.225,1.37390
1587.296,1.21313
1585.367,1.09579
1583.439,1.04403
1581.510,1.05738
1579.581,1.12408
1577.653,1.22064
1575.724,1.31051
1573.795,1.35329
1571.867,1.32260
1569.938,1.21968
1568.009,1.07451
1566.081,0.92299
1564.152,0.78605
1562.223,0.67041
1560.295,0.57619
1558.366,0.50232
1556.437,0.44907
1554.509,0.41699
1552.580,0.40486
1550.651,0.41127
1548.723,0.43830
1546.794,0.49160
1544.865,0.57749
1542.937,0.69505
1541.008,0.82112
1539.079,0.91632
1537.151,0.97591
1535.222,1.02947
1533.293,1.07025
1531.364,1.04809
1529.436,0.95090
1527.507,0.82483
1525.578,0.70895
1523.650,0.61552
1521.721,0.54287
1519.792,0.48651
1517.864,0.44238
1515.935,0.40667
1514.006,0.37745
1512.078,0.35447
1510.149,0.33619
1508.220,0.32003
1506.292,0.30469
1504.363,0.28974
1502.434,0.27575
1500.506,0.26444
1498.577,0.25596
1496.648,0.24907
1494.720,0.24328
1492.791,0.23758
1490.862,0.23109
1488.934,0.22514
1487.005,0.22091
1485.076,0.21877
1483.148,0.22006
1481.219,0.22515
1479.290,0.23365
1477.362,0.24737
1475.433,0.26688
1473.504,0.28726
1471.576,0.30645
1469.647,0.33313
1467.718,0.38047
1465.790,0.46039
1463.861,0.58029
1461.932,0.72409
1460.004,0.81975
1458.075,0.77895
1456.146,0.63840
1454.218,0.49526
1452.289,0.39227
1450.360,0.33167
1448.432,0.30458
1446.503,0.30350
1444.574,0.32417
1442.646,0.36612
1440.717,0.43202
1438.788,0.52099
1436.860,0.61744
1434.931,0.68386
1433.002,0.68882
1431.074,0.65258
1429.145,0.62185
1427.216,0.62377
1425.288,0.65288
1423.359,0.66273
1421.430,0.60139
1419.502,0.49398
1417.573,0.40067
1415.644,0.34423
1413.716,0.31889
1411.787,0.31435
1409.858,0.32370
1407.930,0.34290
1406.001,0.37158
1404.072,0.41183
1402.144,0.46575
1400.215,0.53737
1398.286,0.63212
1396.358,0.74796
1394.429,0.86796
1392.500,0.96718
1390.572,1.02376
1388.643,1.01410
1386.714,0.92889
1384.786,0.79907
1382.857,0.66863
1380.928,0.56609
1379.000,0.50039
1377.071,0.45696
1375.142,0.40746
1373.214,0.34530
1371.285,0.29092
1369.356,0.25942
1367.427,0.25021
1365.499,0.25740
1363.570,0.27843
1361.641,0.31423
1359.713,0.36665
1357.784,0.43862
1355.855,0.52949
1353.927,0.62248
1351.998,0.67919
1350.069,0.66822
1348.141,0.60583
1346.212,0.53401
1344.283,0.47811
1342.355,0.44314
1340.426,0.42774
1338.497,0.42950
1336.569,0.44114
1334.640,0.45484
1332.711,0.47173
1330.783,0.49927
1328.854,0.54251
1326.925,0.60066
1324.997,0.66566
1323.068,0.72387
1321.139,0.76433
1319.211,0.78804
1317.282,0.80789
1315.353,0.83608
1313.425,0.86863
1311.496,0.88062
1309.567,0.84636
1307.639,0.77097
1305.710,0.68416
1303.781,0.61068
1301.853,0.55932
1299.924,0.52763
1297.995,0.51074
1296.067,0.50611
1294.138,0.51255
1292.209,0.52983
1290.281,0.55883
1288.352,0.60096
1286.423,0.66002
1284.495,0.74403
1282.566,0.86360
1280.637,1.02791
1278.709,1.23574
1276.780,1.45898
1274.851,1.64196
1272.923,1.76499
1270.994,1.86914
1269.065,1.95056
1267.137,1.90723
1265.208,1.70164
1263.279,1.44660
1261.351,1.22145
1259.422,1.04233
1257.493,0.90369
1255.565,0.79832
1253.636,0.72302
1251.707,0.67621
1249.779,0.65159
1247.850,0.63640
1245.921,0.62284
1243.993,0.61825
1242.064,0.63640
1240.135,0.68364
1238.207,0.75289
1236.278,0.82238
1234.349,0.86302
1232.421,0.85969
1230.492,0.82372
1228.563,0.77793
1226.635,0.74104
1224.706,0.72627
1222.777,0.74016
1220.849,0.77554
1218.920,0.80614
1216.991,0.80006
1215.063,0.75100
1213.134,0.68090
1211.205,0.61210
1209.277,0.55421
1207.348,0.50822
1205.419,0.47207
1203.490,0.44189
1201.562,0.41383
1199.633,0.38756
1197.704,0.36443
1195.776,0.34429
1193.847,0.32704
1191.918,0.31271
1189.990,0.29999
1188.061,0.28839
1186.132,0.27833
1184.204,0.26880
1182.275,0.25926
1180.346,0.25042
1178.418,0.24177
1176.489,0.23314
1174.560,0.22571
1172.632,0.21895
1170.703,0.21216
1168.774,0.20625
1166.846,0.20093
1164.917,0.19549
1162.988,0.19098
1161.060,0.18732
1159.131,0.18366
1157.202,0.18113
1155.274,0.17993
1153.345,0.17907
1151.416,0.17917
1149.488,0.17973
1147.559,0.17863
1145.630,0.17611
1143.702,0.17280
1141.773,0.16807
1139.844,0.16306
1137.916,0.15892
1135.987,0.15489
1134.058,0.15174
1132.130,0.15012
1130.201,0.14771
1128.272,0.14349
1126.344,0.13844
1124.415,0.13243
1122.486,0.12637
1120.558,0.12184
1118.629,0.11777
1116.700,0.11372
1114.772,0.11090
1112.843,0.10838
1110.914,0.10560
1108.986,0.10385
1107.057,0.10225
1105.128,0.09996
1103.200,0.09840
1101.271,0.09720
1099.342,0.09561
1097.414,0.09515
1095.485,0.09584
1093.556,0.09711
1091.628,0.10058
1089.699,0.10570
1087.770,0.10967
1085.842,0.11206
1083.913,0.11266
1081.984,0.11105
1080.056,0.10932
1078.127,0.10848
1076.198,0.10765
1074.270,0.10798
1072.341,0.11009
1070.412,0.11286
1068.484,0.11725
1066.555,0.12404
1064.626,0.13211
1062.698,0.14207
1060.769,0.15472
1058.840,0.16917
1056.912,0.18641
1054.983,0.20842
1053.054,0.23649
1051.126,0.27435
1049.197,0.32805
1047.268,0.40461
1045.339,0.51401
1043.411,0.66297
1041.482,0.82581
1039.553,0.90623
1037.625,0.83543
1035.696,0.69670
1033.767,0.56941
1031.839,0.47409
1029.910,0.41151
1027.981,0.37794
1026.053,0.36831
1024.124,0.37630
1022.195,0.39319
1020.267,0.40855
1018.338,0.41179
1016.409,0.39669
1014.481,0.36660
1012.552,0.32957
1010.623,0.29110
1008.695,0.25485
1006.766,0.22308
1004.837,0.19543
1002.909,0.17197
1000.980,0.15365
999.051,0.13935
997.123,0.12822
995.194,0.12069
993.265,0.11543
991.337,0.11150
989.408,0.10987
987.479,0.10989
985.551,0.11104
983.622,0.11457
981.693,0.12009
979.765,0.12713
977.836,0.13714
975.907,0.14991
973.979,0.16473
972.050,0.18279
970.121,0.20381
968.193,0.22614
966.264,0.24947
964.335,0.27344
962.407,0.29824
960.478,0.32615
958.549,0.35949
956.621,0.40045
954.692,0.45202
952.763,0.51571
950.835,0.58872
948.906,0.65839
946.977,0.70031
945.049,0.70002
943.120,0.67337
941.191,0.64736
939.263,0.63949
937.334,0.65862
935.405,0.71027
933.477,0.79845
931.548,0.92465
929.619,1.08243
927.691,1.24614
925.762,1.36307
923.833,1.38782
921.905,1.34475
919.976,1.29346
918.047,1.26442
916.119,1.25450
914.190,1.24393
912.261,1.21181
910.333,1.14815
908.404,1.05903
906.475,0.95946
904.547,0.86248
902.618,0.77451
900.689,0.69753
898.761,0.63176
896.832,0.57619
894.903,0.52999
892.975,0.49404
891.046,0.47167
889.117,0.47138
887.189,0.50585
885.260,0.57660
883.331,0.64992
881.402,0.66717
879.474,0.61881
877.545,0.54886
875.616,0.48715
873.688,0.43878
871.759,0.40019
869.830,0.36845
867.902,0.34192
865.973,0.31910
864.044,0.29997
862.116,0.28505
860.187,0.27485
858.258,0.27471
856.330,0.29497
854.401,0.33320
852.472,0.36220
850.544,0.36740
848.615,0.37626
846.686,0.41130
844.758,0.45280
842.829,0.45651
840.900,0.41262
838.972,0.35472
837.043,0.30730
835.114,0.27431
833.186,0.25327
831.257,0.23920
829.328,0.22756
827.400,0.21761
825.471,0.20919
823.542,0.20183
821.614,0.19634
819.685,0.19206
817.756,0.18780
815.828,0.18424
813.899,0.18089
811.970,0.17683
810.042,0.17331
808.113,0.17071
806.184,0.16883
804.256,0.16972
802.327,0.17490
800.398,0.18564
798.470,0.20600
796.541,0.24093
794.612,0.29674
792.684,0.38323
790.755,0.50746
788.826,0.66097
786.898,0.81066
784.969,0.91452
783.040,0.95223
781.112,0.91215
779.183,0.79924
777.254,0.66030
775.326,0.53932
773.397,0.44905
771.468,0.38344
769.540,0.33449
767.611,0.29833
765.682,0.27288
763.754,0.25809
761.825,0.25725
759.896,0.27959
757.968,0.34351
756.039,0.45324
754.110,0.54483
752.182,0.52469
750.253,0.43465
748.324,0.35682
746.396,0.31058
744.467,0.29082
742.538,0.29195
740.610,0.30630
738.681,0.31927
736.752,0.31571
734.824,0.29633
732.895,0.27533
730.966,0.25928
729.038,0.24426
727.109,0.22962
725.180,0.21860
723.251,0.21211
721.323,0.20962
719.394,0.20704
717.465,0.19927
715.537,0.18935
713.608,0.18231
711.679,0.17700
709.751,0.17226
707.822,0.16883
705.893,0.16539
703.965,0.16161
702.036,0.15887
700.107,0.15613
698.179,0.15296
696.250,0.15085
694.321,0.14888
692.393,0.14635
690.464,0.14478
688.535,0.14338
686.607,0.14140
684.678,0.14077
682.749,0.14123
680.821,0.14230
678.892,0.14652
676.963,0.15443
675.035,0.16443
673.106,0.17480
671.177,0.18002
669.249,0.17580
667.320,0.16619
665.391,0.15619
663.463,0.14769
661.534,0.14282
659.605,0.14029
657.677,0.13610
655.748,0.13091
653.819,0.12651
651.891,0.12227
649.962,0.11941
648.033,0.11826
646.105,0.11664
644.176,0.11535
642.247,0.11513
640.319,0.11399
638.390,0.11290
636.461,0.11328
634.533,0.11399
632.604,0.11695
630.675,0.12442
628.747,0.13369
626.818,0.14220
624.889,0.14940
622.961,0.15573
621.032,0.16527
619.103,0.18155
617.175,0.20415
615.246,0.23493
613.317,0.27767
611.389,0.33200
609.460,0.39346
607.531,0.45198
605.603,0.49120
603.674,0.50122
601.745,0.48627
599.817,0.45781
597.888,0.43287
595.959,0.43025
594.031,0.45409
592.102,0.48463
590.173,0.49918
588.245,0.49447
586.316,0.47204
584.387,0.43157
582.459,0.38133
580.530,0.33346
578.601,0.29547
576.673,0.26701
574.744,0.24436
572.815,0.22704
570.887,0.21412
568.958,0.20268
567.029,0.19315
565.101,0.18590
563.172,0.17871
561.243,0.17256
559.314,0.16826
557.386,0.16349
555.457,0.15916
553.528,0.15641
551.600,0.15298
549.671,0.14960
547.742,0.14760
545.814,0.14480
543.885,0.14195
541.956,0.14069
540.028,0.13873
538.099,0.13641
536.170,0.13545
534.242,0.13374
532.313,0.13176
530.384,0.13132
528.456,0.13004
526.527,0.12822
524.598,0.12802
522.670,0.12724
520.741,0.12586
518.812,0.12614
516.884,0.12616
514.955,0.12588
513.026,0.12753
511.098,0.12931
509.169,0.13114
507.240,0.13539
505.312,0.14056
503.383,0.14655
501.454,0.15564
499.526,0.16617
497.597,0.17777
495.668,0.19253
493.740,0.20771
491.811,0.22075
489.882,0.23241
487.954,0.24037
486.025,0.24338
484.096,0.24342
482.168,0.23960
480.239,0.23264
478.310,0.22628
476.382,0.22058
474.453,0.21642
472.524,0.21768
470.596,0.22516
468.667,0.24006
466.738,0.26500
464.810,0.29498
462.881,0.31935
460.952,0.33035
459.024,0.32424
457.095,0.30587
455.166,0.28560
453.238,0.26697
451.309,0.25027
449.380,0.23735
447.452,0.22625
445.523,0.21555
443.594,0.20759
441.666,0.20097
439.737,0.19374
437.808,0.18772
435.880,0.18156
433.951,0.17402
432.022,0.16829
430.094,0.16375
428.165,0.15866
426.236,0.15593
424.308,0.15537
422.379,0.15643
420.450,0.16321
418.522,0.17579
416.593,0.19390
414.664,0.22052
412.736,0.24818
410.807,0.26205
408.878,0.25919
406.950,0.24996
405.021,0.24295
403.092,0.23527
401.163,0.22366
399.235,0.21614
