6999.146,0.43442
6997.217,0.43465
6995.288,0.43467
6993.360,0.43465
6991.431,0.43458
6989.502,0.43422
6987.574,0.43365
6985.645,0.43315
6983.716,0.43307
6981.788,0.43337
6979.859,0.43350
6977.930,0.43321
6976.002,0.43280
6974.073,0.43256
6972.144,0.43260
6970.216,0.43283
6968.287,0.43296
6966.358,0.43282
6964.430,0.43250
6962.501,0.43216
6960.572,0.43192
6958.644,0.43190
6956.715,0.43203
6954.786,0.43202
6952.858,0.43185
6950.929,0.43176
6949.000,0.43179
6947.072,0.43170
6945.143,0.43130
6943.214,0.43084
6941.286,0.43065
6939.357,0.43067
6937.428,0.43069
6935.500,0.43051
6933.571,0.43021
6931.642,0.43005
6929.714,0.43002
6927.785,0.43001
6925.856,0.43006
6923.928,0.43016
6921.999,0.43015
6920.070,0.42988
6918.142,0.42943
6916.213,0.42908
6914.284,0.42896
6912.356,0.42885
6910.427,0.42860
6908.498,0.42840
6906.570,0.42838
6904.641,0.42846
6902.712,0.42836
6900.784,0.42800
6898.855,0.42778
6896.926,0.42795
6894.998,0.42810
6893.069,0.42784
6891.140,0.42741
6889.212,0.42710
6887.283,0.42695
6885.354,0.42685
6883.426,0.42672
6881.497,0.42659
6879.568,0.42648
6877.640,0.42636
6875.711,0.42632
6873.782,0.42627
6871.854,0.42618
6869.925,0.42619
6867.996,0.42613
6866.068,0.42585
6864.139,0.42547
6862.210,0.42513
6860.282,0.42486
6858.353,0.42475
6856.424,0.42475
6854.496,0.42469
6852.567,0.42446
6850.638,0.42415
6848.709,0.42396
6846.781,0.42385
6844.852,0.42368
6842.923,0.42348
6840.995,0.42322
6839.066,0.42295
6837.137,0.42291
6835.209,0.42304
6833.280,0.42308
6831.351,0.42289
6829.423,0.42259
6827.494,0.42233
6825.565,0.42219
6823.637,0.42209
6821.708,0.42195
6819.779,0.42178
6817.851,0.42167
6815.922,0.42155
6813.993,0.42128
6812.065,0.42100
6810.136,0.42084
6808.207,0.42067
6806.279,0.42052
6804.350,0.42053
6802.421,0.42052
6800.493,0.42029
6798.564,0.42001
6796.635,0.41985
6794.707,0.41974
6792.778,0.41956
6790.849,0.41941
6788.921,0.41938
6786.992,0.41936
6785.063,0.41923
6783.135,0.41896
6781.206,0.41863
6779.277,0.41833
6777.349,0.41805
6775.420,0.41782
6773.491,0.41773
6771.563,0.41775
6769.634,0.41779
6767.705,0.41778
6765.777,0.41766
6763.848,0.41753
6761.919,0.41745
6759.991,0.41734
6758.062,0.41720
6756.133,0.41704
6754.205,0.41687
6752.276,0.41660
6750.347,0.41621
6748.419,0.41603
6746.490,0.41616
6744.561,0.41628
6742.633,0.41617
6740.704,0.41584
6738.775,0.41541
6736.847,0.41507
6734.918,0.41489
6732.989,0.41486
6731.061,0.41490
6729.132,0.41486
6727.203,0.41464
6725.275,0.41442
6723.346,0.41446
6721.417,0.41466
6719.489,0.41468
6717.560,0.41444
6715.631,0.41404
6713.703,0.41365
6711.774,0.41341
6709.845,0.41330
6707.917,0.41316
6705.988,0.41292
6704.059,0.41269
6702.131,0.41263
6700.202,0.41271
6698.273,0.41268
6696.345,0.41237
6694.416,0.41199
6692.487,0.41191
6690.558,0.41203
6688.630,0.41201
6686.701,0.41182
6684.772,0.41162
6682.844,0.41132
6680.915,0.41093
6678.986,0.41070
6677.058,0.41064
6675.129,0.41060
6673.200,0.41050
6671.272,0.41028
6669.343,0.40998
6667.414,0.40979
6665.486,0.40972
6663.557,0.40957
6661.628,0.40932
6659.700,0.40922
6657.771,0.40931
6655.842,0.40940
6653.914,0.40935
6651.985,0.40917
6650.056,0.40893
6648.128,0.40871
6646.199,0.40852
6644.270,0.40839
6642.342,0.40834
6640.413,0.40823
6638.484,0.40797
6636.556,0.40763
6634.627,0.40739
6632.698,0.40728
6630.770,0.40733
6628.841,0.40746
6626.912,0.40741
6624.984,0.40712
6623.055,0.40692
6621.126,0.40688
6619.198,0.40676
6617.269,0.40658
6615.340,0.40655
6613.412,0.40659
6611.483,0.40647
6609.554,0.40622
6607.626,0.40598
6605.697,0.40576
6603.768,0.40558
6601.840,0.40548
6599.911,0.40546
6597.982,0.40539
6596.054,0.40517
6594.125,0.40494
6592.196,0.40481
6590.268,0.40471
6588.339,0.40459
6586.410,0.40446
6584.482,0.40431
6582.553,0.40417
6580.624,0.40397
6578.696,0.40368
6576.767,0.40351
6574.838,0.40355
6572.910,0.40365
6570.981,0.40365
6569.052,0.40348
6567.124,0.40323
6565.195,0.40309
6563.266,0.40311
6561.338,0.40303
6559.409,0.40272
6557.480,0.40241
6555.552,0.40220
6553.623,0.40202
6551.694,0.40191
6549.766,0.40185
6547.837,0.40181
6545.908,0.40172
6543.980,0.40156
6542.051,0.40139
6540.122,0.40119
6538.194,0.40100
6536.265,0.40091
6534.336,0.40079
6532.408,0.40054
6530.479,0.40035
6528.550,0.40033
6526.621,0.40033
6524.693,0.40025
6522.764,0.40006
6520.835,0.39980
6518.907,0.39951
6516.978,0.39929
6515.049,0.39924
6513.121,0.39923
6511.192,0.39920
6509.263,0.39914
6507.335,0.39903
6505.406,0.39884
6503.477,0.39862
6501.549,0.39840
6499.620,0.39827
6497.691,0.39826
6495.763,0.39822
6493.834,0.39805
6491.905,0.39780
6489.977,0.39753
6488.048,0.39724
6486.119,0.39698
6484.191,0.39687
6482.262,0.39694
6480.333,0.39693
6478.405,0.39669
6476.476,0.39639
6474.547,0.39621
6472.619,0.39614
6470.690,0.39613
6468.761,0.39601
6466.833,0.39573
6464.904,0.39548
6462.975,0.39534
6461.047,0.39529
6459.118,0.39529
6457.189,0.39524
6455.261,0.39506
6453.332,0.39480
6451.403,0.39449
6449.475,0.39423
6447.546,0.39411
6445.617,0.39409
6443.689,0.39398
6441.760,0.39378
6439.831,0.39370
6437.903,0.39364
6435.974,0.39345
6434.045,0.39325
6432.117,0.39315
6430.188,0.39305
6428.259,0.39284
6426.331,0.39265
6424.402,0.39261
6422.473,0.39260
6420.545,0.39243
6418.616,0.39207
6416.687,0.39176
6414.759,0.39163
6412.830,0.39149
6410.901,0.39126
6408.973,0.39107
6407.044,0.39092
6405.115,0.39083
6403.187,0.39080
6401.258,0.39070
6399.329,0.39047
6397.401,0.39023
6395.472,0.39002
6393.543,0.38986
6391.615,0.38972
6389.686,0.38960
6387.757,0.38951
6385.829,0.38945
6383.900,0.38939
6381.971,0.38935
6380.043,0.38930
6378.114,0.38912
6376.185,0.38876
6374.257,0.38842
6372.328,0.38825
6370.399,0.38817
6368.471,0.38805
6366.542,0.38786
6364.613,0.38764
6362.684,0.38745
6360.756,0.38731
6358.827,0.38724
6356.898,0.38721
6354.970,0.38704
6353.041,0.38676
6351.112,0.38659
6349.184,0.38654
6347.255,0.38652
6345.326,0.38648
6343.398,0.38631
6341.469,0.38598
6339.540,0.38566
6337.612,0.38552
6335.683,0.38552
6333.754,0.38556
6331.826,0.38546
6329.897,0.38524
6327.968,0.38506
6326.040,0.38499
6324.111,0.38487
6322.182,0.38465
6320.254,0.38448
6318.325,0.38444
6316.396,0.38442
6314.468,0.38427
6312.539,0.38402
6310.610,0.38377
6308.682,0.38348
6306.753,0.38321
6304.824,0.38308
6302.896,0.38305
6300.967,0.38299
6299.038,0.38284
6297.110,0.38261
6295.181,0.38239
6293.252,0.38222
6291.324,0.38214
6289.395,0.38215
6287.466,0.38214
6285.538,0.38204
6283.609,0.38186
6281.680,0.38169
6279.752,0.38156
6277.823,0.38140
6275.894,0.38122
6273.966,0.38103
6272.037,0.38074
6270.108,0.38046
6268.180,0.38036
6266.251,0.38036
6264.322,0.38027
6262.394,0.38008
6260.465,0.37992
6258.536,0.37976
6256.608,0.37952
6254.679,0.37932
6252.750,0.37927
6250.822,0.37925
6248.893,0.37914
6246.964,0.37894
6245.036,0.37873
6243.107,0.37857
6241.178,0.37851
6239.250,0.37842
6237.321,0.37819
6235.392,0.37797
6233.464,0.37786
6231.535,0.37777
6229.606,0.37770
6227.678,0.37766
6225.749,0.37758
6223.820,0.37751
6221.892,0.37756
6219.963,0.37777
6218.034,0.37808
6216.106,0.37848
6214.177,0.37895
6212.248,0.37948
6210.320,0.38006
6208.391,0.38058
6206.462,0.38096
6204.533,0.38119
6202.605,0.38126
6200.676,0.38135
6198.747,0.38157
6196.819,0.38178
6194.890,0.38183
6192.961,0.38169
6191.033,0.38138
6189.104,0.38105
6187.175,0.38073
6185.247,0.38026
6183.318,0.37970
6181.389,0.37937
6179.461,0.37926
6177.532,0.37919
6175.603,0.37914
6173.675,0.37919
6171.746,0.37920
6169.817,0.37909
6167.889,0.37885
6165.960,0.37849
6164.031,0.37809
6162.103,0.37774
6160.174,0.37744
6158.245,0.37715
6156.317,0.37684
6154.388,0.37648
6152.459,0.37610
6150.531,0.37581
6148.602,0.37561
6146.673,0.37541
6144.745,0.37526
6142.816,0.37520
6140.887,0.37520
6138.959,0.37514
6137.030,0.37501
6135.101,0.37488
6133.173,0.37477
6131.244,0.37469
6129.315,0.37464
6127.387,0.37471
6125.458,0.37491
6123.529,0.37509
6121.601,0.37515
6119.672,0.37514
6117.743,0.37510
6115.815,0.37507
6113.886,0.37501
6111.957,0.37487
6110.029,0.37468
6108.100,0.37449
6106.171,0.37422
6104.243,0.37383
6102.314,0.37338
6100.385,0.37298
6098.457,0.37263
6096.528,0.37233
6094.599,0.37207
6092.671,0.37179
6090.742,0.37157
6088.813,0.37145
6086.885,0.37124
6084.956,0.37091
6083.027,0.37062
6081.099,0.37042
6079.170,0.37021
6077.241,0.36999
6075.313,0.36980
6073.384,0.36961
6071.455,0.36940
6069.527,0.36923
6067.598,0.36907
6065.669,0.36887
6063.741,0.36870
6061.812,0.36854
6059.883,0.36836
6057.955,0.36817
6056.026,0.36804
6054.097,0.36798
6052.169,0.36790
6050.240,0.36777
6048.311,0.36763
6046.383,0.36757
6044.454,0.36758
6042.525,0.36754
6040.596,0.36745
6038.668,0.36735
6036.739,0.36722
6034.810,0.36712
6032.882,0.36711
6030.953,0.36706
6029.024,0.36694
6027.096,0.36679
6025.167,0.36662
6023.238,0.36644
6021.310,0.36626
6019.381,0.36601
6017.452,0.36570
6015.524,0.36541
6013.595,0.36515
6011.666,0.36492
6009.738,0.36478
6007.809,0.36473
6005.880,0.36472
6003.952,0.36463
6002.023,0.36445
6000.094,0.36421
5998.166,0.36395
5996.237,0.36381
5994.308,0.36379
5992.380,0.36372
5990.451,0.36357
5988.522,0.36338
5986.594,0.36314
5984.665,0.36293
5982.736,0.36281
5980.808,0.36272
5978.879,0.36256
5976.950,0.36242
5975.022,0.36242
5973.093,0.36244
5971.164,0.36234
5969.236,0.36219
5967.307,0.36204
5965.378,0.36187
5963.450,0.36170
5961.521,0.36151
5959.592,0.36135
5957.664,0.36124
5955.735,0.36115
5953.806,0.36101
5951.878,0.36085
5949.949,0.36074
5948.020,0.36066
5946.092,0.36055
5944.163,0.36050
5942.234,0.36047
5940.306,0.36036
5938.377,0.36023
5936.448,0.36020
5934.520,0.36028
5932.591,0.36033
5930.662,0.36032
5928.734,0.36027
5926.805,0.36018
5924.876,0.36008
5922.948,0.36005
5921.019,0.36002
5919.090,0.35994
5917.162,0.35988
5915.233,0.35986
5913.304,0.35979
5911.376,0.35964
5909.447,0.35947
5907.518,0.35932
5905.590,0.35915
5903.661,0.35889
5901.732,0.35863
5899.804,0.35840
5897.875,0.35820
5895.946,0.35794
5894.018,0.35767
5892.089,0.35752
5890.160,0.35749
5888.232,0.35744
5886.303,0.35725
5884.374,0.35704
5882.445,0.35694
5880.517,0.35689
5878.588,0.35688
5876.659,0.35690
5874.731,0.35690
5872.802,0.35685
5870.873,0.35678
5868.945,0.35671
5867.016,0.35671
5865.087,0.35677
5863.159,0.35677
5861.230,0.35675
5859.301,0.35676
5857.373,0.35675
5855.444,0.35675
5853.515,0.35684
5851.587,0.35699
5849.658,0.35712
5847.729,0.35718
5845.801,0.35716
5843.872,0.35716
5841.943,0.35727
5840.015,0.35742
5838.086,0.35747
5836.157,0.35745
5834.229,0.35735
5832.300,0.35712
5830.371,0.35676
5828.443,0.35632
5826.514,0.35586
5824.585,0.35543
5822.657,0.35506
5820.728,0.35475
5818.799,0.35444
5816.871,0.35409
5814.942,0.35375
5813.013,0.35353
5811.085,0.35342
5809.156,0.35333
5807.227,0.35320
5805.299,0.35305
5803.370,0.35285
5801.441,0.35268
5799.513,0.35258
5797.584,0.35250
5795.655,0.35234
5793.727,0.35213
5791.798,0.35198
5789.869,0.35192
5787.941,0.35180
5786.012,0.35159
5784.083,0.35136
5782.155,0.35118
5780.226,0.35108
5778.297,0.35100
5776.369,0.35088
5774.440,0.35073
5772.511,0.35059
5770.583,0.35044
5768.654,0.35026
5766.725,0.35007
5764.797,0.34990
5762.868,0.34978
5760.939,0.34963
5759.011,0.34940
5757.082,0.34917
5755.153,0.34897
5753.225,0.34880
5751.296,0.34868
5749.367,0.34861
5747.439,0.34848
5745.510,0.34828
5743.581,0.34809
5741.653,0.34798
5739.724,0.34785
5737.795,0.34758
5735.867,0.34735
5733.938,0.34724
5732.009,0.34710
5730.081,0.34691
5728.152,0.34678
5726.223,0.34671
5724.295,0.34659
5722.366,0.34645
5720.437,0.34636
5718.508,0.34632
5716.580,0.34629
5714.651,0.34630
5712.722,0.34633
5710.794,0.34636
5708.865,0.34647
5706.936,0.34669
5705.008,0.34694
5703.079,0.34712
5701.150,0.34727
5699.222,0.34734
5697.293,0.34723
5695.364,0.34686
5693.436,0.34629
5691.507,0.34562
5689.578,0.34501
5687.650,0.34455
5685.721,0.34423
5683.792,0.34397
5681.864,0.34366
5679.935,0.34335
5678.006,0.34305
5676.078,0.34276
5674.149,0.34253
5672.220,0.34239
5670.292,0.34229
5668.363,0.34217
5666.434,0.34198
5664.506,0.34173
5662.577,0.34153
5660.648,0.34141
5658.720,0.34132
5656.791,0.34120
5654.862,0.34106
5652.934,0.34090
5651.005,0.34069
5649.076,0.34050
5647.148,0.34033
5645.219,0.34013
5643.290,0.33994
5641.362,0.33979
5639.433,0.33962
5637.504,0.33944
5635.576,0.33929
5633.647,0.33921
5631.718,0.33912
5629.790,0.33897
5627.861,0.33875
5625.932,0.33850
5624.004,0.33828
5622.075,0.33811
5620.146,0.33799
5618.218,0.33792
5616.289,0.33779
5614.360,0.33754
5612.432,0.33730
5610.503,0.33717
5608.574,0.33709
5606.646,0.33697
5604.717,0.33684
5602.788,0.33672
5600.860,0.33653
5598.931,0.33632
5597.002,0.33618
5595.074,0.33611
5593.145,0.33599
5591.216,0.33582
5589.288,0.33564
5587.359,0.33550
5585.430,0.33540
5583.502,0.33529
5581.573,0.33518
5579.644,0.33503
5577.716,0.33485
5575.787,0.33469
5573.858,0.33459
5571.930,0.33450
5570.001,0.33435
5568.072,0.33420
5566.144,0.33404
5564.215,0.33387
5562.286,0.33372
5560.357,0.33361
5558.429,0.33351
5556.500,0.33337
5554.571,0.33321
5552.643,0.33309
5550.714,0.33298
5548.785,0.33285
5546.857,0.33274
5544.928,0.33264
5542.999,0.33251
5541.071,0.33236
5539.142,0.33220
5537.213,0.33203
5535.285,0.33185
5533.356,0.33169
5531.427,0.33155
5529.499,0.33142
5527.570,0.33130
5525.641,0.33120
5523.713,0.33112
5521.784,0.33103
5519.855,0.33089
5517.927,0.33074
5515.998,0.33064
5514.069,0.33052
5512.141,0.33034
5510.212,0.33017
5508.283,0.33006
5506.355,0.32995
5504.426,0.32985
5502.497,0.32980
5500.569,0.32969
5498.640,0.32948
5496.711,0.32928
5494.783,0.32915
5492.854,0.32908
5490.925,0.32902
5488.997,0.32891
5487.068,0.32874
5485.139,0.32857
5483.211,0.32839
5481.282,0.32824
5479.353,0.32814
5477.425,0.32805
5475.496,0.32796
5473.567,0.32785
5471.639,0.32773
5469.710,0.32759
5467.781,0.32745
5465.853,0.32730
5463.924,0.32719
5461.995,0.32714
5460.067,0.32702
5458.138,0.32682
5456.209,0.32663
5454.281,0.32653
5452.352,0.32651
5450.423,0.32649
5448.495,0.32637
5446.566,0.32619
5444.637,0.32601
5442.709,0.32584
5440.780,0.32567
5438.851,0.32555
5436.923,0.32547
5434.994,0.32538
5433.065,0.32525
5431.137,0.32515
5429.208,0.32506
5427.279,0.32492
5425.351,0.32479
5423.422,0.32466
5421.493,0.32452
5419.565,0.32439
5417.636,0.32427
5415.707,0.32415
5413.779,0.32404
5411.850,0.32396
5409.921,0.32389
5407.993,0.32374
5406.064,0.32353
5404.135,0.32335
5402.207,0.32323
5400.278,0.32313
5398.349,0.32302
5396.420,0.32292
5394.492,0.32279
5392.563,0.32264
5390.634,0.32250
5388.706,0.32238
5386.777,0.32226
5384.848,0.32209
5382.920,0.32187
5380.991,0.32167
5379.062,0.32153
5377.134,0.32137
5375.205,0.32120
5373.276,0.32110
5371.348,0.32102
5369.419,0.32092
5367.490,0.32076
5365.562,0.32054
5363.633,0.32033
5361.704,0.32019
5359.776,0.32011
5357.847,0.32001
5355.918,0.31987
5353.990,0.31975
5352.061,0.31966
5350.132,0.31960
5348.204,0.31954
5346.275,0.31943
5344.346,0.31927
5342.418,0.31907
5340.489,0.31887
5338.560,0.31870
5336.632,0.31860
5334.703,0.31855
5332.774,0.31852
5330.846,0.31839
5328.917,0.31815
5326.988,0.31795
5325.060,0.31788
5323.131,0.31786
5321.202,0.31773
5319.274,0.31753
5317.345,0.31737
5315.416,0.31727
5313.488,0.31715
5311.559,0.31703
5309.630,0.31691
5307.702,0.31678
5305.773,0.31662
5303.844,0.31647
5301.916,0.31634
5299.987,0.31623
5298.058,0.31616
5296.130,0.31615
5294.201,0.31608
5292.272,0.31591
5290.344,0.31568
5288.415,0.31545
5286.486,0.31527
5284.558,0.31512
5282.629,0.31502
5280.700,0.31494
5278.772,0.31484
5276.843,0.31474
5274.914,0.31467
5272.986,0.31456
5271.057,0.31441
5269.128,0.31428
5267.200,0.31419
5265.271,0.31407
5263.342,0.31389
5261.414,0.31374
5259.485,0.31362
5257.556,0.31351
5255.628,0.31340
5253.699,0.31328
5251.770,0.31317
5249.842,0.31304
5247.913,0.31286
5245.984,0.31269
5244.056,0.31260
5242.127,0.31252
5240.198,0.31235
5238.269,0.31217
5236.341,0.31204
5234.412,0.31195
5232.483,0.31190
5230.555,0.31183
5228.626,0.31173
5226.697,0.31159
5224.769,0.31144
5222.840,0.31129
5220.911,0.31115
5218.983,0.31105
5217.054,0.31094
5215.125,0.31074
5213.197,0.31052
5211.268,0.31039
5209.339,0.31034
5207.411,0.31031
5205.482,0.31020
5203.553,0.31003
5201.625,0.30983
5199.696,0.30968
5197.767,0.30960
5195.839,0.30952
5193.910,0.30940
5191.981,0.30931
5190.053,0.30927
5188.124,0.30917
5186.195,0.30899
5184.267,0.30881
5182.338,0.30866
5180.409,0.30853
5178.481,0.30839
5176.552,0.30826
5174.623,0.30810
5172.695,0.30797
5170.766,0.30787
5168.837,0.30778
5166.909,0.30772
5164.980,0.30764
5163.051,0.30746
5161.123,0.30726
5159.194,0.30716
5157.265,0.30710
5155.337,0.30701
5153.408,0.30695
5151.479,0.30689
5149.551,0.30676
5147.622,0.30659
5145.693,0.30639
5143.765,0.30622
5141.836,0.30615
5139.907,0.30609
5137.979,0.30593
5136.050,0.30575
5134.121,0.30561
5132.193,0.30547
5130.264,0.30534
5128.335,0.30522
5126.407,0.30510
5124.478,0.30499
5122.549,0.30485
5120.621,0.30472
5118.692,0.30463
5116.763,0.30459
5114.835,0.30451
5112.906,0.30435
5110.977,0.30413
5109.049,0.30392
5107.120,0.30376
5105.191,0.30365
5103.263,0.30356
5101.334,0.30345
5099.405,0.30332
5097.477,0.30316
5095.548,0.30300
5093.619,0.30285
5091.691,0.30269
5089.762,0.30254
5087.833,0.30244
5085.905,0.30236
5083.976,0.30223
5082.047,0.30205
5080.119,0.30191
5078.190,0.30183
5076.261,0.30176
5074.332,0.30167
5072.404,0.30151
5070.475,0.30131
5068.546,0.30114
5066.618,0.30102
5064.689,0.30093
5062.760,0.30085
5060.832,0.30076
5058.903,0.30064
5056.974,0.30049
5055.046,0.30037
5053.117,0.30026
5051.188,0.30011
5049.260,0.29998
5047.331,0.29990
5045.402,0.29978
5043.474,0.29961
5041.545,0.29943
5039.616,0.29927
5037.688,0.29914
5035.759,0.29907
5033.830,0.29897
5031.902,0.29879
5029.973,0.29859
5028.044,0.29843
5026.116,0.29830
5024.187,0.29819
5022.258,0.29809
5020.330,0.29798
5018.401,0.29783
5016.472,0.29766
5014.544,0.29750
5012.615,0.29735
5010.686,0.29725
5008.758,0.29718
5006.829,0.29709
5004.900,0.29694
5002.972,0.29676
5001.043,0.29660
4999.114,0.29647
4997.186,0.29638
4995.257,0.29632
4993.328,0.29621
4991.400,0.29601
4989.471,0.29580
4987.542,0.29570
4985.614,0.29566
4983.685,0.29554
4981.756,0.29535
4979.828,0.29516
4977.899,0.29504
4975.970,0.29495
4974.042,0.29486
4972.113,0.29476
4970.184,0.29465
4968.256,0.29448
4966.327,0.29430
4964.398,0.29414
4962.470,0.29402
4960.541,0.29395
4958.612,0.29390
4956.684,0.29380
4954.755,0.29363
4952.826,0.29347
4950.898,0.29335
4948.969,0.29324
4947.040,0.29314
4945.112,0.29302
4943.183,0.29288
4941.254,0.29271
4939.326,0.29251
4937.397,0.29232
4935.468,0.29220
4933.540,0.29218
4931.611,0.29216
4929.682,0.29206
4927.754,0.29188
4925.825,0.29171
4923.896,0.29158
4921.968,0.29148
4920.039,0.29136
4918.110,0.29123
4916.181,0.29110
4914.253,0.29096
4912.324,0.29083
4910.395,0.29072
4908.467,0.29062
4906.538,0.29051
4904.609,0.29037
4902.681,0.29020
4900.752,0.29002
4898.823,0.28985
4896.895,0.28971
4894.966,0.28961
4893.037,0.28954
4891.109,0.28948
4889.180,0.28939
4887.251,0.28926
4885.323,0.28911
4883.394,0.28898
4881.465,0.28886
4879.537,0.28873
4877.608,0.28852
4875.679,0.28829
4873.751,0.28814
4871.822,0.28805
4869.893,0.28796
4867.965,0.28785
4866.036,0.28774
4864.107,0.28762
4862.179,0.28744
4860.250,0.28723
4858.321,0.28703
4856.393,0.28687
4854.464,0.28676
4852.535,0.28661
4850.607,0.28643
4848.678,0.28628
4846.749,0.28619
4844.821,0.28615
4842.892,0.28615
4840.963,0.28612
4839.035,0.28603
4837.106,0.28587
4835.177,0.28571
4833.249,0.28554
4831.320,0.28540
4829.391,0.28531
4827.463,0.28524
4825.534,0.28513
4823.605,0.28498
4821.677,0.28483
4819.748,0.28471
4817.819,0.28460
4815.891,0.28447
4813.962,0.28428
4812.033,0.28409
4810.105,0.28396
4808.176,0.28388
4806.247,0.28383
4804.319,0.28376
4802.390,0.28365
4800.461,0.28349
4798.533,0.28333
4796.604,0.28318
4794.675,0.28307
4792.747,0.28297
4790.818,0.28286
4788.889,0.28276
4786.961,0.28265
4785.032,0.28253
4783.103,0.28241
4781.175,0.28228
4779.246,0.28214
4777.317,0.28201
4775.389,0.28190
4773.460,0.28179
4771.531,0.28167
4769.603,0.28155
4767.674,0.28142
4765.745,0.28129
4763.817,0.28115
4761.888,0.28101
4759.959,0.28086
4758.031,0.28072
4756.102,0.28061
4754.173,0.28051
4752.244,0.28041
4750.316,0.28030
4748.387,0.28015
4746.458,0.27998
4744.530,0.27982
4742.601,0.27969
4740.672,0.27962
4738.744,0.27954
4736.815,0.27942
4734.886,0.27927
4732.958,0.27913
4731.029,0.27900
4729.100,0.27886
4727.172,0.27875
4725.243,0.27865
4723.314,0.27853
4721.386,0.27840
4719.457,0.27828
4717.528,0.27819
4715.600,0.27812
4713.671,0.27805
4711.742,0.27795
4709.814,0.27782
4707.885,0.27770
4705.956,0.27758
4704.028,0.27751
4702.099,0.27747
4700.170,0.27740
4698.242,0.27727
4696.313,0.27711
4694.384,0.27697
4692.456,0.27680
4690.527,0.27660
4688.598,0.27645
4686.670,0.27638
4684.741,0.27631
4682.812,0.27614
4680.884,0.27592
4678.955,0.27574
4677.026,0.27563
4675.098,0.27555
4673.169,0.27545
4671.240,0.27530
4669.312,0.27513
4667.383,0.27498
4665.454,0.27487
4663.526,0.27480
4661.597,0.27473
4659.668,0.27462
4657.740,0.27450
4655.811,0.27438
4653.882,0.27429
4651.954,0.27422
4650.025,0.27414
4648.096,0.27402
4646.168,0.27389
4644.239,0.27379
4642.310,0.27367
4640.382,0.27353
4638.453,0.27340
4636.524,0.27328
4634.596,0.27314
4632.667,0.27296
4630.738,0.27280
4628.810,0.27269
4626.881,0.27258
4624.952,0.27246
4623.024,0.27232
4621.095,0.27218
4619.166,0.27207
4617.238,0.27198
4615.309,0.27182
4613.380,0.27165
4611.452,0.27153
4609.523,0.27143
4607.594,0.27132
4605.666,0.27123
4603.737,0.27116
4601.808,0.27105
4599.880,0.27092
4597.951,0.27081
4596.022,0.27070
4594.093,0.27060
4592.165,0.27053
4590.236,0.27047
4588.307,0.27039
4586.379,0.27035
4584.450,0.27031
4582.521,0.27024
4580.593,0.27017
4578.664,0.27011
4576.735,0.27004
4574.807,0.27000
4572.878,0.26995
4570.949,0.26983
4569.021,0.26963
4567.092,0.26946
4565.163,0.26935
4563.235,0.26926
4561.306,0.26912
4559.377,0.26892
4557.449,0.26872
4555.520,0.26858
4553.591,0.26846
4551.663,0.26830
4549.734,0.26815
4547.805,0.26801
4545.877,0.26786
4543.948,0.26768
4542.019,0.26752
4540.091,0.26742
4538.162,0.26734
4536.233,0.26722
4534.305,0.26707
4532.376,0.26690
4530.447,0.26673
4528.519,0.26658
4526.590,0.26645
4524.661,0.26635
4522.733,0.26626
4520.804,0.26618
4518.875,0.26607
4516.947,0.26598
4515.018,0.26593
4513.089,0.26588
4511.161,0.26580
4509.232,0.26573
4507.303,0.26568
4505.375,0.26557
4503.446,0.26545
4501.517,0.26534
4499.589,0.26520
4497.660,0.26503
4495.731,0.26490
4493.803,0.26479
4491.874,0.26468
4489.945,0.26457
4488.017,0.26447
4486.088,0.26434
4484.159,0.26420
4482.231,0.26409
4480.302,0.26402
4478.373,0.26394
4476.445,0.26385
4474.516,0.26375
4472.587,0.26365
4470.659,0.26358
4468.730,0.26354
4466.801,0.26350
4464.873,0.26347
4462.944,0.26349
4461.015,0.26357
4459.087,0.26366
4457.158,0.26375
4455.229,0.26379
4453.301,0.26372
4451.372,0.26357
4449.443,0.26342
4447.515,0.26324
4445.586,0.26299
4443.657,0.26273
4441.729,0.26252
4439.800,0.26231
4437.871,0.26210
4435.943,0.26195
4434.014,0.26182
4432.085,0.26166
4430.156,0.26149
4428.228,0.26136
4426.299,0.26124
4424.370,0.26112
4422.442,0.26102
4420.513,0.26091
4418.584,0.26080
4416.656,0.26070
4414.727,0.26057
4412.798,0.26043
4410.870,0.26031
4408.941,0.26020
4407.012,0.26008
4405.084,0.25996
4403.155,0.25985
4401.226,0.25969
4399.298,0.25954
4397.369,0.25945
4395.440,0.25938
4393.512,0.25932
4391.583,0.25926
4389.654,0.25920
4387.726,0.25915
4385.797,0.25917
4383.868,0.25925
4381.940,0.25932
4380.011,0.25933
4378.082,0.25926
4376.154,0.25912
4374.225,0.25897
4372.296,0.25884
4370.368,0.25867
4368.439,0.25844
4366.510,0.25818
4364.582,0.25794
4362.653,0.25771
4360.724,0.25751
4358.796,0.25736
4356.867,0.25723
4354.938,0.25709
4353.010,0.25697
4351.081,0.25685
4349.152,0.25673
4347.224,0.25663
4345.295,0.25658
4343.366,0.25652
4341.438,0.25646
4339.509,0.25641
4337.580,0.25637
4335.652,0.25633
4333.723,0.25633
4331.794,0.25635
4329.866,0.25636
4327.937,0.25641
4326.008,0.25652
4324.080,0.25660
4322.151,0.25650
4320.222,0.25618
4318.294,0.25571
4316.365,0.25520
4314.436,0.25477
4312.508,0.25447
4310.579,0.25425
4308.650,0.25415
4306.722,0.25415
4304.793,0.25412
4302.864,0.25404
4300.936,0.25396
4299.007,0.25388
4297.078,0.25377
4295.150,0.25366
4293.221,0.25357
4291.292,0.25341
4289.364,0.25319
4287.435,0.25297
4285.506,0.25278
4283.578,0.25265
4281.649,0.25258
4279.720,0.25258
4277.792,0.25261
4275.863,0.25270
4273.934,0.25282
4272.005,0.25286
4270.077,0.25285
4268.148,0.25282
4266.219,0.25277
4264.291,0.25267
4262.362,0.25252
4260.433,0.25236
4258.505,0.25221
4256.576,0.25209
4254.647,0.25204
4252.719,0.25196
4250.790,0.25175
4248.861,0.25141
4246.933,0.25101
4245.004,0.25065
4243.075,0.25040
4241.147,0.25023
4239.218,0.25008
4237.289,0.24996
4235.361,0.24986
4233.432,0.24977
4231.503,0.24968
4229.575,0.24961
4227.646,0.24954
4225.717,0.24945
4223.789,0.24930
4221.860,0.24913
4219.931,0.24897
4218.003,0.24882
4216.074,0.24867
4214.145,0.24849
4212.217,0.24827
4210.288,0.24807
4208.359,0.24790
4206.431,0.24772
4204.502,0.24762
4202.573,0.24759
4200.645,0.24755
4198.716,0.24745
4196.787,0.24737
4194.859,0.24732
4192.930,0.24734
4191.001,0.24743
4189.073,0.24754
4187.144,0.24760
4185.215,0.24760
4183.287,0.24758
4181.358,0.24754
4179.429,0.24747
4177.501,0.24740
4175.572,0.24728
4173.643,0.24708
4171.715,0.24685
4169.786,0.24661
4167.857,0.24635
4165.929,0.24612
4164.000,0.24593
4162.071,0.24574
4160.143,0.24549
4158.214,0.24522
4156.285,0.24496
4154.357,0.24477
4152.428,0.24466
4150.499,0.24455
4148.571,0.24439
4146.642,0.24421
4144.713,0.24408
4142.785,0.24399
4140.856,0.24388
4138.927,0.24379
4136.999,0.24369
4135.070,0.24351
4133.141,0.24331
4131.213,0.24312
4129.284,0.24293
4127.355,0.24278
4125.427,0.24269
4123.498,0.24257
4121.569,0.24238
4119.641,0.24219
4117.712,0.24200
4115.783,0.24181
4113.855,0.24166
4111.926,0.24157
4109.997,0.24149
4108.068,0.24140
4106.140,0.24130
4104.211,0.24120
4102.282,0.24111
4100.354,0.24106
4098.425,0.24100
4096.496,0.24085
4094.568,0.24064
4092.639,0.24043
4090.710,0.24022
4088.782,0.24003
4086.853,0.23987
4084.924,0.23972
4082.996,0.23954
4081.067,0.23933
4079.138,0.23912
4077.210,0.23895
4075.281,0.23885
4073.352,0.23879
4071.424,0.23871
4069.495,0.23860
4067.566,0.23847
4065.638,0.23833
4063.709,0.23821
4061.780,0.23815
4059.852,0.23815
4057.923,0.23816
4055.994,0.23814
4054.066,0.23811
4052.137,0.23805
4050.208,0.23801
4048.280,0.23801
4046.351,0.23802
4044.422,0.23798
4042.494,0.23791
4040.565,0.23782
4038.636,0.23774
4036.708,0.23766
4034.779,0.23757
4032.850,0.23741
4030.922,0.23719
4028.993,0.23696
4027.064,0.23675
4025.136,0.23655
4023.207,0.23636
4021.278,0.23620
4019.350,0.23602
4017.421,0.23579
4015.492,0.23554
4013.564,0.23534
4011.635,0.23523
4009.706,0.23521
4007.778,0.23521
4005.849,0.23521
4003.920,0.23522
4001.992,0.23529
4000.063,0.23543
3998.134,0.23557
3996.206,0.23562
3994.277,0.23555
3992.348,0.23540
3990.420,0.23516
3988.491,0.23491
3986.562,0.23470
3984.634,0.23456
3982.705,0.23444
3980.776,0.23430
3978.848,0.23418
3976.919,0.23407
3974.990,0.23396
3973.062,0.23385
3971.133,0.23373
3969.204,0.23358
3967.276,0.23338
3965.347,0.23312
3963.418,0.23283
3961.490,0.23251
3959.561,0.23221
3957.632,0.23195
3955.704,0.23174
3953.775,0.23152
3951.846,0.23126
3949.917,0.23099
3947.989,0.23076
3946.060,0.23060
3944.131,0.23048
3942.203,0.23037
3940.274,0.23021
3938.345,0.23000
3936.417,0.22981
3934.488,0.22972
3932.559,0.22969
3930.631,0.22964
3928.702,0.22957
3926.773,0.22949
3924.845,0.22935
3922.916,0.22918
3920.987,0.22905
3919.059,0.22896
3917.130,0.22882
3915.201,0.22864
3913.273,0.22845
3911.344,0.22826
3909.415,0.22810
3907.487,0.22801
3905.558,0.22799
3903.629,0.22795
3901.701,0.22783
3899.772,0.22765
3897.843,0.22749
3895.915,0.22742
3893.986,0.22745
3892.057,0.22747
3890.129,0.22742
3888.200,0.22730
3886.271,0.22713
3884.343,0.22689
3882.414,0.22669
3880.485,0.22654
3878.557,0.22640
3876.628,0.22628
3874.699,0.22614
3872.771,0.22597
3870.842,0.22579
3868.913,0.22565
3866.985,0.22555
3865.056,0.22549
3863.127,0.22539
3861.199,0.22521
3859.270,0.22499
3857.341,0.22488
3855.413,0.22492
3853.484,0.22490
3851.555,0.22471
3849.627,0.22448
3847.698,0.22426
3845.769,0.22405
3843.841,0.22390
3841.912,0.22384
3839.983,0.22381
3838.055,0.22373
3836.126,0.22357
3834.197,0.22334
3832.269,0.22312
3830.340,0.22296
3828.411,0.22288
3826.483,0.22279
3824.554,0.22270
3822.625,0.22265
3820.697,0.22255
3818.768,0.22243
3816.839,0.22238
3814.911,0.22232
3812.982,0.22217
3811.053,0.22199
3809.125,0.22179
3807.196,0.22158
3805.267,0.22142
3803.339,0.22136
3801.410,0.22130
3799.481,0.22115
3797.553,0.22097
3795.624,0.22075
3793.695,0.22052
3791.767,0.22038
3789.838,0.22032
3787.909,0.22026
3785.980,0.22015
3784.052,0.22000
3782.123,0.21982
3780.194,0.21967
3778.266,0.21957
3776.337,0.21949
3774.408,0.21938
3772.480,0.21926
3770.551,0.21911
3768.622,0.21890
3766.694,0.21872
3764.765,0.21864
3762.836,0.21859
3760.908,0.21850
3758.979,0.21835
3757.050,0.21815
3755.122,0.21795
3753.193,0.21787
3751.264,0.21786
3749.336,0.21776
3747.407,0.21762
3745.478,0.21749
3743.550,0.21727
3741.621,0.21699
3739.692,0.21687
3737.764,0.21689
3735.835,0.21684
3733.906,0.21667
3731.978,0.21644
3730.049,0.21621
3728.120,0.21608
3726.192,0.21606
3724.263,0.21605
3722.334,0.21593
3720.406,0.21577
3718.477,0.21560
3716.548,0.21544
3714.620,0.21539
3712.691,0.21544
3710.762,0.21542
3708.834,0.21527
3706.905,0.21511
3704.976,0.21499
3703.048,0.21485
3701.119,0.21476
3699.190,0.21473
3697.262,0.21469
3695.333,0.21458
3693.404,0.21446
3691.476,0.21434
3689.547,0.21421
3687.618,0.21413
3685.690,0.21412
3683.761,0.21414
3681.832,0.21416
3679.904,0.21419
3677.975,0.21423
3676.046,0.21428
3674.118,0.21435
3672.189,0.21443
3670.260,0.21446
3668.332,0.21444
3666.403,0.21438
3664.474,0.21434
3662.546,0.21439
3660.617,0.21454
3658.688,0.21469
3656.760,0.21475
3654.831,0.21478
3652.902,0.21483
3650.974,0.21492
3649.045,0.21507
3647.116,0.21522
3645.188,0.21529
3643.259,0.21534
3641.330,0.21540
3639.402,0.21543
3637.473,0.21547
3635.544,0.21561
3633.616,0.21579
3631.687,0.21593
3629.758,0.21604
3627.830,0.21605
3625.901,0.21597
3623.972,0.21600
3622.043,0.21623
3620.115,0.21647
3618.186,0.21659
3616.257,0.21669
3614.329,0.21684
3612.400,0.21699
3610.471,0.21720
3608.543,0.21748
3606.614,0.21766
3604.685,0.21773
3602.757,0.21779
3600.828,0.21781
3598.899,0.21782
3596.971,0.21794
3595.042,0.21810
3593.113,0.21818
3591.185,0.21825
3589.256,0.21832
3587.327,0.21832
3585.399,0.21832
3583.470,0.21844
3581.541,0.21863
3579.613,0.21876
3577.684,0.21882
3575.755,0.21886
3573.827,0.21890
3571.898,0.21904
3569.969,0.21928
3568.041,0.21949
3566.112,0.21959
3564.183,0.21965
3562.255,0.21967
3560.326,0.21968
3558.397,0.21981
3556.469,0.22004
3554.540,0.22021
3552.611,0.22029
3550.683,0.22035
3548.754,0.22038
3546.825,0.22044
3544.897,0.22060
3542.968,0.22079
3541.039,0.22088
3539.111,0.22090
3537.182,0.22090
3535.253,0.22087
3533.325,0.22092
3531.396,0.22113
3529.467,0.22131
3527.539,0.22136
3525.610,0.22136
3523.681,0.22137
3521.753,0.22138
3519.824,0.22147
3517.895,0.22165
3515.967,0.22176
3514.038,0.22177
3512.109,0.22177
3510.181,0.22174
3508.252,0.22172
3506.323,0.22183
3504.395,0.22200
3502.466,0.22204
3500.537,0.22200
3498.609,0.22198
3496.680,0.22196
3494.751,0.22199
3492.823,0.22212
3490.894,0.22224
3488.965,0.22224
3487.037,0.22221
3485.108,0.22217
3483.179,0.22211
3481.251,0.22213
3479.322,0.22226
3477.393,0.22235
3475.465,0.22232
3473.536,0.22227
3471.607,0.22221
3469.679,0.22216
3467.750,0.22224
3465.821,0.22239
3463.892,0.22246
3461.964,0.22241
3460.035,0.22231
3458.106,0.22218
3456.178,0.22212
3454.249,0.22216
3452.320,0.22219
3450.392,0.22210
3448.463,0.22194
3446.534,0.22172
3444.606,0.22148
3442.677,0.22133
3440.748,0.22133
3438.820,0.22128
3436.891,0.22112
3434.962,0.22092
3433.034,0.22070
3431.105,0.22047
3429.176,0.22034
3427.248,0.22031
3425.319,0.22018
3423.390,0.21993
3421.462,0.21967
3419.533,0.21940
3417.604,0.21915
3415.676,0.21900
3413.747,0.21886
3411.818,0.21862
3409.890,0.21831
3407.961,0.21800
3406.032,0.21766
3404.104,0.21732
3402.175,0.21708
3400.246,0.21684
3398.318,0.21649
3396.389,0.21612
3394.460,0.21578
3392.532,0.21540
3390.603,0.21508
3388.674,0.21486
3386.746,0.21461
3384.817,0.21423
3382.888,0.21383
3380.960,0.21347
3379.031,0.21311
3377.102,0.21282
3375.174,0.21255
3373.245,0.21217
3371.316,0.21169
3369.388,0.21127
3367.459,0.21089
3365.530,0.21053
3363.602,0.21023
3361.673,0.20993
3359.744,0.20950
3357.816,0.20900
3355.887,0.20856
3353.958,0.20816
3352.030,0.20781
3350.101,0.20753
3348.172,0.20721
3346.244,0.20677
3344.315,0.20635
3342.386,0.20595
3340.458,0.20555
3338.529,0.20522
3336.600,0.20499
3334.672,0.20467
3332.743,0.20425
3330.814,0.20385
3328.886,0.20347
3326.957,0.20310
3325.028,0.20284
3323.100,0.20261
3321.171,0.20227
3319.242,0.20186
3317.314,0.20150
3315.385,0.20117
3313.456,0.20088
3311.528,0.20067
3309.599,0.20044
3307.670,0.20009
3305.742,0.19971
3303.813,0.19939
3301.884,0.19911
3299.955,0.19888
3298.027,0.19871
3296.098,0.19847
3294.169,0.19814
3292.241,0.19784
3290.312,0.19760
3288.383,0.19733
3286.455,0.19712
3284.526,0.19693
3282.597,0.19665
3280.669,0.19628
3278.740,0.19593
3276.811,0.19563
3274.883,0.19536
3272.954,0.19515
3271.025,0.19492
3269.097,0.19456
3267.168,0.19416
3265.239,0.19383
3263.311,0.19351
3261.382,0.19319
3259.453,0.19292
3257.525,0.19263
3255.596,0.19225
3253.667,0.19189
3251.739,0.19156
3249.810,0.19117
3247.881,0.19075
3245.953,0.19035
3244.024,0.18987
3242.095,0.18933
3240.167,0.18884
3238.238,0.18842
3236.309,0.18802
3234.381,0.18776
3232.452,0.18765
3230.523,0.18756
3228.595,0.18752
3226.666,0.18754
3224.737,0.18754
3222.809,0.18748
3220.880,0.18742
3218.951,0.18727
3217.023,0.18692
3215.094,0.18649
3213.165,0.18608
3211.237,0.18567
3209.308,0.18530
3207.379,0.18504
3205.451,0.18478
3203.522,0.18452
3201.593,0.18435
3199.665,0.18421
3197.736,0.18401
3195.807,0.18380
3193.879,0.18357
3191.950,0.18321
3190.021,0.18278
3188.093,0.18240
3186.164,0.18207
3184.235,0.18174
3182.307,0.18143
3180.378,0.18111
3178.449,0.18072
3176.521,0.18036
3174.592,0.18011
3172.663,0.17988
3170.735,0.17965
3168.806,0.17949
3166.877,0.17931
3164.949,0.17904
3163.020,0.17881
3161.091,0.17864
3159.163,0.17848
3157.234,0.17837
3155.305,0.17831
3153.377,0.17821
3151.448,0.17806
3149.519,0.17791
3147.591,0.17770
3145.662,0.17737
3143.733,0.17699
3141.804,0.17654
3139.876,0.17598
3137.947,0.17541
3136.018,0.17490
3134.090,0.17439
3132.161,0.17388
3130.232,0.17346
3128.304,0.17304
3126.375,0.17258
3124.446,0.17220
3122.518,0.17199
3120.589,0.17193
3118.660,0.17218
3116.732,0.17303
3114.803,0.17493
3112.874,0.17883
3110.946,0.18658
3109.017,0.20069
3107.088,0.22284
3105.160,0.25102
3103.231,0.27922
3101.302,0.30294
3099.374,0.32176
3097.445,0.33245
3095.516,0.32877
3093.588,0.31374
3091.659,0.29926
3089.730,0.29295
3087.802,0.29370
3085.873,0.29550
3083.944,0.29270
3082.016,0.28411
3080.087,0.27263
3078.158,0.26176
3076.230,0.25350
3074.301,0.24850
3072.372,0.24658
3070.444,0.24702
3068.515,0.24899
3066.586,0.25228
3064.658,0.25713
3062.729,0.26368
3060.800,0.27140
3058.872,0.27857
3056.943,0.28238
3055.014,0.28066
3053.086,0.27354
3051.157,0.26296
3049.228,0.25122
3047.300,0.24009
3045.371,0.23051
3043.442,0.22273
3041.514,0.21666
3039.585,0.21207
3037.656,0.20862
3035.728,0.20603
3033.799,0.20420
3031.870,0.20304
3029.942,0.20254
3028.013,0.20281
3026.084,0.20393
3024.156,0.20580
3022.227,0.20817
3020.298,0.21073
3018.370,0.21300
3016.441,0.21452
3014.512,0.21507
3012.584,0.21463
3010.655,0.21322
3008.726,0.21104
3006.798,0.20839
3004.869,0.20560
3002.940,0.20306
3001.012,0.20098
2999.083,0.19935
2997.154,0.19802
2995.226,0.19693
2993.297,0.19603
2991.368,0.19527
2989.440,0.19472
2987.511,0.19443
2985.582,0.19435
2983.654,0.19445
2981.725,0.19477
2979.796,0.19536
2977.867,0.19626
2975.939,0.19755
2974.010,0.19926
2972.081,0.20139
2970.153,0.20398
2968.224,0.20707
2966.295,0.21071
2964.367,0.21505
2962.438,0.22025
2960.509,0.22600
2958.581,0.23123
2956.652,0.23425
2954.723,0.23352
2952.795,0.22911
2950.866,0.22307
2948.937,0.21777
2947.009,0.21444
2945.080,0.21319
2943.151,0.21373
2941.223,0.21567
2939.294,0.21882
2937.365,0.22317
2935.437,0.22872
2933.508,0.23533
2931.579,0.24309
2929.651,0.25222
2927.722,0.26306
2925.793,0.27603
2923.865,0.29135
2921.936,0.30812
2920.007,0.32351
2918.079,0.33191
2916.150,0.32685
2914.221,0.30859
2912.293,0.28624
2910.364,0.26816
2908.435,0.25621
2906.507,0.24885
2904.578,0.24447
2902.649,0.24186
2900.721,0.24025
2898.792,0.23927
2896.863,0.23858
2894.935,0.23788
2893.006,0.23712
2891.077,0.23630
2889.149,0.23534
2887.220,0.23428
2885.291,0.23324
2883.363,0.23225
2881.434,0.23131
2879.505,0.23048
2877.577,0.22957
2875.648,0.22816
2873.719,0.22591
2871.791,0.22280
2869.862,0.21931
2867.933,0.21634
2866.005,0.21478
2864.076,0.21496
2862.147,0.21688
2860.219,0.22056
2858.290,0.22637
2856.361,0.23548
2854.433,0.25001
2852.504,0.27023
2850.575,0.28827
2848.647,0.28977
2846.718,0.27160
2844.789,0.24695
2842.861,0.22734
2840.932,0.21456
2839.003,0.20632
2837.075,0.20068
2835.146,0.19670
2833.217,0.19402
2831.289,0.19229
2829.360,0.19113
2827.431,0.19026
2825.503,0.18931
2823.574,0.18799
2821.645,0.18642
2819.716,0.18477
2817.788,0.18308
2815.859,0.18141
2813.930,0.17987
2812.002,0.17840
2810.073,0.17696
2808.144,0.17564
2806.216,0.17442
2804.287,0.17320
2802.358,0.17211
2800.430,0.17121
2798.501,0.17040
2796.572,0.16973
2794.644,0.16933
2792.715,0.16906
2790.786,0.16880
2788.858,0.16859
2786.929,0.16833
2785.000,0.16788
2783.072,0.16741
2781.143,0.16710
2779.214,0.16692
2777.286,0.16684
2775.357,0.16686
2773.428,0.16673
2771.500,0.16629
2769.571,0.16573
2767.642,0.16517
2765.714,0.16450
2763.785,0.16385
2761.856,0.16342
2759.928,0.16314
2757.999,0.16295
2756.070,0.16293
2754.142,0.16295
2752.213,0.16284
2750.284,0.16270
2748.356,0.16252
2746.427,0.16222
2744.498,0.16193
2742.570,0.16176
2740.641,0.16151
2738.712,0.16114
2736.784,0.16083
2734.855,0.16058
2732.926,0.16028
2730.998,0.16005
2729.069,0.15991
2727.140,0.15971
2725.212,0.15951
2723.283,0.15944
2721.354,0.15936
2719.426,0.15923
2717.497,0.15925
2715.568,0.15938
2713.640,0.15946
2711.711,0.15961
2709.782,0.15990
2707.854,0.16012
2705.925,0.16026
2703.996,0.16040
2702.068,0.16027
2700.139,0.15967
2698.210,0.15876
2696.282,0.15769
2694.353,0.15647
2692.424,0.15535
2690.496,0.15449
2688.567,0.15371
2686.638,0.15300
2684.710,0.15255
2682.781,0.15223
2680.852,0.15188
2678.924,0.15167
2676.995,0.15160
2675.066,0.15143
2673.138,0.15122
2671.209,0.15113
2669.280,0.15101
2667.352,0.15085
2665.423,0.15080
2663.494,0.15077
2661.566,0.15057
2659.637,0.15039
2657.708,0.15027
2655.779,0.15000
2653.851,0.14969
2651.922,0.14956
2649.993,0.14945
2648.065,0.14930
2646.136,0.14930
2644.207,0.14938
2642.279,0.14933
2640.350,0.14933
2638.421,0.14945
2636.493,0.14941
2634.564,0.14926
2632.635,0.14916
2630.707,0.14894
2628.778,0.14849
2626.849,0.14809
2624.921,0.14781
2622.992,0.14748
2621.063,0.14727
2619.135,0.14729
2617.206,0.14733
2615.277,0.14733
2613.349,0.14742
2611.420,0.14737
2609.491,0.14698
2607.563,0.14653
2605.634,0.14612
2603.705,0.14559
2601.777,0.14514
2599.848,0.14496
2597.919,0.14486
2595.991,0.14478
2594.062,0.14489
2592.133,0.14498
2590.205,0.14488
2588.276,0.14484
2586.347,0.14493
2584.419,0.14499
2582.490,0.14512
2580.561,0.14546
2578.633,0.14574
2576.704,0.14586
2574.775,0.14603
2572.847,0.14611
2570.918,0.14594
2568.989,0.14574
2567.061,0.14567
2565.132,0.14552
2563.203,0.14535
2561.275,0.14532
2559.346,0.14522
2557.417,0.14491
2555.489,0.14458
2553.560,0.14413
2551.631,0.14340
2549.703,0.14267
2547.774,0.14216
2545.845,0.14163
2543.917,0.14111
2541.988,0.14083
2540.059,0.14061
2538.131,0.14038
2536.202,0.14039
2534.273,0.14060
2532.345,0.14074
2530.416,0.14092
2528.487,0.14124
2526.559,0.14145
2524.630,0.14148
2522.701,0.14146
2520.773,0.14115
2518.844,0.14042
2516.915,0.13964
2514.987,0.13900
2513.058,0.13831
2511.129,0.13771
2509.201,0.13736
2507.272,0.13701
2505.343,0.13660
2503.415,0.13634
2501.486,0.13613
2499.557,0.13583
2497.628,0.13574
2495.700,0.13589
2493.771,0.13598
2491.842,0.13604
2489.914,0.13623
2487.985,0.13635
2486.056,0.13638
2484.128,0.13656
2482.199,0.13677
2480.270,0.13672
2478.342,0.13663
2476.413,0.13661
2474.484,0.13647
2472.556,0.13629
2470.627,0.13629
2468.698,0.13624
2466.770,0.13603
2464.841,0.13592
2462.912,0.13592
2460.984,0.13583
2459.055,0.13583
2457.126,0.13599
2455.198,0.13604
2453.269,0.13600
2451.340,0.13607
2449.412,0.13611
2447.483,0.13604
2445.554,0.13614
2443.626,0.13635
2441.697,0.13638
2439.768,0.13629
2437.840,0.13617
2435.911,0.13576
2433.982,0.13512
2432.054,0.13464
2430.125,0.13427
2428.196,0.13389
2426.268,0.13369
2424.339,0.13357
2422.410,0.13329
2420.482,0.13306
2418.553,0.13309
2416.624,0.13308
2414.696,0.13298
2412.767,0.13301
2410.838,0.13306
2408.910,0.13295
2406.981,0.13295
2405.052,0.13323
2403.124,0.13357
2401.195,0.13373
2399.266,0.13346
2397.338,0.13255
2395.409,0.13139
2393.480,0.13059
2391.552,0.13011
2389.623,0.12966
2387.694,0.12936
2385.766,0.12923
2383.837,0.12903
2381.908,0.12888
2379.980,0.12897
2378.051,0.12906
2376.122,0.12901
2374.194,0.12905
2372.265,0.12913
2370.336,0.12904
2368.408,0.12892
2366.479,0.12877
2364.550,0.12839
2362.622,0.12793
2360.693,0.12771
2358.764,0.12754
2356.836,0.12729
2354.907,0.12716
2352.978,0.12703
2351.050,0.12662
2349.121,0.12614
2347.192,0.12582
2345.264,0.12552
2343.335,0.12532
2341.406,0.12542
2339.478,0.12549
2337.549,0.12531
2335.620,0.12509
2333.691,0.12485
2331.763,0.12445
2329.834,0.12408
2327.905,0.12390
2325.977,0.12365
2324.048,0.12332
2322.119,0.12313
2320.191,0.12295
2318.262,0.12267
2316.333,0.12253
2314.405,0.12253
2312.476,0.12242
2310.547,0.12239
2308.619,0.12259
2306.690,0.12282
2304.761,0.12305
2302.833,0.12351
2300.904,0.12395
2298.975,0.12415
2297.047,0.12437
2295.118,0.12466
2293.189,0.12473
2291.261,0.12466
2289.332,0.12454
2287.403,0.12406
2285.475,0.12327
2283.546,0.12256
2281.617,0.12193
2279.689,0.12126
2277.760,0.12081
2275.831,0.12058
2273.903,0.12023
2271.974,0.11987
2270.045,0.11971
2268.117,0.11953
2266.188,0.11930
2264.259,0.11927
2262.331,0.11929
2260.402,0.11909
2258.473,0.11889
2256.545,0.11871
2254.616,0.11831
2252.687,0.11786
2250.759,0.11761
2248.830,0.11736
2246.901,0.11700
2244.973,0.11676
2243.044,0.11652
2241.115,0.11609
2239.187,0.11572
2237.258,0.11552
2235.329,0.11519
2233.401,0.11478
2231.472,0.11451
2229.543,0.11421
2227.615,0.11382
2225.686,0.11361
2223.757,0.11346
2221.829,0.11311
2219.900,0.11282
2217.971,0.11270
2216.043,0.11247
2214.114,0.11219
2212.185,0.11213
2210.257,0.11204
2208.328,0.11177
2206.399,0.11162
2204.471,0.11154
2202.542,0.11130
2200.613,0.11111
2198.685,0.11108
2196.756,0.11087
2194.827,0.11053
2192.899,0.11036
2190.970,0.11015
2189.041,0.10978
2187.113,0.10958
2185.184,0.10950
2183.255,0.10926
2181.327,0.10912
2179.398,0.10927
2177.469,0.10934
2175.540,0.10930
2173.612,0.10930
2171.683,0.10904
2169.754,0.10844
2167.826,0.10799
2165.897,0.10776
2163.968,0.10739
2162.040,0.10709
2160.111,0.10705
2158.182,0.10691
2156.254,0.10666
2154.325,0.10665
2152.396,0.10669
2150.468,0.10652
2148.539,0.10641
2146.610,0.10637
2144.682,0.10603
2142.753,0.10563
2140.824,0.10547
2138.896,0.10522
2136.967,0.10487
2135.038,0.10480
2133.110,0.10481
2131.181,0.10458
2129.252,0.10450
2127.324,0.10464
2125.395,0.10461
2123.466,0.10457
2121.538,0.10481
2119.609,0.10491
2117.680,0.10477
2115.752,0.10480
2113.823,0.10485
2111.894,0.10463
2109.966,0.10448
2108.037,0.10446
2106.108,0.10408
2104.180,0.10353
2102.251,0.10324
2100.322,0.10291
2098.394,0.10243
2096.465,0.10223
2094.536,0.10214
2092.608,0.10177
2090.679,0.10148
2088.750,0.10145
2086.822,0.10126
2084.893,0.10101
2082.964,0.10105
2081.036,0.10098
2079.107,0.10056
2077.178,0.10027
2075.250,0.10011
2073.321,0.09968
2071.392,0.09933
2069.464,0.09930
2067.535,0.09907
2065.606,0.09866
2063.678,0.09851
2061.749,0.09831
2059.820,0.09782
2057.892,0.09755
2055.963,0.09748
2054.034,0.09711
2052.106,0.09680
2050.177,0.09686
2048.248,0.09670
2046.320,0.09630
2044.391,0.09620
2042.462,0.09612
2040.534,0.09570
2038.605,0.09544
2036.676,0.09540
2034.748,0.09508
2032.819,0.09480
2030.890,0.09491
2028.962,0.09490
2027.033,0.09464
2025.104,0.09467
2023.176,0.09470
2021.247,0.09435
2019.318,0.09414
2017.390,0.09418
2015.461,0.09385
2013.532,0.09340
2011.603,0.09332
2009.675,0.09320
2007.746,0.09294
2005.817,0.09310
2003.889,0.09340
2001.960,0.09320
2000.031,0.09289
1998.103,0.09268
1996.174,0.09209
1994.245,0.09142
1992.317,0.09120
1990.388,0.09090
1988.459,0.09028
1986.531,0.08999
1984.602,0.08989
1982.673,0.08945
1980.745,0.08914
1978.816,0.08920
1976.887,0.08896
1974.959,0.08853
1973.030,0.08849
1971.101,0.08838
1969.173,0.08790
1967.244,0.08768
1965.315,0.08764
1963.387,0.08715
1961.458,0.08668
1959.529,0.08662
1957.601,0.08634
1955.672,0.08587
1953.743,0.08586
1951.815,0.08585
1949.886,0.08540
1947.957,0.08519
1946.029,0.08529
1944.100,0.08502
1942.171,0.08471
1940.243,0.08478
1938.314,0.08458
1936.385,0.08405
1934.457,0.08393
1932.528,0.08388
1930.599,0.08338
1928.671,0.08309
1926.742,0.08312
1924.813,0.08271
1922.885,0.08222
1920.956,0.08223
1919.027,0.08212
1917.099,0.08169
1915.170,0.08165
1913.241,0.08172
1911.313,0.08130
1909.384,0.08102
1907.455,0.08110
1905.527,0.08079
1903.598,0.08036
1901.669,0.08040
1899.741,0.08028
1897.812,0.07972
1895.883,0.07956
1893.955,0.07961
1892.026,0.07920
1890.097,0.07892
1888.169,0.07906
1886.240,0.07885
1884.311,0.07844
1882.383,0.07855
1880.454,0.07857
1878.525,0.07811
1876.597,0.07797
1874.668,0.07804
1872.739,0.07756
1870.811,0.07714
1868.882,0.07724
1866.953,0.07705
1865.025,0.07664
1863.096,0.07678
1861.167,0.07693
1859.239,0.07665
1857.310,0.07681
1855.381,0.07751
1853.452,0.07808
1851.524,0.07924
1849.595,0.08198
1847.666,0.08596
1845.738,0.09053
1843.809,0.09401
1841.880,0.09363
1839.952,0.08950
1838.023,0.08522
1836.094,0.08267
1834.166,0.08098
1832.237,0.08000
1830.308,0.08007
1828.380,0.08029
1826.451,0.08035
1824.522,0.08107
1822.594,0.08221
1820.665,0.08305
1818.736,0.08400
1816.808,0.08525
1814.879,0.08617
1812.950,0.08706
1811.022,0.08819
1809.093,0.08767
1807.164,0.08450
1805.236,0.08064
1803.307,0.07749
1801.378,0.07483
1799.450,0.07310
1797.521,0.07236
1795.592,0.07146
1793.664,0.07045
1791.735,0.07004
1789.806,0.06956
1787.878,0.06868
1785.949,0.06828
1784.020,0.06817
1782.092,0.06748
1780.163,0.06691
1778.234,0.06695
1776.306,0.06667
1774.377,0.06617
1772.448,0.06627
1770.520,0.06630
1768.591,0.06576
1766.662,0.06564
1764.734,0.06591
1762.805,0.06565
1760.876,0.06540
1758.948,0.06572
1757.019,0.06571
1755.090,0.06539
1753.162,0.06573
1751.233,0.06618
1749.304,0.06608
1747.376,0.06632
1745.447,0.06701
1743.518,0.06720
1741.590,0.06739
1739.661,0.06820
1737.732,0.06874
1735.804,0.06892
1733.875,0.06961
1731.946,0.07019
1730.018,0.07000
1728.089,0.07000
1726.160,0.07040
1724.232,0.07035
1722.303,0.07033
1720.374,0.07105
1718.446,0.07161
1716.517,0.07179
1714.588,0.07256
1712.660,0.07351
1710.731,0.07384
1708.802,0.07428
1706.874,0.07499
1704.945,0.07504
1703.016,0.07501
1701.088,0.07574
1699.159,0.07631
1697.230,0.07647
1695.302,0.07719
1693.373,0.07812
1691.444,0.07859
1689.515,0.07951
1687.587,0.08115
1685.658,0.08252
1683.729,0.08384
1681.801,0.08579
1679.872,0.08767
1677.943,0.08921
1676.015,0.09126
1674.086,0.09344
1672.157,0.09518
1670.229,0.09741
1668.300,0.10048
1666.371,0.10349
1664.443,0.10673
1662.514,0.11079
1660.585,0.11456
1658.657,0.11723
1656.728,0.11965
1654.799,0.12211
1652.871,0.12445
1650.942,0.12752
1649.013,0.13151
1647.085,0.13531
1645.156,0.13884
1643.227,0.14259
1641.299,0.14598
1639.370,0.14929
1637.441,0.15426
1635.513,0.16143
1633.584,0.17035
1631.655,0.18132
1629.727,0.19405
1627.798,0.20776
1625.869,0.22477
1623.941,0.25084
1622.012,0.29016
1620.083,0.33631
1618.155,0.36474
1616.226,0.35177
1614.297,0.31088
1612.369,0.27682
1610.440,0.26791
1608.511,0.28217
1606.583,0.30866
1604.654,0.33333
1602.725,0.34015
1600.797,0.31988
1598.868,0.28186
1596.939,0.24476
1595.011,0.21914
1593.082,0.20603
1591.153,0.20285
1589.225,0.20627
1587.296,0.21387
1585.367,0.22393
1583.439,0.23486
1581.510,0.24652
1579.581,0.26007
1577.653,0.27566
1575.724,0.29270
1573.795,0.31158
1571.867,0.33278
1569.938,0.35608
1568.009,0.38165
1566.081,0.40986
1564.152,0.44076
1562.223,0.47555
1560.295,0.51745
1558.366,0.56999
1556.437,0.63579
1554.509,0.71565
1552.580,0.80517
1550.651,0.89393
1548.723,0.97539
1546.794,1.05597
1544.865,1.14267
1542.937,1.22571
1541.008,1.28445
1539.079,1.30625
1537.151,1.29102
1535.222,1.24390
1533.293,1.17314
1531.364,1.08932
1529.436,1.00042
1527.507,0.91151
1525.578,0.82801
1523.650,0.75462
1521.721,0.69315
1519.792,0.64314
1517.864,0.60258
1515.935,0.56903
1514.006,0.54106
1512.078,0.51774
1510.149,0.49746
1508.220,0.47823
1506.292,0.45855
1504.363,0.43793
1502.434,0.41716
1500.506,0.39742
1498.577,0.37898
1496.648,0.36161
1494.720,0.34577
1492.791,0.33184
1490.862,0.31939
1488.934,0.30839
1487.005,0.29881
1485.076,0.28975
1483.148,0.28096
1481.219,0.27343
1479.290,0.26785
1477.362,0.26546
1475.433,0.26756
1473.504,0.27033
1471.576,0.26953
1469.647,0.27033
1467.718,0.27809
1465.790,0.28795
1463.861,0.29024
1461.932,0.27911
1460.004,0.25815
1458.075,0.23691
1456.146,0.22122
1454.218,0.21094
1452.289,0.20385
1450.360,0.19874
1448.432,0.19534
1446.503,0.19359
1444.574,0.19525
1442.646,0.20359
1440.717,0.21953
1438.788,0.23731
1436.860,0.24500
1434.931,0.23518
1433.002,0.21400
1431.074,0.19298
1429.145,0.17762
1427.216,0.16740
1425.288,0.16116
1423.359,0.15863
1421.430,0.15911
1419.502,0.16282
1417.573,0.17215
1415.644,0.18948
1413.716,0.21605
1411.787,0.25164
1409.858,0.29188
1407.930,0.32685
1406.001,0.34522
1404.072,0.34112
1402.144,0.31836
1400.215,0.28736
1398.286,0.25750
1396.358,0.23304
1394.429,0.21484
1392.500,0.20345
1390.572,0.19866
1388.643,0.19925
1386.714,0.20653
1384.786,0.22513
1382.857,0.25307
1380.928,0.27317
1379.000,0.27313
1377.071,0.26685
1375.142,0.27299
1373.214,0.29623
1371.285,0.33439
1369.356,0.38623
1367.427,0.45325
1365.499,0.53833
1363.570,0.64202
1361.641,0.76057
1359.713,0.88815
1357.784,1.01895
1355.855,1.13848
1353.927,1.21001
1351.998,1.19605
1350.069,1.10875
1348.141,0.99275
1346.212,0.87962
1344.283,0.78205
1342.355,0.70275
1340.426,0.64029
1338.497,0.59098
1336.569,0.55012
1334.640,0.51412
1332.711,0.48152
1330.783,0.45188
1328.854,0.42518
1326.925,0.40202
1324.997,0.38233
1323.068,0.36509
1321.139,0.34994
1319.211,0.33711
1317.282,0.32584
1315.353,0.31525
1313.425,0.30567
1311.496,0.29754
1309.567,0.29184
1307.639,0.29000
1305.710,0.28987
1303.781,0.28642
1301.853,0.27927
1299.924,0.27225
1297.995,0.26690
1296.067,0.26287
1294.138,0.26033
1292.209,0.25821
1290.281,0.25469
1288.352,0.24999
1286.423,0.24496
1284.495,0.23918
1282.566,0.23310
1280.637,0.22806
1278.709,0.22392
1276.780,0.22024
1274.851,0.21764
1272.923,0.21566
1270.994,0.21309
1269.065,0.21055
1267.137,0.20896
1265.208,0.20747
1263.279,0.20562
1261.351,0.20373
1259.422,0.20105
1257.493,0.19725
1255.565,0.19370
1253.636,0.19070
1251.707,0.18746
1249.779,0.18460
1247.850,0.18271
1245.921,0.18079
1243.993,0.17888
1242.064,0.17797
1240.135,0.17742
1238.207,0.17649
1236.278,0.17602
1234.349,0.17571
1232.421,0.17422
1230.492,0.17214
1228.563,0.17034
1226.635,0.16803
1224.706,0.16537
1222.777,0.16355
1220.849,0.16200
1218.920,0.16027
1216.991,0.16034
1215.063,0.16395
1213.134,0.17158
1211.205,0.18260
1209.277,0.19256
1207.348,0.19618
1205.419,0.19411
1203.490,0.18962
1201.562,0.18329
1199.633,0.17594
1197.704,0.17002
1195.776,0.16594
1193.847,0.16221
1191.918,0.15896
1189.990,0.15662
1188.061,0.15399
1186.132,0.15099
1184.204,0.14901
1182.275,0.14783
1180.346,0.14740
1178.418,0.15072
1176.489,0.16120
1174.560,0.17985
1172.632,0.20310
1170.703,0.21866
1168.774,0.21453
1166.846,0.19677
1164.917,0.18029
1162.988,0.16960
1161.060,0.16192
1159.131,0.15631
1157.202,0.15251
1155.274,0.14910
1153.345,0.14624
1151.416,0.14469
1149.488,0.14324
1147.559,0.14136
1145.630,0.14013
1143.702,0.13902
1141.773,0.13700
1139.844,0.13526
1137.916,0.13431
1135.987,0.13283
1134.058,0.13123
1132.130,0.13060
1130.201,0.12979
1128.272,0.12831
1126.344,0.12748
1124.415,0.12684
1122.486,0.12532
1120.558,0.12407
1118.629,0.12356
1116.700,0.12234
1114.772,0.12079
1112.843,0.12006
1110.914,0.11908
1108.986,0.11743
1107.057,0.11656
1105.128,0.11614
1103.200,0.11519
1101.271,0.11508
1099.342,0.11689
1097.414,0.12090
1095.485,0.13107
1093.556,0.15293
1091.628,0.18549
1089.699,0.21970
1087.770,0.24484
1085.842,0.25225
1083.913,0.23972
1081.984,0.21662
1080.056,0.19438
1078.127,0.17696
1076.198,0.16466
1074.270,0.15699
1072.341,0.15134
1070.412,0.14594
1068.484,0.14162
1066.555,0.13816
1064.626,0.13445
1062.698,0.13144
1060.769,0.12968
1058.840,0.12764
1056.912,0.12536
1054.983,0.12411
1053.054,0.12290
1051.126,0.12104
1049.197,0.11990
1047.268,0.11930
1045.339,0.11794
1043.411,0.11684
1041.482,0.11673
1039.553,0.11621
1037.625,0.11546
1035.696,0.11583
1033.767,0.11661
1031.839,0.11815
1029.910,0.12353
1027.981,0.13156
1026.053,0.13512
1024.124,0.13145
1022.195,0.12500
1020.267,0.11917
1018.338,0.11497
1016.409,0.11284
1014.481,0.11128
1012.552,0.10924
1010.623,0.10803
1008.695,0.10745
1006.766,0.10616
1004.837,0.10503
1002.909,0.10476
1000.980,0.10384
999.051,0.10234
997.123,0.10170
995.194,0.10104
993.265,0.09959
991.337,0.09878
989.408,0.09854
987.479,0.09747
985.551,0.09648
983.622,0.09635
981.693,0.09563
979.765,0.09442
977.836,0.09410
975.907,0.09378
973.979,0.09262
972.050,0.09203
970.121,0.09198
968.193,0.09106
966.264,0.09020
964.335,0.09017
962.407,0.08953
960.478,0.08838
958.549,0.08808
956.621,0.08773
954.692,0.08656
952.763,0.08609
950.835,0.08633
948.906,0.08639
946.977,0.08852
945.049,0.09752
943.120,0.11832
941.191,0.15002
939.263,0.17547
937.334,0.17315
935.405,0.14877
933.477,0.12472
931.548,0.11034
929.619,0.10594
927.691,0.11466
925.762,0.13120
923.833,0.13593
921.905,0.12558
919.976,0.12311
918.047,0.14504
916.119,0.18679
914.190,0.23515
912.261,0.28570
910.333,0.33895
908.404,0.37976
906.475,0.37482
904.547,0.31748
902.618,0.24953
900.689,0.20251
898.761,0.17511
896.832,0.15761
894.903,0.14596
892.975,0.13821
891.046,0.13187
889.117,0.12666
887.189,0.12295
885.260,0.11940
883.331,0.11597
881.402,0.11376
879.474,0.11189
877.545,0.10947
875.616,0.10776
873.688,0.10683
871.759,0.10526
869.830,0.10370
867.902,0.10286
865.973,0.10160
864.044,0.09998
862.116,0.09929
860.187,0.09875
858.258,0.09754
856.330,0.09690
854.401,0.09674
852.472,0.09578
850.544,0.09477
848.615,0.09440
846.686,0.09340
844.758,0.09184
842.829,0.09104
840.900,0.09025
838.972,0.08885
837.043,0.08808
835.114,0.08784
833.186,0.08684
831.257,0.08593
829.328,0.08670
827.400,0.08890
825.471,0.09080
823.542,0.09026
821.614,0.08691
819.685,0.08326
817.756,0.08156
815.828,0.08087
813.899,0.07967
811.970,0.07881
810.042,0.07855
808.113,0.07777
806.184,0.07696
804.256,0.07716
802.327,0.07776
800.398,0.08061
798.470,0.09484
796.541,0.13655
794.612,0.20550
792.684,0.24812
790.755,0.21769
788.826,0.16149
786.898,0.12464
784.969,0.10602
783.040,0.09540
781.112,0.08858
779.183,0.08467
777.254,0.08267
775.326,0.08389
773.397,0.09268
771.468,0.10712
769.540,0.11702
767.611,0.11581
765.682,0.10728
763.754,0.10308
761.825,0.11006
759.896,0.11650
757.968,0.10807
756.039,0.09142
754.110,0.07970
752.182,0.07462
750.253,0.07335
748.324,0.07653
746.396,0.08587
744.467,0.10354
742.538,0.13607
740.610,0.19314
738.681,0.27548
736.752,0.35799
734.824,0.39431
732.895,0.36654
730.966,0.30909
729.038,0.26194
727.109,0.24404
725.180,0.26532
723.251,0.33500
721.323,0.43914
719.394,0.51430
717.465,0.50750
715.537,0.44346
713.608,0.36630
711.679,0.30929
709.751,0.28871
707.822,0.30016
705.893,0.32369
703.965,0.33048
702.036,0.30598
700.107,0.26502
698.179,0.22815
696.250,0.20230
694.321,0.18486
692.393,0.17216
690.464,0.16285
688.535,0.15601
686.607,0.15004
684.678,0.14498
682.749,0.14126
680.821,0.13772
678.892,0.13415
676.963,0.13154
675.035,0.12943
673.106,0.12728
671.177,0.12628
669.249,0.12670
667.320,0.12781
665.391,0.13011
663.463,0.13284
661.534,0.13300
659.605,0.13013
657.677,0.12639
655.748,0.12265
653.819,0.11953
651.891,0.11858
649.962,0.12012
648.033,0.12460
646.105,0.13517
644.176,0.15453
642.247,0.18026
640.319,0.20344
638.390,0.21247
636.461,0.20341
634.533,0.18470
632.604,0.16662
630.675,0.15238
628.747,0.14134
626.818,0.13353
624.889,0.12800
622.961,0.12313
621.032,0.11932
619.103,0.11684
617.175,0.11438
615.246,0.11197
613.317,0.11053
611.389,0.10905
609.460,0.10706
607.531,0.10586
605.603,0.10504
603.674,0.10356
601.745,0.10245
599.817,0.10201
597.888,0.10102
595.959,0.10003
594.031,0.09988
592.102,0.09943
590.173,0.09871
588.245,0.09904
586.316,0.09999
584.387,0.10150
582.459,0.10507
580.530,0.10923
578.601,0.11040
576.673,0.10864
574.744,0.10605
572.815,0.10357
570.887,0.10299
568.958,0.10539
567.029,0.10812
565.101,0.10862
563.172,0.10726
561.243,0.10444
559.314,0.10076
557.386,0.09828
555.457,0.09694
553.528,0.09509
551.600,0.09362
549.671,0.09331
547.742,0.09253
545.814,0.09139
543.885,0.09116
541.956,0.09066
540.028,0.08943
538.099,0.08907
536.170,0.08895
534.242,0.08783
532.313,0.08720
530.384,0.08729
528.456,0.08653
526.527,0.08593
524.598,0.08640
522.670,0.08622
520.741,0.08562
518.812,0.08630
516.884,0.08721
514.955,0.08793
513.026,0.09077
511.098,0.09584
509.169,0.10178
507.240,0.10861
505.312,0.11428
503.383,0.11562
501.454,0.11405
499.526,0.11190
497.597,0.10821
495.668,0.10390
493.740,0.10148
491.811,0.09957
489.882,0.09697
487.954,0.09577
486.025,0.09558
484.096,0.09445
482.168,0.09378
480.239,0.09411
478.310,0.09355
476.382,0.09332
474.453,0.09509
472.524,0.09706
470.596,0.09983
468.667,0.10625
466.738,0.11542
464.810,0.12541
462.881,0.13432
460.952,0.13692
459.024,0.13146
457.095,0.12396
455.166,0.11803
453.238,0.11236
451.309,0.10780
449.380,0.10481
447.452,0.10119
445.523,0.09803
443.594,0.09736
441.666,0.09650
439.737,0.09436
437.808,0.09385
435.880,0.09391
433.951,0.09225
432.022,0.09122
430.094,0.09153
428.165,0.09092
426.236,0.09091
424.308,0.09289
422.379,0.09415
420.450,0.09534
418.522,0.09883
416.593,0.10209
414.664,0.10528
412.736,0.11218
410.807,0.12050
408.878,0.12824
406.950,0.14102
405.021,0.16119
403.092,0.18586
401.163,0.21398
399.235,0.24453
