6999.146,0.37541
6997.217,0.37539
6995.288,0.37531
6993.360,0.37528
6991.431,0.37518
6989.502,0.37497
6987.574,0.37473
6985.645,0.37445
6983.716,0.37419
6981.788,0.37408
6979.859,0.37405
6977.930,0.37396
6976.002,0.37395
6974.073,0.37410
6972.144,0.37422
6970.216,0.37419
6968.287,0.37402
6966.358,0.37377
6964.430,0.37359
6962.501,0.37346
6960.572,0.37334
6958.644,0.37329
6956.715,0.37333
6954.786,0.37342
6952.858,0.37339
6950.929,0.37313
6949.000,0.37284
6947.072,0.37267
6945.143,0.37250
6943.214,0.37229
6941.286,0.37219
6939.357,0.37226
6937.428,0.37238
6935.500,0.37241
6933.571,0.37243
6931.642,0.37250
6929.714,0.37247
6927.785,0.37222
6925.856,0.37186
6923.928,0.37165
6921.999,0.37168
6920.070,0.37170
6918.142,0.37148
6916.213,0.37117
6914.284,0.37110
6912.356,0.37118
6910.427,0.37107
6908.498,0.37081
6906.570,0.37071
6904.641,0.37064
6902.712,0.37043
6900.784,0.37030
6898.855,0.37044
6896.926,0.37060
6894.998,0.37053
6893.069,0.37028
6891.140,0.37008
6889.212,0.37007
6887.283,0.37010
6885.354,0.36995
6883.426,0.36966
6881.497,0.36954
6879.568,0.36959
6877.640,0.36956
6875.711,0.36934
6873.782,0.36905
6871.854,0.36884
6869.925,0.36875
6867.996,0.36869
6866.068,0.36845
6864.139,0.36818
6862.210,0.36814
6860.282,0.36823
6858.353,0.36821
6856.424,0.36808
6854.496,0.36794
6852.567,0.36776
6850.638,0.36751
6848.709,0.36729
6846.781,0.36719
6844.852,0.36715
6842.923,0.36708
6840.995,0.36703
6839.066,0.36699
6837.137,0.36682
6835.209,0.36657
6833.280,0.36641
6831.351,0.36631
6829.423,0.36613
6827.494,0.36590
6825.565,0.36572
6823.637,0.36560
6821.708,0.36558
6819.779,0.36564
6817.851,0.36560
6815.922,0.36546
6813.993,0.36531
6812.065,0.36516
6810.136,0.36505
6808.207,0.36491
6806.279,0.36472
6804.350,0.36463
6802.421,0.36460
6800.493,0.36446
6798.564,0.36422
6796.635,0.36412
6794.707,0.36420
6792.778,0.36420
6790.849,0.36413
6788.921,0.36408
6786.992,0.36402
6785.063,0.36396
6783.135,0.36387
6781.206,0.36378
6779.277,0.36365
6777.349,0.36333
6775.420,0.36291
6773.491,0.36265
6771.563,0.36259
6769.634,0.36264
6767.705,0.36271
6765.777,0.36261
6763.848,0.36241
6761.919,0.36228
6759.991,0.36222
6758.062,0.36213
6756.133,0.36197
6754.205,0.36171
6752.276,0.36145
6750.347,0.36131
6748.419,0.36137
6746.490,0.36148
6744.561,0.36151
6742.633,0.36146
6740.704,0.36129
6738.775,0.36097
6736.847,0.36068
6734.918,0.36062
6732.989,0.36068
6731.061,0.36069
6729.132,0.36048
6727.203,0.36008
6725.275,0.35973
6723.346,0.35965
6721.417,0.35975
6719.489,0.35969
6717.560,0.35948
6715.631,0.35937
6713.703,0.35923
6711.774,0.35899
6709.845,0.35894
6707.917,0.35901
6705.988,0.35897
6704.059,0.35895
6702.131,0.35900
6700.202,0.35892
6698.273,0.35871
6696.345,0.35853
6694.416,0.35838
6692.487,0.35826
6690.558,0.35818
6688.630,0.35810
6686.701,0.35800
6684.772,0.35782
6682.844,0.35756
6680.915,0.35734
6678.986,0.35731
6677.058,0.35732
6675.129,0.35718
6673.200,0.35701
6671.272,0.35691
6669.343,0.35682
6667.414,0.35668
6665.486,0.35661
6663.557,0.35656
6661.628,0.35641
6659.700,0.35622
6657.771,0.35614
6655.842,0.35613
6653.914,0.35607
6651.985,0.35592
6650.056,0.35575
6648.128,0.35562
6646.199,0.35555
6644.270,0.35554
6642.342,0.35549
6640.413,0.35527
6638.484,0.35499
6636.556,0.35480
6634.627,0.35471
6632.698,0.35459
6630.770,0.35439
6628.841,0.35425
6626.912,0.35420
6624.984,0.35412
6623.055,0.35402
6621.126,0.35405
6619.198,0.35413
6617.269,0.35415
6615.340,0.35411
6613.412,0.35401
6611.483,0.35385
6609.554,0.35370
6607.626,0.35353
6605.697,0.35332
6603.768,0.35311
6601.840,0.35298
6599.911,0.35293
6597.982,0.35283
6596.054,0.35268
6594.125,0.35259
6592.196,0.35255
6590.268,0.35245
6588.339,0.35234
6586.410,0.35226
6584.482,0.35216
6582.553,0.35199
6580.624,0.35170
6578.696,0.35147
6576.767,0.35151
6574.838,0.35168
6572.910,0.35171
6570.981,0.35151
6569.052,0.35124
6567.124,0.35104
6565.195,0.35092
6563.266,0.35093
6561.338,0.35103
6559.409,0.35101
6557.480,0.35088
6555.552,0.35078
6553.623,0.35068
6551.694,0.35054
6549.766,0.35045
6547.837,0.35037
6545.908,0.35026
6543.980,0.35022
6542.051,0.35009
6540.122,0.34975
6538.194,0.34951
6536.265,0.34949
6534.336,0.34949
6532.408,0.34943
6530.479,0.34933
6528.550,0.34921
6526.621,0.34914
6524.693,0.34909
6522.764,0.34898
6520.835,0.34876
6518.907,0.34855
6516.978,0.34850
6515.049,0.34856
6513.121,0.34853
6511.192,0.34831
6509.263,0.34807
6507.335,0.34794
6505.406,0.34783
6503.477,0.34775
6501.549,0.34770
6499.620,0.34765
6497.691,0.34761
6495.763,0.34756
6493.834,0.34745
6491.905,0.34726
6489.977,0.34707
6488.048,0.34690
6486.119,0.34677
6484.191,0.34670
6482.262,0.34667
6480.333,0.34665
6478.405,0.34660
6476.476,0.34641
6474.547,0.34618
6472.619,0.34613
6470.690,0.34619
6468.761,0.34605
6466.833,0.34574
6464.904,0.34560
6462.975,0.34565
6461.047,0.34567
6459.118,0.34556
6457.189,0.34538
6455.261,0.34522
6453.332,0.34509
6451.403,0.34493
6449.475,0.34470
6447.546,0.34444
6445.617,0.34430
6443.689,0.34428
6441.760,0.34422
6439.831,0.34415
6437.903,0.34413
6435.974,0.34402
6434.045,0.34386
6432.117,0.34380
6430.188,0.34376
6428.259,0.34363
6426.331,0.34342
6424.402,0.34328
6422.473,0.34321
6420.545,0.34310
6418.616,0.34293
6416.687,0.34278
6414.759,0.34264
6412.830,0.34247
6410.901,0.34231
6408.973,0.34224
6407.044,0.34226
6405.115,0.34229
6403.187,0.34220
6401.258,0.34191
6399.329,0.34161
6397.401,0.34149
6395.472,0.34155
6393.543,0.34159
6391.615,0.34149
6389.686,0.34130
6387.757,0.34114
6385.829,0.34100
6383.900,0.34089
6381.971,0.34078
6380.043,0.34064
6378.114,0.34049
6376.185,0.34038
6374.257,0.34029
6372.328,0.34015
6370.399,0.33996
6368.471,0.33981
6366.542,0.33970
6364.613,0.33959
6362.684,0.33943
6360.756,0.33928
6358.827,0.33916
6356.898,0.33903
6354.970,0.33891
6353.041,0.33883
6351.112,0.33883
6349.184,0.33886
6347.255,0.33886
6345.326,0.33884
6343.398,0.33877
6341.469,0.33855
6339.540,0.33825
6337.612,0.33801
6335.683,0.33789
6333.754,0.33784
6331.826,0.33777
6329.897,0.33769
6327.968,0.33764
6326.040,0.33751
6324.111,0.33738
6322.182,0.33732
6320.254,0.33725
6318.325,0.33709
6316.396,0.33698
6314.468,0.33689
6312.539,0.33671
6310.610,0.33650
6308.682,0.33634
6306.753,0.33620
6304.824,0.33616
6302.896,0.33624
6300.967,0.33623
6299.038,0.33606
6297.110,0.33593
6295.181,0.33586
6293.252,0.33569
6291.324,0.33551
6289.395,0.33542
6287.466,0.33539
6285.538,0.33530
6283.609,0.33513
6281.680,0.33502
6279.752,0.33500
6277.823,0.33497
6275.894,0.33484
6273.966,0.33467
6272.037,0.33451
6270.108,0.33435
6268.180,0.33418
6266.251,0.33406
6264.322,0.33395
6262.394,0.33384
6260.465,0.33377
6258.536,0.33366
6256.608,0.33341
6254.679,0.33319
6252.750,0.33314
6250.822,0.33311
6248.893,0.33302
6246.964,0.33291
6245.036,0.33279
6243.107,0.33270
6241.178,0.33266
6239.250,0.33261
6237.321,0.33252
6235.392,0.33243
6233.464,0.33231
6231.535,0.33220
6229.606,0.33217
6227.678,0.33223
6225.749,0.33225
6223.820,0.33223
6221.892,0.33230
6219.963,0.33246
6218.034,0.33264
6216.106,0.33290
6214.177,0.33331
6212.248,0.33386
6210.320,0.33449
6208.391,0.33510
6206.462,0.33548
6204.533,0.33564
6202.605,0.33579
6200.676,0.33601
6198.747,0.33621
6196.819,0.33635
6194.890,0.33640
6192.961,0.33632
6191.033,0.33608
6189.104,0.33573
6187.175,0.33534
6185.247,0.33495
6183.318,0.33468
6181.389,0.33460
6179.461,0.33454
6177.532,0.33447
6175.603,0.33448
6173.675,0.33451
6171.746,0.33450
6169.817,0.33440
6167.889,0.33413
6165.960,0.33376
6164.031,0.33345
6162.103,0.33321
6160.174,0.33293
6158.245,0.33259
6156.317,0.33223
6154.388,0.33190
6152.459,0.33171
6150.531,0.33160
6148.602,0.33148
6146.673,0.33134
6144.745,0.33120
6142.816,0.33109
6140.887,0.33105
6138.959,0.33101
6137.030,0.33093
6135.101,0.33089
6133.173,0.33087
6131.244,0.33076
6129.315,0.33066
6127.387,0.33073
6125.458,0.33089
6123.529,0.33102
6121.601,0.33104
6119.672,0.33099
6117.743,0.33097
6115.815,0.33100
6113.886,0.33103
6111.957,0.33101
6110.029,0.33094
6108.100,0.33078
6106.171,0.33043
6104.243,0.33001
6102.314,0.32967
6100.385,0.32939
6098.457,0.32908
6096.528,0.32881
6094.599,0.32862
6092.671,0.32842
6090.742,0.32817
6088.813,0.32791
6086.885,0.32772
6084.956,0.32756
6083.027,0.32741
6081.099,0.32724
6079.170,0.32709
6077.241,0.32696
6075.313,0.32681
6073.384,0.32665
6071.455,0.32650
6069.527,0.32640
6067.598,0.32631
6065.669,0.32619
6063.741,0.32606
6061.812,0.32594
6059.883,0.32582
6057.955,0.32565
6056.026,0.32549
6054.097,0.32539
6052.169,0.32531
6050.240,0.32521
6048.311,0.32515
6046.383,0.32518
6044.454,0.32522
6042.525,0.32517
6040.596,0.32510
6038.668,0.32508
6036.739,0.32505
6034.810,0.32498
6032.882,0.32492
6030.953,0.32485
6029.024,0.32477
6027.096,0.32466
6025.167,0.32451
6023.238,0.32431
6021.310,0.32417
6019.381,0.32411
6017.452,0.32397
6015.524,0.32376
6013.595,0.32357
6011.666,0.32336
6009.738,0.32316
6007.809,0.32307
6005.880,0.32299
6003.952,0.32284
6002.023,0.32267
6000.094,0.32250
5998.166,0.32230
5996.237,0.32211
5994.308,0.32198
5992.380,0.32197
5990.451,0.32201
5988.522,0.32197
5986.594,0.32184
5984.665,0.32170
5982.736,0.32159
5980.808,0.32155
5978.879,0.32151
5976.950,0.32136
5975.022,0.32119
5973.093,0.32113
5971.164,0.32116
5969.236,0.32118
5967.307,0.32110
5965.378,0.32092
5963.450,0.32081
5961.521,0.32079
5959.592,0.32067
5957.664,0.32046
5955.735,0.32029
5953.806,0.32020
5951.878,0.32012
5949.949,0.32004
5948.020,0.31995
5946.092,0.31987
5944.163,0.31985
5942.234,0.31985
5940.306,0.31984
5938.377,0.31983
5936.448,0.31986
5934.520,0.31985
5932.591,0.31978
5930.662,0.31971
5928.734,0.31967
5926.805,0.31968
5924.876,0.31974
5922.948,0.31982
5921.019,0.31985
5919.090,0.31975
5917.162,0.31963
5915.233,0.31958
5913.304,0.31952
5911.376,0.31945
5909.447,0.31940
5907.518,0.31931
5905.590,0.31910
5903.661,0.31880
5901.732,0.31856
5899.804,0.31840
5897.875,0.31820
5895.946,0.31795
5894.018,0.31779
5892.089,0.31777
5890.160,0.31779
5888.232,0.31772
5886.303,0.31758
5884.374,0.31743
5882.445,0.31733
5880.517,0.31726
5878.588,0.31720
5876.659,0.31719
5874.731,0.31722
5872.802,0.31725
5870.873,0.31725
5868.945,0.31723
5867.016,0.31722
5865.087,0.31727
5863.159,0.31734
5861.230,0.31739
5859.301,0.31743
5857.373,0.31747
5855.444,0.31752
5853.515,0.31763
5851.587,0.31777
5849.658,0.31785
5847.729,0.31787
5845.801,0.31794
5843.872,0.31807
5841.943,0.31821
5840.015,0.31836
5838.086,0.31847
5836.157,0.31846
5834.229,0.31832
5832.300,0.31806
5830.371,0.31776
5828.443,0.31745
5826.514,0.31710
5824.585,0.31673
5822.657,0.31640
5820.728,0.31609
5818.799,0.31578
5816.871,0.31553
5814.942,0.31532
5813.013,0.31517
5811.085,0.31509
5809.156,0.31497
5807.227,0.31483
5805.299,0.31468
5803.370,0.31452
5801.441,0.31435
5799.513,0.31426
5797.584,0.31420
5795.655,0.31409
5793.727,0.31398
5791.798,0.31386
5789.869,0.31373
5787.941,0.31363
5786.012,0.31352
5784.083,0.31336
5782.155,0.31322
5780.226,0.31311
5778.297,0.31306
5776.369,0.31305
5774.440,0.31301
5772.511,0.31288
5770.583,0.31267
5768.654,0.31247
5766.725,0.31229
5764.797,0.31215
5762.868,0.31209
5760.939,0.31202
5759.011,0.31184
5757.082,0.31167
5755.153,0.31159
5753.225,0.31153
5751.296,0.31144
5749.367,0.31133
5747.439,0.31118
5745.510,0.31100
5743.581,0.31082
5741.653,0.31067
5739.724,0.31049
5737.795,0.31030
5735.867,0.31018
5733.938,0.31011
5732.009,0.30996
5730.081,0.30977
5728.152,0.30965
5726.223,0.30960
5724.295,0.30959
5722.366,0.30955
5720.437,0.30946
5718.508,0.30937
5716.580,0.30935
5714.651,0.30939
5712.722,0.30944
5710.794,0.30952
5708.865,0.30965
5706.936,0.30982
5705.008,0.31000
5703.079,0.31018
5701.150,0.31039
5699.222,0.31051
5697.293,0.31038
5695.364,0.30999
5693.436,0.30946
5691.507,0.30892
5689.578,0.30846
5687.650,0.30808
5685.721,0.30779
5683.792,0.30757
5681.864,0.30732
5679.935,0.30706
5678.006,0.30685
5676.078,0.30664
5674.149,0.30644
5672.220,0.30627
5670.292,0.30613
5668.363,0.30601
5666.434,0.30588
5664.506,0.30575
5662.577,0.30561
5660.648,0.30547
5658.720,0.30537
5656.791,0.30533
5654.862,0.30526
5652.934,0.30508
5651.005,0.30482
5649.076,0.30465
5647.148,0.30464
5645.219,0.30463
5643.290,0.30452
5641.362,0.30430
5639.433,0.30403
5637.504,0.30382
5635.576,0.30369
5633.647,0.30363
5631.718,0.30360
5629.790,0.30353
5627.861,0.30339
5625.932,0.30324
5624.004,0.30311
5622.075,0.30298
5620.146,0.30283
5618.218,0.30272
5616.289,0.30261
5614.360,0.30244
5612.432,0.30227
5610.503,0.30217
5608.574,0.30212
5606.646,0.30207
5604.717,0.30198
5602.788,0.30184
5600.860,0.30165
5598.931,0.30150
5597.002,0.30142
5595.074,0.30135
5593.145,0.30121
5591.216,0.30104
5589.288,0.30090
5587.359,0.30080
5585.430,0.30074
5583.502,0.30070
5581.573,0.30067
5579.644,0.30056
5577.716,0.30036
5575.787,0.30018
5573.858,0.30010
5571.930,0.30005
5570.001,0.29999
5568.072,0.29991
5566.144,0.29981
5564.215,0.29969
5562.286,0.29957
5560.357,0.29948
5558.429,0.29941
5556.500,0.29932
5554.571,0.29925
5552.643,0.29918
5550.714,0.29908
5548.785,0.29894
5546.857,0.29877
5544.928,0.29860
5542.999,0.29848
5541.071,0.29837
5539.142,0.29826
5537.213,0.29816
5535.285,0.29806
5533.356,0.29795
5531.427,0.29783
5529.499,0.29776
5527.570,0.29772
5525.641,0.29766
5523.713,0.29758
5521.784,0.29749
5519.855,0.29737
5517.927,0.29727
5515.998,0.29721
5514.069,0.29716
5512.141,0.29703
5510.212,0.29690
5508.283,0.29679
5506.355,0.29669
5504.426,0.29661
5502.497,0.29654
5500.569,0.29639
5498.640,0.29621
5496.711,0.29610
5494.783,0.29606
5492.854,0.29600
5490.925,0.29591
5488.997,0.29581
5487.068,0.29571
5485.139,0.29562
5483.211,0.29552
5481.282,0.29538
5479.353,0.29530
5477.425,0.29530
5475.496,0.29524
5473.567,0.29506
5471.639,0.29489
5469.710,0.29482
5467.781,0.29480
5465.853,0.29472
5463.924,0.29463
5461.995,0.29457
5460.067,0.29447
5458.138,0.29435
5456.209,0.29422
5454.281,0.29411
5452.352,0.29405
5450.423,0.29402
5448.495,0.29393
5446.566,0.29379
5444.637,0.29364
5442.709,0.29351
5440.780,0.29336
5438.851,0.29325
5436.923,0.29324
5434.994,0.29320
5433.065,0.29307
5431.137,0.29298
5429.208,0.29295
5427.279,0.29287
5425.351,0.29275
5423.422,0.29263
5421.493,0.29251
5419.565,0.29241
5417.636,0.29235
5415.707,0.29231
5413.779,0.29225
5411.850,0.29217
5409.921,0.29208
5407.993,0.29198
5406.064,0.29183
5404.135,0.29166
5402.207,0.29152
5400.278,0.29146
5398.349,0.29142
5396.420,0.29134
5394.492,0.29123
5392.563,0.29111
5390.634,0.29099
5388.706,0.29089
5386.777,0.29082
5384.848,0.29073
5382.920,0.29056
5380.991,0.29038
5379.062,0.29029
5377.134,0.29021
5375.205,0.29011
5373.276,0.29004
5371.348,0.28996
5369.419,0.28984
5367.490,0.28971
5365.562,0.28957
5363.633,0.28942
5361.704,0.28927
5359.776,0.28916
5357.847,0.28909
5355.918,0.28907
5353.990,0.28900
5352.061,0.28885
5350.132,0.28871
5348.204,0.28868
5346.275,0.28867
5344.346,0.28856
5342.418,0.28840
5340.489,0.28828
5338.560,0.28817
5336.632,0.28803
5334.703,0.28795
5332.774,0.28791
5330.846,0.28781
5328.917,0.28765
5326.988,0.28752
5325.060,0.28747
5323.131,0.28746
5321.202,0.28741
5319.274,0.28726
5317.345,0.28711
5315.416,0.28700
5313.488,0.28688
5311.559,0.28676
5309.630,0.28671
5307.702,0.28663
5305.773,0.28646
5303.844,0.28628
5301.916,0.28615
5299.987,0.28605
5298.058,0.28597
5296.130,0.28592
5294.201,0.28587
5292.272,0.28578
5290.344,0.28564
5288.415,0.28553
5286.486,0.28546
5284.558,0.28538
5282.629,0.28525
5280.700,0.28513
5278.772,0.28505
5276.843,0.28498
5274.914,0.28487
5272.986,0.28477
5271.057,0.28477
5269.128,0.28480
5267.200,0.28474
5265.271,0.28458
5263.342,0.28441
5261.414,0.28428
5259.485,0.28417
5257.556,0.28410
5255.628,0.28407
5253.699,0.28400
5251.770,0.28388
5249.842,0.28377
5247.913,0.28367
5245.984,0.28359
5244.056,0.28353
5242.127,0.28341
5240.198,0.28324
5238.269,0.28310
5236.341,0.28303
5234.412,0.28297
5232.483,0.28292
5230.555,0.28286
5228.626,0.28277
5226.697,0.28267
5224.769,0.28253
5222.840,0.28240
5220.911,0.28234
5218.983,0.28233
5217.054,0.28228
5215.125,0.28218
5213.197,0.28204
5211.268,0.28193
5209.339,0.28187
5207.411,0.28183
5205.482,0.28170
5203.553,0.28151
5201.625,0.28134
5199.696,0.28123
5197.767,0.28116
5195.839,0.28104
5193.910,0.28093
5191.981,0.28093
5190.053,0.28091
5188.124,0.28078
5186.195,0.28063
5184.267,0.28053
5182.338,0.28049
5180.409,0.28048
5178.481,0.28043
5176.552,0.28026
5174.623,0.28005
5172.695,0.27991
5170.766,0.27984
5168.837,0.27982
5166.909,0.27980
5164.980,0.27975
5163.051,0.27963
5161.123,0.27948
5159.194,0.27935
5157.265,0.27925
5155.337,0.27921
5153.408,0.27921
5151.479,0.27918
5149.551,0.27904
5147.622,0.27881
5145.693,0.27862
5143.765,0.27856
5141.836,0.27859
5139.907,0.27860
5137.979,0.27849
5136.050,0.27835
5134.121,0.27825
5132.193,0.27814
5130.264,0.27799
5128.335,0.27787
5126.407,0.27781
5124.478,0.27775
5122.549,0.27763
5120.621,0.27746
5118.692,0.27735
5116.763,0.27730
5114.835,0.27724
5112.906,0.27712
5110.977,0.27696
5109.049,0.27682
5107.120,0.27671
5105.191,0.27661
5103.263,0.27650
5101.334,0.27640
5099.405,0.27630
5097.477,0.27620
5095.548,0.27608
5093.619,0.27596
5091.691,0.27587
5089.762,0.27582
5087.833,0.27578
5085.905,0.27568
5083.976,0.27554
5082.047,0.27542
5080.119,0.27533
5078.190,0.27524
5076.261,0.27516
5074.332,0.27507
5072.404,0.27494
5070.475,0.27479
5068.546,0.27466
5066.618,0.27458
5064.689,0.27452
5062.760,0.27444
5060.832,0.27434
5058.903,0.27422
5056.974,0.27411
5055.046,0.27401
5053.117,0.27394
5051.188,0.27388
5049.260,0.27382
5047.331,0.27374
5045.402,0.27358
5043.474,0.27339
5041.545,0.27324
5039.616,0.27316
5037.688,0.27314
5035.759,0.27309
5033.830,0.27295
5031.902,0.27279
5029.973,0.27268
5028.044,0.27257
5026.116,0.27243
5024.187,0.27227
5022.258,0.27215
5020.330,0.27206
5018.401,0.27198
5016.472,0.27188
5014.544,0.27177
5012.615,0.27166
5010.686,0.27159
5008.758,0.27151
5006.829,0.27139
5004.900,0.27126
5002.972,0.27114
5001.043,0.27104
4999.114,0.27094
4997.186,0.27087
4995.257,0.27082
4993.328,0.27074
4991.400,0.27064
4989.471,0.27054
4987.542,0.27043
4985.614,0.27035
4983.685,0.27028
4981.756,0.27019
4979.828,0.27005
4977.899,0.26992
4975.970,0.26982
4974.042,0.26973
4972.113,0.26964
4970.184,0.26953
4968.256,0.26941
4966.327,0.26929
4964.398,0.26917
4962.470,0.26906
4960.541,0.26899
4958.612,0.26894
4956.684,0.26887
4954.755,0.26876
4952.826,0.26864
4950.898,0.26850
4948.969,0.26837
4947.040,0.26831
4945.112,0.26827
4943.183,0.26816
4941.254,0.26800
4939.326,0.26782
4937.397,0.26769
4935.468,0.26762
4933.540,0.26759
4931.611,0.26754
4929.682,0.26739
4927.754,0.26720
4925.825,0.26706
4923.896,0.26703
4921.968,0.26701
4920.039,0.26693
4918.110,0.26682
4916.181,0.26670
4914.253,0.26658
4912.324,0.26649
4910.395,0.26644
4908.467,0.26641
4906.538,0.26634
4904.609,0.26622
4902.681,0.26608
4900.752,0.26593
4898.823,0.26581
4896.895,0.26572
4894.966,0.26563
4893.037,0.26555
4891.109,0.26549
4889.180,0.26539
4887.251,0.26524
4885.323,0.26512
4883.394,0.26507
4881.465,0.26502
4879.537,0.26487
4877.608,0.26469
4875.679,0.26459
4873.751,0.26454
4871.822,0.26444
4869.893,0.26430
4867.965,0.26418
4866.036,0.26407
4864.107,0.26391
4862.179,0.26375
4860.250,0.26365
4858.321,0.26356
4856.393,0.26346
4854.464,0.26334
4852.535,0.26324
4850.607,0.26316
4848.678,0.26308
4846.749,0.26298
4844.821,0.26289
4842.892,0.26282
4840.963,0.26274
4839.035,0.26263
4837.106,0.26250
4835.177,0.26241
4833.249,0.26236
4831.320,0.26226
4829.391,0.26214
4827.463,0.26206
4825.534,0.26199
4823.605,0.26193
4821.677,0.26186
4819.748,0.26174
4817.819,0.26162
4815.891,0.26153
4813.962,0.26143
4812.033,0.26129
4810.105,0.26119
4808.176,0.26113
4806.247,0.26107
4804.319,0.26099
4802.390,0.26088
4800.461,0.26077
4798.533,0.26065
4796.604,0.26052
4794.675,0.26038
4792.747,0.26029
4790.818,0.26024
4788.889,0.26018
4786.961,0.26008
4785.032,0.25992
4783.103,0.25978
4781.175,0.25969
4779.246,0.25964
4777.317,0.25958
4775.389,0.25951
4773.460,0.25942
4771.531,0.25930
4769.603,0.25919
4767.674,0.25909
4765.745,0.25898
4763.817,0.25887
4761.888,0.25874
4759.959,0.25863
4758.031,0.25853
4756.102,0.25842
4754.173,0.25830
4752.244,0.25822
4750.316,0.25816
4748.387,0.25807
4746.458,0.25796
4744.530,0.25787
4742.601,0.25781
4740.672,0.25773
4738.744,0.25761
4736.815,0.25749
4734.886,0.25739
4732.958,0.25729
4731.029,0.25719
4729.100,0.25709
4727.172,0.25698
4725.243,0.25686
4723.314,0.25672
4721.386,0.25661
4719.457,0.25654
4717.528,0.25649
4715.600,0.25645
4713.671,0.25640
4711.742,0.25636
4709.814,0.25630
4707.885,0.25621
4705.956,0.25614
4704.028,0.25607
4702.099,0.25603
4700.170,0.25596
4698.242,0.25584
4696.313,0.25573
4694.384,0.25564
4692.456,0.25552
4690.527,0.25538
4688.598,0.25527
4686.670,0.25515
4684.741,0.25501
4682.812,0.25487
4680.884,0.25476
4678.955,0.25469
4677.026,0.25462
4675.098,0.25451
4673.169,0.25440
4671.240,0.25428
4669.312,0.25414
4667.383,0.25400
4665.454,0.25393
4663.526,0.25390
4661.597,0.25385
4659.668,0.25376
4657.740,0.25367
4655.811,0.25358
4653.882,0.25351
4651.954,0.25349
4650.025,0.25346
4648.096,0.25340
4646.168,0.25331
4644.239,0.25319
4642.310,0.25305
4640.382,0.25294
4638.453,0.25287
4636.524,0.25278
4634.596,0.25263
4632.667,0.25251
4630.738,0.25242
4628.810,0.25233
4626.881,0.25225
4624.952,0.25217
4623.024,0.25207
4621.095,0.25194
4619.166,0.25184
4617.238,0.25176
4615.309,0.25168
4613.380,0.25158
4611.452,0.25146
4609.523,0.25132
4607.594,0.25121
4605.666,0.25115
4603.737,0.25109
4601.808,0.25100
4599.880,0.25093
4597.951,0.25087
4596.022,0.25079
4594.093,0.25070
4592.165,0.25062
4590.236,0.25055
4588.307,0.25047
4586.379,0.25041
4584.450,0.25038
4582.521,0.25036
4580.593,0.25036
4578.664,0.25038
4576.735,0.25040
4574.807,0.25037
4572.878,0.25031
4570.949,0.25021
4569.021,0.25008
4567.092,0.24993
4565.163,0.24978
4563.235,0.24965
4561.306,0.24955
4559.377,0.24943
4557.449,0.24928
4555.520,0.24914
4553.591,0.24903
4551.663,0.24892
4549.734,0.24881
4547.805,0.24871
4545.877,0.24860
4543.948,0.24843
4542.019,0.24824
4540.091,0.24808
4538.162,0.24795
4536.233,0.24786
4534.305,0.24781
4532.376,0.24772
4530.447,0.24758
4528.519,0.24746
4526.590,0.24736
4524.661,0.24727
4522.733,0.24720
4520.804,0.24716
4518.875,0.24707
4516.947,0.24700
4515.018,0.24699
4513.089,0.24699
4511.161,0.24694
4509.232,0.24690
4507.303,0.24689
4505.375,0.24682
4503.446,0.24674
4501.517,0.24665
4499.589,0.24650
4497.660,0.24632
4495.731,0.24621
4493.803,0.24614
4491.874,0.24605
4489.945,0.24595
4488.017,0.24586
4486.088,0.24578
4484.159,0.24569
4482.231,0.24562
4480.302,0.24554
4478.373,0.24543
4476.445,0.24536
4474.516,0.24532
4472.587,0.24528
4470.659,0.24523
4468.730,0.24518
4466.801,0.24515
4464.873,0.24519
4462.944,0.24529
4461.015,0.24537
4459.087,0.24544
4457.158,0.24553
4455.229,0.24559
4453.301,0.24555
4451.372,0.24544
4449.443,0.24531
4447.515,0.24512
4445.586,0.24490
4443.657,0.24470
4441.729,0.24450
4439.800,0.24430
4437.871,0.24413
4435.943,0.24401
4434.014,0.24389
4432.085,0.24378
4430.156,0.24369
4428.228,0.24360
4426.299,0.24348
4424.370,0.24336
4422.442,0.24327
4420.513,0.24318
4418.584,0.24308
4416.656,0.24297
4414.727,0.24285
4412.798,0.24276
4410.870,0.24267
4408.941,0.24257
4407.012,0.24245
4405.084,0.24235
4403.155,0.24228
4401.226,0.24221
4399.298,0.24215
4397.369,0.24208
4395.440,0.24200
4393.512,0.24193
4391.583,0.24188
4389.654,0.24184
4387.726,0.24182
4385.797,0.24186
4383.868,0.24196
4381.940,0.24205
4380.011,0.24208
4378.082,0.24204
4376.154,0.24194
4374.225,0.24183
4372.296,0.24171
4370.368,0.24154
4368.439,0.24129
4366.510,0.24104
4364.582,0.24085
4362.653,0.24070
4360.724,0.24059
4358.796,0.24048
4356.867,0.24034
4354.938,0.24020
4353.010,0.24007
4351.081,0.23996
4349.152,0.23986
4347.224,0.23980
4345.295,0.23977
4343.366,0.23972
4341.438,0.23968
4339.509,0.23969
4337.580,0.23970
4335.652,0.23970
4333.723,0.23969
4331.794,0.23970
4329.866,0.23973
4327.937,0.23983
4326.008,0.23998
4324.080,0.24008
4322.151,0.24003
4320.222,0.23974
4318.294,0.23928
4316.365,0.23879
4314.436,0.23839
4312.508,0.23811
4310.579,0.23790
4308.650,0.23780
4306.722,0.23778
4304.793,0.23775
4302.864,0.23771
4300.936,0.23767
4299.007,0.23761
4297.078,0.23754
4295.150,0.23750
4293.221,0.23744
4291.292,0.23727
4289.364,0.23704
4287.435,0.23685
4285.506,0.23672
4283.578,0.23662
4281.649,0.23661
4279.720,0.23666
4277.792,0.23673
4275.863,0.23683
4273.934,0.23694
4272.005,0.23701
4270.077,0.23700
4268.148,0.23696
4266.219,0.23690
4264.291,0.23680
4262.362,0.23667
4260.433,0.23655
4258.505,0.23647
4256.576,0.23644
4254.647,0.23641
4252.719,0.23632
4250.790,0.23613
4248.861,0.23583
4246.933,0.23546
4245.004,0.23512
4243.075,0.23488
4241.147,0.23473
4239.218,0.23462
4237.289,0.23452
4235.361,0.23442
4233.432,0.23434
4231.503,0.23431
4229.575,0.23431
4227.646,0.23426
4225.717,0.23412
4223.789,0.23395
4221.860,0.23383
4219.931,0.23371
4218.003,0.23358
4216.074,0.23343
4214.145,0.23326
4212.217,0.23308
4210.288,0.23291
4208.359,0.23276
4206.431,0.23263
4204.502,0.23256
4202.573,0.23251
4200.645,0.23248
4198.716,0.23246
4196.787,0.23245
4194.859,0.23243
4192.930,0.23245
4191.001,0.23255
4189.073,0.23269
4187.144,0.23279
4185.215,0.23284
4183.287,0.23284
4181.358,0.23281
4179.429,0.23277
4177.501,0.23271
4175.572,0.23256
4173.643,0.23235
4171.715,0.23213
4169.786,0.23192
4167.857,0.23170
4165.929,0.23151
4164.000,0.23137
4162.071,0.23119
4160.143,0.23096
4158.214,0.23071
4156.285,0.23048
4154.357,0.23030
4152.428,0.23020
4150.499,0.23011
4148.571,0.22998
4146.642,0.22985
4144.713,0.22976
4142.785,0.22969
4140.856,0.22958
4138.927,0.22949
4136.999,0.22940
4135.070,0.22928
4133.141,0.22913
4131.213,0.22896
4129.284,0.22879
4127.355,0.22865
4125.427,0.22854
4123.498,0.22842
4121.569,0.22825
4119.641,0.22809
4117.712,0.22797
4115.783,0.22786
4113.855,0.22776
4111.926,0.22769
4109.997,0.22761
4108.068,0.22751
4106.140,0.22743
4104.211,0.22736
4102.282,0.22729
4100.354,0.22724
4098.425,0.22718
4096.496,0.22705
4094.568,0.22689
4092.639,0.22673
4090.710,0.22657
4088.782,0.22640
4086.853,0.22623
4084.924,0.22608
4082.996,0.22590
4081.067,0.22572
4079.138,0.22556
4077.210,0.22544
4075.281,0.22537
4073.352,0.22532
4071.424,0.22525
4069.495,0.22515
4067.566,0.22501
4065.638,0.22488
4063.709,0.22481
4061.780,0.22482
4059.852,0.22485
4057.923,0.22484
4055.994,0.22484
4054.066,0.22483
4052.137,0.22481
4050.208,0.22481
4048.280,0.22484
4046.351,0.22486
4044.422,0.22485
4042.494,0.22482
4040.565,0.22477
4038.636,0.22470
4036.708,0.22465
4034.779,0.22457
4032.850,0.22443
4030.922,0.22425
4028.993,0.22405
4027.064,0.22384
4025.136,0.22367
4023.207,0.22354
4021.278,0.22341
4019.350,0.22322
4017.421,0.22297
4015.492,0.22273
4013.564,0.22255
4011.635,0.22249
4009.706,0.22250
4007.778,0.22253
4005.849,0.22255
4003.920,0.22258
4001.992,0.22265
4000.063,0.22279
3998.134,0.22297
3996.206,0.22306
3994.277,0.22300
3992.348,0.22284
3990.420,0.22264
3988.491,0.22244
3986.562,0.22227
3984.634,0.22215
3982.705,0.22206
3980.776,0.22195
3978.848,0.22183
3976.919,0.22171
3974.990,0.22161
3973.062,0.22155
3971.133,0.22149
3969.204,0.22135
3967.276,0.22110
3965.347,0.22082
3963.418,0.22053
3961.490,0.22027
3959.561,0.22005
3957.632,0.21988
3955.704,0.21971
3953.775,0.21951
3951.846,0.21927
3949.917,0.21904
3947.989,0.21883
3946.060,0.21871
3944.131,0.21862
3942.203,0.21849
3940.274,0.21829
3938.345,0.21810
3936.417,0.21798
3934.488,0.21797
3932.559,0.21799
3930.631,0.21795
3928.702,0.21787
3926.773,0.21780
3924.845,0.21767
3922.916,0.21751
3920.987,0.21746
3919.059,0.21747
3917.130,0.21735
3915.201,0.21709
3913.273,0.21683
3911.344,0.21665
3909.415,0.21657
3907.487,0.21665
3905.558,0.21680
3903.629,0.21684
3901.701,0.21672
3899.772,0.21647
3897.843,0.21619
3895.915,0.21607
3893.986,0.21618
3892.057,0.21628
3890.129,0.21621
3888.200,0.21615
3886.271,0.21608
3884.343,0.21584
3882.414,0.21563
3880.485,0.21551
3878.557,0.21532
3876.628,0.21520
3874.699,0.21516
3872.771,0.21510
3870.842,0.21500
3868.913,0.21485
3866.985,0.21473
3865.056,0.21466
3863.127,0.21451
3861.199,0.21426
3859.270,0.21407
3857.341,0.21422
3855.413,0.21462
3853.484,0.21468
3851.555,0.21420
3849.627,0.21368
3847.698,0.21337
3845.769,0.21322
3843.841,0.21322
3841.912,0.21329
3839.983,0.21333
3838.055,0.21324
3836.126,0.21303
3834.197,0.21277
3832.269,0.21252
3830.340,0.21234
3828.411,0.21227
3826.483,0.21223
3824.554,0.21227
3822.625,0.21236
3820.697,0.21230
3818.768,0.21214
3816.839,0.21207
3814.911,0.21189
3812.982,0.21161
3811.053,0.21146
3809.125,0.21141
3807.196,0.21128
3805.267,0.21113
3803.339,0.21117
3801.410,0.21116
3799.481,0.21094
3797.553,0.21069
3795.624,0.21044
3793.695,0.21017
3791.767,0.21002
3789.838,0.20999
3787.909,0.20996
3785.980,0.20987
3784.052,0.20972
3782.123,0.20958
3780.194,0.20950
3778.266,0.20941
3776.337,0.20926
3774.408,0.20915
3772.480,0.20915
3770.551,0.20913
3768.622,0.20896
3766.694,0.20880
3764.765,0.20872
3762.836,0.20866
3760.908,0.20862
3758.979,0.20852
3757.050,0.20833
3755.122,0.20824
3753.193,0.20839
3751.264,0.20852
3749.336,0.20839
3747.407,0.20830
3745.478,0.20833
3743.550,0.20801
3741.621,0.20746
3739.692,0.20733
3737.764,0.20753
3735.835,0.20759
3733.906,0.20737
3731.978,0.20701
3730.049,0.20667
3728.120,0.20652
3726.192,0.20655
3724.263,0.20655
3722.334,0.20644
3720.406,0.20627
3718.477,0.20607
3716.548,0.20594
3714.620,0.20602
3712.691,0.20621
3710.762,0.20618
3708.834,0.20590
3706.905,0.20565
3704.976,0.20556
3703.048,0.20554
3701.119,0.20547
3699.190,0.20537
3697.262,0.20528
3695.333,0.20523
3693.404,0.20525
3691.476,0.20529
3689.547,0.20525
3687.618,0.20512
3685.690,0.20500
3683.761,0.20497
3681.832,0.20505
3679.904,0.20521
3677.975,0.20546
3676.046,0.20565
3674.118,0.20567
3672.189,0.20569
3670.260,0.20572
3668.332,0.20559
3666.403,0.20538
3664.474,0.20527
3662.546,0.20534
3660.617,0.20554
3658.688,0.20577
3656.760,0.20593
3654.831,0.20600
3652.902,0.20617
3650.974,0.20649
3649.045,0.20675
3647.116,0.20679
3645.188,0.20669
3643.259,0.20667
3641.330,0.20674
3639.402,0.20681
3637.473,0.20692
3635.544,0.20717
3633.616,0.20749
3631.687,0.20787
3629.758,0.20820
3627.830,0.20817
3625.901,0.20797
3623.972,0.20806
3622.043,0.20848
3620.115,0.20890
3618.186,0.20911
3616.257,0.20926
3614.329,0.20950
3612.400,0.20980
3610.471,0.21019
3608.543,0.21056
3606.614,0.21074
3604.685,0.21086
3602.757,0.21105
3600.828,0.21124
3598.899,0.21144
3596.971,0.21176
3595.042,0.21204
3593.113,0.21220
3591.185,0.21243
3589.256,0.21275
3587.327,0.21290
3585.399,0.21294
3583.470,0.21313
3581.541,0.21341
3579.613,0.21362
3577.684,0.21380
3575.755,0.21396
3573.827,0.21413
3571.898,0.21445
3569.969,0.21493
3568.041,0.21534
3566.112,0.21549
3564.183,0.21554
3562.255,0.21560
3560.326,0.21572
3558.397,0.21595
3556.469,0.21624
3554.540,0.21648
3552.611,0.21664
3550.683,0.21678
3548.754,0.21695
3546.825,0.21717
3544.897,0.21742
3542.968,0.21761
3541.039,0.21773
3539.111,0.21785
3537.182,0.21797
3535.253,0.21806
3533.325,0.21823
3531.396,0.21854
3529.467,0.21882
3527.539,0.21899
3525.610,0.21911
3523.681,0.21918
3521.753,0.21924
3519.824,0.21941
3517.895,0.21968
3515.967,0.21989
3514.038,0.22001
3512.109,0.22012
3510.181,0.22020
3508.252,0.22031
3506.323,0.22057
3504.395,0.22084
3502.466,0.22094
3500.537,0.22096
3498.609,0.22100
3496.680,0.22107
3494.751,0.22120
3492.823,0.22139
3490.894,0.22155
3488.965,0.22163
3487.037,0.22169
3485.108,0.22175
3483.179,0.22178
3481.251,0.22188
3479.322,0.22207
3477.393,0.22223
3475.465,0.22231
3473.536,0.22235
3471.607,0.22235
3469.679,0.22235
3467.750,0.22250
3465.821,0.22274
3463.892,0.22286
3461.964,0.22289
3460.035,0.22289
3458.106,0.22287
3456.178,0.22289
3454.249,0.22302
3452.320,0.22310
3450.392,0.22304
3448.463,0.22292
3446.534,0.22277
3444.606,0.22259
3442.677,0.22249
3440.748,0.22250
3438.820,0.22244
3436.891,0.22229
3434.962,0.22214
3433.034,0.22194
3431.105,0.22171
3429.176,0.22158
3427.248,0.22153
3425.319,0.22137
3423.390,0.22110
3421.462,0.22084
3419.533,0.22055
3417.604,0.22024
3415.676,0.22002
3413.747,0.21983
3411.818,0.21952
3409.890,0.21917
3407.961,0.21882
3406.032,0.21845
3404.104,0.21809
3402.175,0.21779
3400.246,0.21744
3398.318,0.21700
3396.389,0.21657
3394.460,0.21618
3392.532,0.21577
3390.603,0.21541
3388.674,0.21513
3386.746,0.21477
3384.817,0.21430
3382.888,0.21382
3380.960,0.21334
3379.031,0.21287
3377.102,0.21248
3375.174,0.21208
3373.245,0.21156
3371.316,0.21100
3369.388,0.21048
3367.459,0.20994
3365.530,0.20943
3363.602,0.20900
3361.673,0.20853
3359.744,0.20795
3357.816,0.20735
3355.887,0.20681
3353.958,0.20625
3352.030,0.20577
3350.101,0.20538
3348.172,0.20493
3346.244,0.20438
3344.315,0.20383
3342.386,0.20332
3340.458,0.20285
3338.529,0.20247
3336.600,0.20213
3334.672,0.20169
3332.743,0.20116
3330.814,0.20067
3328.886,0.20021
3326.957,0.19978
3325.028,0.19944
3323.100,0.19912
3321.171,0.19869
3319.242,0.19821
3317.314,0.19781
3315.385,0.19745
3313.456,0.19712
3311.528,0.19685
3309.599,0.19656
3307.670,0.19616
3305.742,0.19575
3303.813,0.19540
3301.884,0.19507
3299.955,0.19480
3298.027,0.19459
3296.098,0.19429
3294.169,0.19393
3292.241,0.19362
3290.312,0.19334
3288.383,0.19303
3286.455,0.19277
3284.526,0.19252
3282.597,0.19220
3280.669,0.19184
3278.740,0.19155
3276.811,0.19128
3274.883,0.19100
3272.954,0.19075
3271.025,0.19047
3269.097,0.19011
3267.168,0.18974
3265.239,0.18941
3263.311,0.18907
3261.382,0.18873
3259.453,0.18846
3257.525,0.18816
3255.596,0.18779
3253.667,0.18741
3251.739,0.18702
3249.810,0.18659
3247.881,0.18622
3245.953,0.18584
3244.024,0.18534
3242.095,0.18478
3240.167,0.18430
3238.238,0.18386
3236.309,0.18346
3234.381,0.18321
3232.452,0.18310
3230.523,0.18300
3228.595,0.18295
3226.666,0.18294
3224.737,0.18289
3222.809,0.18282
3220.880,0.18277
3218.951,0.18262
3217.023,0.18227
3215.094,0.18185
3213.165,0.18144
3211.237,0.18099
3209.308,0.18062
3207.379,0.18035
3205.451,0.18009
3203.522,0.17984
3201.593,0.17966
3199.665,0.17950
3197.736,0.17929
3195.807,0.17909
3193.879,0.17886
3191.950,0.17847
3190.021,0.17804
3188.093,0.17767
3186.164,0.17734
3184.235,0.17702
3182.307,0.17674
3180.378,0.17643
3178.449,0.17605
3176.521,0.17571
3174.592,0.17544
3172.663,0.17518
3170.735,0.17499
3168.806,0.17485
3166.877,0.17464
3164.949,0.17436
3163.020,0.17415
3161.091,0.17401
3159.163,0.17386
3157.234,0.17373
3155.305,0.17366
3153.377,0.17355
3151.448,0.17342
3149.519,0.17330
3147.591,0.17312
3145.662,0.17285
3143.733,0.17251
3141.804,0.17205
3139.876,0.17147
3137.947,0.17091
3136.018,0.17043
3134.090,0.16993
3132.161,0.16944
3130.232,0.16903
3128.304,0.16862
3126.375,0.16819
3124.446,0.16784
3122.518,0.16760
3120.589,0.16753
3118.660,0.16780
3116.732,0.16870
3114.803,0.17065
3112.874,0.17463
3110.946,0.18250
3109.017,0.19674
3107.088,0.21901
3105.160,0.24726
3103.231,0.27553
3101.302,0.29939
3099.374,0.31843
3097.445,0.32932
3095.516,0.32579
3093.588,0.31088
3091.659,0.29644
3089.730,0.29010
3087.802,0.29083
3085.873,0.29262
3083.944,0.28979
3082.016,0.28115
3080.087,0.26962
3078.158,0.25867
3076.230,0.25036
3074.301,0.24537
3072.372,0.24351
3070.444,0.24399
3068.515,0.24601
3066.586,0.24932
3064.658,0.25419
3062.729,0.26076
3060.800,0.26856
3058.872,0.27585
3056.943,0.27974
3055.014,0.27808
3053.086,0.27101
3051.157,0.26042
3049.228,0.24860
3047.300,0.23741
3045.371,0.22779
3043.442,0.21999
3041.514,0.21392
3039.585,0.20932
3037.656,0.20585
3035.728,0.20325
3033.799,0.20139
3031.870,0.20020
3029.942,0.19967
3028.013,0.19996
3026.084,0.20113
3024.156,0.20302
3022.227,0.20543
3020.298,0.20803
3018.370,0.21033
3016.441,0.21186
3014.512,0.21242
3012.584,0.21198
3010.655,0.21057
3008.726,0.20838
3006.798,0.20571
3004.869,0.20293
3002.940,0.20042
3001.012,0.19837
2999.083,0.19672
2997.154,0.19536
2995.226,0.19425
2993.297,0.19333
2991.368,0.19256
2989.440,0.19202
2987.511,0.19173
2985.582,0.19164
2983.654,0.19175
2981.725,0.19210
2979.796,0.19269
2977.867,0.19359
2975.939,0.19492
2974.010,0.19664
2972.081,0.19874
2970.153,0.20131
2968.224,0.20440
2966.295,0.20804
2964.367,0.21241
2962.438,0.21766
2960.509,0.22345
2958.581,0.22874
2956.652,0.23185
2954.723,0.23118
2952.795,0.22678
2950.866,0.22073
2948.937,0.21541
2947.009,0.21205
2945.080,0.21080
2943.151,0.21133
2941.223,0.21327
2939.294,0.21643
2937.365,0.22079
2935.437,0.22631
2933.508,0.23292
2931.579,0.24074
2929.651,0.24995
2927.722,0.26083
2925.793,0.27386
2923.865,0.28922
2921.936,0.30597
2920.007,0.32131
2918.079,0.32967
2916.150,0.32462
2914.221,0.30648
2912.293,0.28430
2910.364,0.26634
2908.435,0.25443
2906.507,0.24708
2904.578,0.24269
2902.649,0.24007
2900.721,0.23847
2898.792,0.23751
2896.863,0.23683
2894.935,0.23614
2893.006,0.23541
2891.077,0.23460
2889.149,0.23365
2887.220,0.23262
2885.291,0.23161
2883.363,0.23064
2881.434,0.22974
2879.505,0.22895
2877.577,0.22803
2875.648,0.22659
2873.719,0.22434
2871.791,0.22127
2869.862,0.21776
2867.933,0.21475
2866.005,0.21315
2864.076,0.21329
2862.147,0.21520
2860.219,0.21893
2858.290,0.22476
2856.361,0.23387
2854.433,0.24843
2852.504,0.26866
2850.575,0.28669
2848.647,0.28825
2846.718,0.27018
2844.789,0.24557
2842.861,0.22595
2840.932,0.21315
2839.003,0.20491
2837.075,0.19925
2835.146,0.19529
2833.217,0.19264
2831.289,0.19090
2829.360,0.18974
2827.431,0.18890
2825.503,0.18797
2823.574,0.18665
2821.645,0.18509
2819.716,0.18343
2817.788,0.18172
2815.859,0.18007
2813.930,0.17858
2812.002,0.17713
2810.073,0.17569
2808.144,0.17437
2806.216,0.17312
2804.287,0.17188
2802.358,0.17080
2800.430,0.16992
2798.501,0.16912
2796.572,0.16847
2794.644,0.16810
2792.715,0.16784
2790.786,0.16757
2788.858,0.16737
2786.929,0.16712
2785.000,0.16667
2783.072,0.16621
2781.143,0.16592
2779.214,0.16573
2777.286,0.16567
2775.357,0.16572
2773.428,0.16559
2771.500,0.16514
2769.571,0.16459
2767.642,0.16400
2765.714,0.16330
2763.785,0.16269
2761.856,0.16230
2759.928,0.16201
2757.999,0.16184
2756.070,0.16187
2754.142,0.16190
2752.213,0.16178
2750.284,0.16166
2748.356,0.16151
2746.427,0.16122
2744.498,0.16093
2742.570,0.16076
2740.641,0.16050
2738.712,0.16013
2736.784,0.15986
2734.855,0.15962
2732.926,0.15932
2730.998,0.15912
2729.069,0.15900
2727.140,0.15879
2725.212,0.15859
2723.283,0.15853
2721.354,0.15845
2719.426,0.15833
2717.497,0.15839
2715.568,0.15853
2713.640,0.15860
2711.711,0.15878
2709.782,0.15910
2707.854,0.15933
2705.925,0.15948
2703.996,0.15965
2702.068,0.15953
2700.139,0.15892
2698.210,0.15804
2696.282,0.15699
2694.353,0.15575
2692.424,0.15464
2690.496,0.15379
2688.567,0.15301
2686.638,0.15231
2684.710,0.15187
2682.781,0.15152
2680.852,0.15116
2678.924,0.15098
2676.995,0.15093
2675.066,0.15076
2673.138,0.15059
2671.209,0.15052
2669.280,0.15040
2667.352,0.15023
2665.423,0.15019
2663.494,0.15014
2661.566,0.14994
2659.637,0.14981
2657.708,0.14971
2655.779,0.14943
2653.851,0.14914
2651.922,0.14902
2649.993,0.14889
2648.065,0.14873
2646.136,0.14877
2644.207,0.14886
2642.279,0.14882
2640.350,0.14884
2638.421,0.14896
2636.493,0.14892
2634.564,0.14880
2632.635,0.14873
2630.707,0.14849
2628.778,0.14804
2626.849,0.14765
2624.921,0.14735
2622.992,0.14701
2621.063,0.14683
2619.135,0.14687
2617.206,0.14689
2615.277,0.14693
2613.349,0.14705
2611.420,0.14698
2609.491,0.14661
2607.563,0.14620
2605.634,0.14578
2603.705,0.14523
2601.777,0.14481
2599.848,0.14467
2597.919,0.14456
2595.991,0.14449
2594.062,0.14460
2592.133,0.14468
2590.205,0.14459
2588.276,0.14458
2586.347,0.14467
2584.419,0.14470
2582.490,0.14487
2580.561,0.14526
2578.633,0.14555
2576.704,0.14569
2574.775,0.14588
2572.847,0.14595
2570.918,0.14576
2568.989,0.14560
2567.061,0.14556
2565.132,0.14540
2563.203,0.14525
2561.275,0.14525
2559.346,0.14513
2557.417,0.14480
2555.489,0.14449
2553.560,0.14404
2551.631,0.14332
2549.703,0.14263
2547.774,0.14212
2545.845,0.14156
2543.917,0.14104
2541.988,0.14078
2540.059,0.14056
2538.131,0.14033
2536.202,0.14037
2534.273,0.14057
2532.345,0.14070
2530.416,0.14092
2528.487,0.14128
2526.559,0.14146
2524.630,0.14151
2522.701,0.14154
2520.773,0.14122
2518.844,0.14048
2516.915,0.13973
2514.987,0.13909
2513.058,0.13838
2511.129,0.13780
2509.201,0.13746
2507.272,0.13710
2505.343,0.13670
2503.415,0.13648
2501.486,0.13626
2499.557,0.13596
2497.628,0.13590
2495.700,0.13606
2493.771,0.13612
2491.842,0.13620
2489.914,0.13641
2487.985,0.13653
2486.056,0.13658
2484.128,0.13681
2482.199,0.13701
2480.270,0.13695
2478.342,0.13688
2476.413,0.13687
2474.484,0.13670
2472.556,0.13655
2470.627,0.13657
2468.698,0.13651
2466.770,0.13632
2464.841,0.13625
2462.912,0.13623
2460.984,0.13613
2459.055,0.13616
2457.126,0.13633
2455.198,0.13636
2453.269,0.13632
2451.340,0.13642
2449.412,0.13645
2447.483,0.13637
2445.554,0.13651
2443.626,0.13673
2441.697,0.13676
2439.768,0.13671
2437.840,0.13660
2435.911,0.13615
2433.982,0.13553
2432.054,0.13510
2430.125,0.13473
2428.196,0.13435
2426.268,0.13416
2424.339,0.13405
2422.410,0.13377
2420.482,0.13355
2418.553,0.13357
2416.624,0.13354
2414.696,0.13345
2412.767,0.13354
2410.838,0.13359
2408.910,0.13347
2406.981,0.13350
2405.052,0.13379
2403.124,0.13412
2401.195,0.13431
2399.266,0.13407
2397.338,0.13316
2395.409,0.13201
2393.480,0.13122
2391.552,0.13070
2389.623,0.13023
2387.694,0.12997
2385.766,0.12986
2383.837,0.12963
2381.908,0.12949
2379.980,0.12961
2378.051,0.12969
2376.122,0.12966
2374.194,0.12975
2372.265,0.12985
2370.336,0.12978
2368.408,0.12971
2366.479,0.12960
2364.550,0.12921
2362.622,0.12878
2360.693,0.12858
2358.764,0.12839
2356.836,0.12814
2354.907,0.12803
2352.978,0.12786
2351.050,0.12742
2349.121,0.12696
2347.192,0.12666
2345.264,0.12634
2343.335,0.12617
2341.406,0.12629
2339.478,0.12636
2337.549,0.12619
2335.620,0.12600
2333.691,0.12576
2331.763,0.12535
2329.834,0.12502
2327.905,0.12484
2325.977,0.12455
2324.048,0.12420
2322.119,0.12404
2320.191,0.12384
2318.262,0.12355
2316.333,0.12346
2314.405,0.12346
2312.476,0.12333
2310.547,0.12330
2308.619,0.12351
2306.690,0.12370
2304.761,0.12397
2302.833,0.12447
2300.904,0.12491
2298.975,0.12512
2297.047,0.12537
2295.118,0.12565
2293.189,0.12570
2291.261,0.12567
2289.332,0.12558
2287.403,0.12508
2285.475,0.12428
2283.546,0.12357
2281.617,0.12291
2279.689,0.12224
2277.760,0.12184
2275.831,0.12161
2273.903,0.12124
2271.974,0.12091
2270.045,0.12078
2268.117,0.12058
2266.188,0.12036
2264.259,0.12037
2262.331,0.12038
2260.402,0.12017
2258.473,0.12000
2256.545,0.11984
2254.616,0.11943
2252.687,0.11899
2250.759,0.11876
2248.830,0.11847
2246.901,0.11811
2244.973,0.11791
2243.044,0.11768
2241.115,0.11724
2239.187,0.11691
2237.258,0.11673
2235.329,0.11635
2233.401,0.11594
2231.472,0.11571
2229.543,0.11540
2227.615,0.11500
2225.686,0.11482
2223.757,0.11466
2221.829,0.11430
2219.900,0.11403
2217.971,0.11392
2216.043,0.11366
2214.114,0.11341
2212.185,0.11339
2210.257,0.11329
2208.328,0.11303
2206.399,0.11291
2204.471,0.11283
2202.542,0.11257
2200.613,0.11241
2198.685,0.11240
2196.756,0.11217
2194.827,0.11184
2192.899,0.11170
2190.970,0.11148
2189.041,0.11110
2187.113,0.11092
2185.184,0.11084
2183.255,0.11058
2181.327,0.11047
2179.398,0.11065
2177.469,0.11072
2175.540,0.11071
2173.612,0.11074
2171.683,0.11045
2169.754,0.10984
2167.826,0.10943
2165.897,0.10918
2163.968,0.10879
2162.040,0.10853
2160.111,0.10853
2158.182,0.10835
2156.254,0.10810
2154.325,0.10813
2152.396,0.10816
2150.468,0.10797
2148.539,0.10790
2146.610,0.10786
2144.682,0.10750
2142.753,0.10714
2140.824,0.10700
2138.896,0.10672
2136.967,0.10636
2135.038,0.10633
2133.110,0.10631
2131.181,0.10607
2129.252,0.10603
2127.324,0.10619
2125.395,0.10614
2123.466,0.10614
2121.538,0.10641
2119.609,0.10648
2117.680,0.10634
2115.752,0.10641
2113.823,0.10645
2111.894,0.10621
2109.966,0.10611
2108.037,0.10610
2106.108,0.10569
2104.180,0.10516
2102.251,0.10491
2100.322,0.10457
2098.394,0.10409
2096.465,0.10393
2094.536,0.10383
2092.608,0.10344
2090.679,0.10318
2088.750,0.10318
2086.822,0.10295
2084.893,0.10271
2082.964,0.10279
2081.036,0.10270
2079.107,0.10226
2077.178,0.10202
2075.250,0.10185
2073.321,0.10140
2071.392,0.10110
2069.464,0.10109
2067.535,0.10083
2065.606,0.10042
2063.678,0.10030
2061.749,0.10007
2059.820,0.09956
2057.892,0.09933
2055.963,0.09925
2054.034,0.09887
2052.106,0.09861
2050.177,0.09870
2048.248,0.09852
2046.320,0.09814
2044.391,0.09808
2042.462,0.09796
2040.534,0.09750
2038.605,0.09728
2036.676,0.09724
2034.748,0.09689
2032.819,0.09664
2030.890,0.09680
2028.962,0.09673
2027.033,0.09646
2025.104,0.09651
2023.176,0.09653
2021.247,0.09619
2019.318,0.09604
2017.390,0.09608
2015.461,0.09570
2013.532,0.09526
2011.603,0.09520
2009.675,0.09503
2007.746,0.09477
2005.817,0.09500
2003.889,0.09530
2001.960,0.09508
2000.031,0.09480
1998.103,0.09458
1996.174,0.09395
1994.245,0.09333
1992.317,0.09316
1990.388,0.09280
1988.459,0.09214
1986.531,0.09188
1984.602,0.09177
1982.673,0.09129
1980.745,0.09101
1978.816,0.09109
1976.887,0.09081
1974.959,0.09040
1973.030,0.09041
1971.101,0.09028
1969.173,0.08979
1967.244,0.08962
1965.315,0.08956
1963.387,0.08901
1961.458,0.08857
1959.529,0.08853
1957.601,0.08818
1955.672,0.08772
1953.743,0.08775
1951.815,0.08771
1949.886,0.08726
1947.957,0.08711
1946.029,0.08722
1944.100,0.08693
1942.171,0.08664
1940.243,0.08671
1938.314,0.08643
1936.385,0.08589
1934.457,0.08582
1932.528,0.08574
1930.599,0.08522
1928.671,0.08498
1926.742,0.08500
1924.813,0.08456
1922.885,0.08412
1920.956,0.08420
1919.027,0.08409
1917.099,0.08365
1915.170,0.08362
1913.241,0.08363
1911.313,0.08316
1909.384,0.08292
1907.455,0.08302
1905.527,0.08267
1903.598,0.08225
1901.669,0.08232
1899.741,0.08214
1897.812,0.08158
1895.883,0.08147
1893.955,0.08149
1892.026,0.08104
1890.097,0.08081
1888.169,0.08097
1886.240,0.08068
1884.311,0.08028
1882.383,0.08043
1880.454,0.08042
1878.525,0.07994
1876.597,0.07983
1874.668,0.07986
1872.739,0.07937
1870.811,0.07908
1868.882,0.07924
1866.953,0.07896
1865.025,0.07848
1863.096,0.07863
1861.167,0.07873
1859.239,0.07842
1857.310,0.07863
1855.381,0.07932
1853.452,0.07985
1851.524,0.08108
1849.595,0.08392
1847.666,0.08798
1845.738,0.09266
1843.809,0.09616
1841.880,0.09556
1839.952,0.09129
1838.023,0.08706
1836.094,0.08453
1834.166,0.08282
1832.237,0.08193
1830.308,0.08207
1828.380,0.08223
1826.451,0.08228
1824.522,0.08303
1822.594,0.08411
1820.665,0.08489
1818.736,0.08590
1816.808,0.08719
1814.879,0.08808
1812.950,0.08905
1811.022,0.09023
1809.093,0.08962
1807.164,0.08636
1805.236,0.08253
1803.307,0.07940
1801.378,0.07674
1799.450,0.07504
1797.521,0.07426
1795.592,0.07333
1793.664,0.07241
1791.735,0.07205
1789.806,0.07146
1787.878,0.07051
1785.949,0.07018
1784.020,0.07004
1782.092,0.06930
1780.163,0.06877
1778.234,0.06880
1776.306,0.06848
1774.377,0.06807
1772.448,0.06829
1770.520,0.06828
1768.591,0.06767
1766.662,0.06751
1764.734,0.06771
1762.805,0.06742
1760.876,0.06723
1758.948,0.06757
1757.019,0.06750
1755.090,0.06719
1753.162,0.06764
1751.233,0.06813
1749.304,0.06800
1747.376,0.06824
1745.447,0.06884
1743.518,0.06895
1741.590,0.06920
1739.661,0.07004
1737.732,0.07054
1735.804,0.07084
1733.875,0.07164
1731.946,0.07209
1730.018,0.07175
1728.089,0.07172
1726.160,0.07208
1724.232,0.07197
1722.303,0.07202
1720.374,0.07288
1718.446,0.07349
1716.517,0.07369
1714.588,0.07441
1712.660,0.07520
1710.731,0.07544
1708.802,0.07598
1706.874,0.07674
1704.945,0.07677
1703.016,0.07687
1701.088,0.07773
1699.159,0.07823
1697.230,0.07829
1695.302,0.07894
1693.373,0.07971
1691.444,0.08012
1689.515,0.08112
1687.587,0.08283
1685.658,0.08426
1683.729,0.08565
1681.801,0.08751
1679.872,0.08923
1677.943,0.09080
1676.015,0.09298
1674.086,0.09516
1672.157,0.09691
1670.229,0.09926
1668.300,0.10233
1666.371,0.10525
1664.443,0.10858
1662.514,0.11278
1660.585,0.11654
1658.657,0.11927
1656.728,0.12193
1654.799,0.12464
1652.871,0.12711
1650.942,0.13023
1649.013,0.13431
1647.085,0.13822
1645.156,0.14181
1643.227,0.14556
1641.299,0.14896
1639.370,0.15240
1637.441,0.15759
1635.513,0.16483
1633.584,0.17369
1631.655,0.18467
1629.727,0.19745
1627.798,0.21120
1625.869,0.22835
1623.941,0.25465
1622.012,0.29427
1620.083,0.34087
1618.155,0.36959
1616.226,0.35630
1614.297,0.31487
1612.369,0.28062
1610.440,0.27179
1608.511,0.28618
1606.583,0.31277
1604.654,0.33741
1602.725,0.34394
1600.797,0.32321
1598.868,0.28475
1596.939,0.24726
1595.011,0.22133
1593.082,0.20802
1591.153,0.20465
1589.225,0.20790
1587.296,0.21540
1585.367,0.22538
1583.439,0.23616
1581.510,0.24770
1579.581,0.26124
1577.653,0.27683
1575.724,0.29385
1573.795,0.31274
1571.867,0.33400
1569.938,0.35740
1568.009,0.38305
1566.081,0.41135
1564.152,0.44240
1562.223,0.47759
1560.295,0.52013
1558.366,0.57331
1556.437,0.63960
1554.509,0.71989
1552.580,0.80959
1550.651,0.89804
1548.723,0.97881
1546.794,1.05882
1544.865,1.14581
1542.937,1.23117
1541.008,1.29503
1539.079,1.32301
1537.151,1.31167
1535.222,1.26489
1533.293,1.19221
1531.364,1.10577
1529.436,1.01438
1527.507,0.92334
1525.578,0.83816
1523.650,0.76363
1521.721,0.70142
1519.792,0.65084
1517.864,0.60979
1515.935,0.57581
1514.006,0.54749
1512.078,0.52393
1510.149,0.50357
1508.220,0.48428
1506.292,0.46437
1504.363,0.44341
1502.434,0.42241
1500.506,0.40259
1498.577,0.38405
1496.648,0.36653
1494.720,0.35054
1492.791,0.33650
1490.862,0.32401
1488.934,0.31298
1487.005,0.30327
1485.076,0.29401
1483.148,0.28512
1481.219,0.27757
1479.290,0.27194
1477.362,0.26955
1475.433,0.27172
1473.504,0.27446
1471.576,0.27356
1469.647,0.27436
1467.718,0.28221
1465.790,0.29208
1463.861,0.29432
1461.932,0.28318
1460.004,0.26226
1458.075,0.24109
1456.146,0.22536
1454.218,0.21489
1452.289,0.20764
1450.360,0.20254
1448.432,0.19910
1446.503,0.19718
1444.574,0.19869
1442.646,0.20703
1440.717,0.22311
1438.788,0.24125
1436.860,0.24927
1434.931,0.23934
1433.002,0.21785
1431.074,0.19661
1429.145,0.18107
1427.216,0.17069
1425.288,0.16439
1423.359,0.16186
1421.430,0.16232
1419.502,0.16605
1417.573,0.17538
1415.644,0.19264
1413.716,0.21923
1411.787,0.25506
1409.858,0.29561
1407.930,0.33087
1406.001,0.34950
1404.072,0.34549
1402.144,0.32261
1400.215,0.29142
1398.286,0.26137
1396.358,0.23668
1394.429,0.21826
1392.500,0.20670
1390.572,0.20175
1388.643,0.20219
1386.714,0.20934
1384.786,0.22783
1382.857,0.25584
1380.928,0.27627
1379.000,0.27638
1377.071,0.26988
1375.142,0.27579
1373.214,0.29898
1371.285,0.33720
1369.356,0.38923
1367.427,0.45668
1365.499,0.54240
1363.570,0.64683
1361.641,0.76610
1359.713,0.89408
1357.784,1.02495
1355.855,1.14573
1353.927,1.22123
1351.998,1.21120
1350.069,1.12432
1348.141,1.00653
1346.212,0.89133
1344.283,0.79208
1342.355,0.71164
1340.426,0.64843
1338.497,0.59852
1336.569,0.55712
1334.640,0.52070
1332.711,0.48776
1330.783,0.45783
1328.854,0.43097
1326.925,0.40771
1324.997,0.38789
1323.068,0.37047
1321.139,0.35523
1319.211,0.34235
1317.282,0.33100
1315.353,0.32037
1313.425,0.31080
1311.496,0.30267
1309.567,0.29698
1307.639,0.29522
1305.710,0.29508
1303.781,0.29148
1301.853,0.28423
1299.924,0.27718
1297.995,0.27177
1296.067,0.26774
1294.138,0.26525
1292.209,0.26311
1290.281,0.25953
1288.352,0.25482
1286.423,0.24976
1284.495,0.24391
1282.566,0.23778
1280.637,0.23272
1278.709,0.22854
1276.780,0.22485
1274.851,0.22226
1272.923,0.22026
1270.994,0.21768
1269.065,0.21518
1267.137,0.21357
1265.208,0.21203
1263.279,0.21017
1261.351,0.20828
1259.422,0.20550
1257.493,0.20165
1255.565,0.19814
1253.636,0.19515
1251.707,0.19186
1249.779,0.18899
1247.850,0.18708
1245.921,0.18513
1243.993,0.18326
1242.064,0.18241
1240.135,0.18183
1238.207,0.18087
1236.278,0.18041
1234.349,0.18006
1232.421,0.17851
1230.492,0.17644
1228.563,0.17464
1226.635,0.17229
1224.706,0.16966
1222.777,0.16790
1220.849,0.16631
1218.920,0.16454
1216.991,0.16463
1215.063,0.16822
1213.134,0.17587
1211.205,0.18698
1209.277,0.19698
1207.348,0.20054
1205.419,0.19848
1203.490,0.19404
1201.562,0.18769
1199.633,0.18033
1197.704,0.17449
1195.776,0.17041
1193.847,0.16662
1191.918,0.16336
1189.990,0.16100
1188.061,0.15828
1186.132,0.15526
1184.204,0.15331
1182.275,0.15210
1180.346,0.15163
1178.418,0.15499
1176.489,0.16552
1174.560,0.18424
1172.632,0.20767
1170.703,0.22331
1168.774,0.21903
1166.846,0.20114
1164.917,0.18462
1162.988,0.17386
1161.060,0.16617
1159.131,0.16065
1157.202,0.15684
1155.274,0.15334
1153.345,0.15049
1151.416,0.14898
1149.488,0.14750
1147.559,0.14560
1145.630,0.14440
1143.702,0.14325
1141.773,0.14120
1139.844,0.13951
1137.916,0.13856
1135.987,0.13702
1134.058,0.13545
1132.130,0.13483
1130.201,0.13396
1128.272,0.13247
1126.344,0.13167
1124.415,0.13101
1122.486,0.12946
1120.558,0.12824
1118.629,0.12768
1116.700,0.12641
1114.772,0.12491
1112.843,0.12421
1110.914,0.12315
1108.986,0.12147
1107.057,0.12063
1105.128,0.12018
1103.200,0.11919
1101.271,0.11910
1099.342,0.12084
1097.414,0.12473
1095.485,0.13491
1093.556,0.15689
1091.628,0.18955
1089.699,0.22392
1087.770,0.24927
1085.842,0.25681
1083.913,0.24430
1081.984,0.22115
1080.056,0.19877
1078.127,0.18121
1076.198,0.16886
1074.270,0.16118
1072.341,0.15549
1070.412,0.15006
1068.484,0.14573
1066.555,0.14220
1064.626,0.13843
1062.698,0.13547
1060.769,0.13370
1058.840,0.13156
1056.912,0.12928
1054.983,0.12805
1053.054,0.12677
1051.126,0.12487
1049.197,0.12376
1047.268,0.12311
1045.339,0.12170
1043.411,0.12060
1041.482,0.12048
1039.553,0.11993
1037.625,0.11922
1035.696,0.11962
1033.767,0.12035
1031.839,0.12186
1029.910,0.12727
1027.981,0.13531
1026.053,0.13890
1024.124,0.13530
1022.195,0.12882
1020.267,0.12291
1018.338,0.11870
1016.409,0.11659
1014.481,0.11497
1012.552,0.11291
1010.623,0.11173
1008.695,0.11114
1006.766,0.10983
1004.837,0.10874
1002.909,0.10846
1000.980,0.10750
999.051,0.10603
997.123,0.10542
995.194,0.10470
993.265,0.10323
991.337,0.10247
989.408,0.10223
987.479,0.10112
985.551,0.10015
983.622,0.10002
981.693,0.09926
979.765,0.09808
977.836,0.09780
975.907,0.09744
973.979,0.09625
972.050,0.09570
970.121,0.09564
968.193,0.09470
966.264,0.09388
964.335,0.09384
962.407,0.09315
960.478,0.09200
958.549,0.09172
956.621,0.09131
954.692,0.09013
952.763,0.08970
950.835,0.08990
948.906,0.08991
946.977,0.09208
945.049,0.10117
943.120,0.12214
941.191,0.15407
939.263,0.17955
937.334,0.17695
935.405,0.15239
933.477,0.12837
931.548,0.11402
929.619,0.10969
927.691,0.11857
925.762,0.13510
923.833,0.13960
921.905,0.12921
919.976,0.12694
918.047,0.14895
916.119,0.19063
914.190,0.23912
912.261,0.29010
910.333,0.34377
908.404,0.38470
906.475,0.37943
904.547,0.32167
902.618,0.25360
900.689,0.20660
898.761,0.17919
896.832,0.16171
894.903,0.15010
892.975,0.14230
891.046,0.13588
889.117,0.13066
887.189,0.12695
885.260,0.12339
883.331,0.11997
881.402,0.11774
879.474,0.11583
877.545,0.11342
875.616,0.11178
873.688,0.11083
871.759,0.10921
869.830,0.10767
867.902,0.10684
865.973,0.10554
864.044,0.10393
862.116,0.10326
860.187,0.10267
858.258,0.10143
856.330,0.10081
854.401,0.10064
852.472,0.09969
850.544,0.09874
848.615,0.09835
846.686,0.09727
844.758,0.09573
842.829,0.09500
840.900,0.09420
838.972,0.09282
837.043,0.09209
835.114,0.09180
833.186,0.09075
831.257,0.08990
829.328,0.09073
827.400,0.09288
825.471,0.09475
823.542,0.09419
821.614,0.09079
819.685,0.08713
817.756,0.08546
815.828,0.08475
813.899,0.08357
811.970,0.08272
810.042,0.08242
808.113,0.08157
806.184,0.08078
804.256,0.08098
802.327,0.08154
800.398,0.08441
798.470,0.09870
796.541,0.14049
794.612,0.20965
792.684,0.25241
790.755,0.22186
788.826,0.16557
786.898,0.12873
784.969,0.11013
783.040,0.09947
781.112,0.09261
779.183,0.08864
777.254,0.08651
775.326,0.08763
773.397,0.09640
771.468,0.11076
769.540,0.12060
767.611,0.11940
765.682,0.11084
763.754,0.10666
761.825,0.11376
759.896,0.12024
757.968,0.11169
756.039,0.09494
754.110,0.08316
752.182,0.07798
750.253,0.07666
748.324,0.07985
746.396,0.08913
744.467,0.10671
742.538,0.13921
740.610,0.19637
738.681,0.27903
736.752,0.36224
734.824,0.39927
732.895,0.37162
730.966,0.31378
729.038,0.26621
727.109,0.24814
725.180,0.26965
723.251,0.33992
721.323,0.44473
719.394,0.52038
717.465,0.51355
715.537,0.44893
713.608,0.37105
711.679,0.31364
709.751,0.29300
707.822,0.30462
705.893,0.32855
703.965,0.33582
702.036,0.31149
700.107,0.27034
698.179,0.23324
696.250,0.20724
694.321,0.18967
692.393,0.17688
690.464,0.16761
688.535,0.16085
686.607,0.15492
684.678,0.14990
682.749,0.14620
680.821,0.14266
678.892,0.13911
676.963,0.13654
675.035,0.13441
673.106,0.13225
671.177,0.13129
669.249,0.13169
667.320,0.13278
665.391,0.13514
663.463,0.13791
661.534,0.13810
659.605,0.13526
657.677,0.13154
655.748,0.12778
653.819,0.12459
651.891,0.12358
649.962,0.12503
648.033,0.12943
646.105,0.14000
644.176,0.15949
642.247,0.18541
640.319,0.20881
638.390,0.21799
636.461,0.20894
634.533,0.19021
632.604,0.17213
630.675,0.15787
628.747,0.14686
626.818,0.13917
624.889,0.13372
622.961,0.12883
621.032,0.12499
619.103,0.12249
617.175,0.12005
615.246,0.11774
613.317,0.11637
611.389,0.11492
609.460,0.11302
607.531,0.11186
605.603,0.11095
603.674,0.10943
601.745,0.10839
599.817,0.10797
597.888,0.10695
595.959,0.10601
594.031,0.10594
592.102,0.10548
590.173,0.10478
588.245,0.10515
586.316,0.10608
584.387,0.10762
582.459,0.11129
580.530,0.11551
578.601,0.11670
576.673,0.11508
574.744,0.11257
572.815,0.11006
570.887,0.10947
568.958,0.11188
567.029,0.11455
565.101,0.11504
563.172,0.11373
561.243,0.11086
559.314,0.10714
557.386,0.10466
555.457,0.10328
553.528,0.10146
551.600,0.10017
549.671,0.09995
547.742,0.09909
545.814,0.09791
543.885,0.09772
541.956,0.09723
540.028,0.09599
538.099,0.09568
536.170,0.09562
534.242,0.09457
532.313,0.09402
530.384,0.09416
528.456,0.09341
526.527,0.09280
524.598,0.09321
522.670,0.09295
520.741,0.09244
518.812,0.09332
516.884,0.09427
514.955,0.09496
513.026,0.09782
511.098,0.10288
509.169,0.10880
507.240,0.11567
505.312,0.12142
503.383,0.12291
501.454,0.12154
499.526,0.11959
497.597,0.11606
495.668,0.11185
493.740,0.10923
491.811,0.10688
489.882,0.10414
487.954,0.10318
486.025,0.10316
484.096,0.10207
482.168,0.10152
480.239,0.10189
478.310,0.10130
476.382,0.10114
474.453,0.10291
472.524,0.10471
470.596,0.10727
468.667,0.11362
466.738,0.12286
464.810,0.13297
462.881,0.14204
460.952,0.14495
459.024,0.13994
457.095,0.13264
455.166,0.12645
453.238,0.12061
451.309,0.11627
449.380,0.11360
447.452,0.11023
445.523,0.10720
443.594,0.10634
441.666,0.10498
439.737,0.10258
437.808,0.10237
435.880,0.10291
433.951,0.10161
432.022,0.10096
430.094,0.10142
428.165,0.10072
426.236,0.10112
424.308,0.10399
422.379,0.10599
420.450,0.10809
418.522,0.11301
416.593,0.11703
414.664,0.11879
412.736,0.12339
410.807,0.13135
408.878,0.13931
406.950,0.14910
405.021,0.16203
403.092,0.17662
401.163,0.19776
399.235,0.22832
