6999.146,0.42686
6997.217,0.42663
6995.288,0.42642
6993.360,0.42625
6991.431,0.42625
6989.502,0.42627
6987.574,0.42619
6985.645,0.42612
6983.716,0.42595
6981.788,0.42564
6979.859,0.42544
6977.930,0.42525
6976.002,0.42492
6974.073,0.42477
6972.144,0.42496
6970.216,0.42513
6968.287,0.42505
6966.358,0.42474
6964.430,0.42426
6962.501,0.42380
6960.572,0.42367
6958.644,0.42396
6956.715,0.42430
6954.786,0.42423
6952.858,0.42390
6950.929,0.42376
6949.000,0.42379
6947.072,0.42355
6945.143,0.42300
6943.214,0.42253
6941.286,0.42250
6939.357,0.42279
6937.428,0.42296
6935.500,0.42291
6933.571,0.42280
6931.642,0.42255
6929.714,0.42219
6927.785,0.42202
6925.856,0.42212
6923.928,0.42219
6921.999,0.42211
6920.070,0.42205
6918.142,0.42207
6916.213,0.42201
6914.284,0.42183
6912.356,0.42143
6910.427,0.42081
6908.498,0.42036
6906.570,0.42024
6904.641,0.42013
6902.712,0.42000
6900.784,0.42010
6898.855,0.42034
6896.926,0.42050
6894.998,0.42039
6893.069,0.42005
6891.140,0.41971
6889.212,0.41951
6887.283,0.41940
6885.354,0.41922
6883.426,0.41894
6881.497,0.41875
6879.568,0.41859
6877.640,0.41849
6875.711,0.41860
6873.782,0.41869
6871.854,0.41852
6869.925,0.41838
6867.996,0.41841
6866.068,0.41834
6864.139,0.41819
6862.210,0.41813
6860.282,0.41795
6858.353,0.41758
6856.424,0.41717
6854.496,0.41672
6852.567,0.41628
6850.638,0.41600
6848.709,0.41585
6846.781,0.41580
6844.852,0.41580
6842.923,0.41584
6840.995,0.41589
6839.066,0.41585
6837.137,0.41576
6835.209,0.41562
6833.280,0.41531
6831.351,0.41483
6829.423,0.41455
6827.494,0.41471
6825.565,0.41494
6823.637,0.41481
6821.708,0.41462
6819.779,0.41459
6817.851,0.41430
6815.922,0.41370
6813.993,0.41330
6812.065,0.41327
6810.136,0.41339
6808.207,0.41344
6806.279,0.41338
6804.350,0.41320
6802.421,0.41293
6800.493,0.41271
6798.564,0.41261
6796.635,0.41240
6794.707,0.41203
6792.778,0.41179
6790.849,0.41184
6788.921,0.41201
6786.992,0.41206
6785.063,0.41193
6783.135,0.41175
6781.206,0.41164
6779.277,0.41149
6777.349,0.41116
6775.420,0.41082
6773.491,0.41067
6771.563,0.41060
6769.634,0.41040
6767.705,0.41008
6765.777,0.40981
6763.848,0.40969
6761.919,0.40965
6759.991,0.40957
6758.062,0.40941
6756.133,0.40930
6754.205,0.40924
6752.276,0.40921
6750.347,0.40906
6748.419,0.40878
6746.490,0.40854
6744.561,0.40839
6742.633,0.40840
6740.704,0.40849
6738.775,0.40836
6736.847,0.40802
6734.918,0.40775
6732.989,0.40760
6731.061,0.40755
6729.132,0.40754
6727.203,0.40748
6725.275,0.40731
6723.346,0.40714
6721.417,0.40707
6719.489,0.40698
6717.560,0.40667
6715.631,0.40623
6713.703,0.40587
6711.774,0.40562
6709.845,0.40550
6707.917,0.40557
6705.988,0.40564
6704.059,0.40556
6702.131,0.40542
6700.202,0.40534
6698.273,0.40538
6696.345,0.40537
6694.416,0.40517
6692.487,0.40490
6690.558,0.40465
6688.630,0.40445
6686.701,0.40438
6684.772,0.40437
6682.844,0.40415
6680.915,0.40369
6678.986,0.40336
6677.058,0.40325
6675.129,0.40320
6673.200,0.40321
6671.272,0.40323
6669.343,0.40306
6667.414,0.40286
6665.486,0.40279
6663.557,0.40270
6661.628,0.40250
6659.700,0.40224
6657.771,0.40200
6655.842,0.40186
6653.914,0.40186
6651.985,0.40194
6650.056,0.40199
6648.128,0.40193
6646.199,0.40183
6644.270,0.40169
6642.342,0.40142
6640.413,0.40108
6638.484,0.40077
6636.556,0.40047
6634.627,0.40023
6632.698,0.40005
6630.770,0.39992
6628.841,0.39989
6626.912,0.39985
6624.984,0.39972
6623.055,0.39958
6621.126,0.39949
6619.198,0.39933
6617.269,0.39915
6615.340,0.39917
6613.412,0.39924
6611.483,0.39907
6609.554,0.39883
6607.626,0.39880
6605.697,0.39881
6603.768,0.39865
6601.840,0.39839
6599.911,0.39812
6597.982,0.39793
6596.054,0.39777
6594.125,0.39763
6592.196,0.39751
6590.268,0.39742
6588.339,0.39733
6586.410,0.39727
6584.482,0.39717
6582.553,0.39692
6580.624,0.39664
6578.696,0.39650
6576.767,0.39643
6574.838,0.39641
6572.910,0.39647
6570.981,0.39650
6569.052,0.39633
6567.124,0.39600
6565.195,0.39571
6563.266,0.39550
6561.338,0.39541
6559.409,0.39533
6557.480,0.39508
6555.552,0.39484
6553.623,0.39482
6551.694,0.39490
6549.766,0.39479
6547.837,0.39445
6545.908,0.39419
6543.980,0.39409
6542.051,0.39402
6540.122,0.39395
6538.194,0.39395
6536.265,0.39400
6534.336,0.39395
6532.408,0.39380
6530.479,0.39362
6528.550,0.39338
6526.621,0.39314
6524.693,0.39298
6522.764,0.39284
6520.835,0.39266
6518.907,0.39239
6516.978,0.39206
6515.049,0.39190
6513.121,0.39197
6511.192,0.39199
6509.263,0.39186
6507.335,0.39163
6505.406,0.39136
6503.477,0.39117
6501.549,0.39117
6499.620,0.39126
6497.691,0.39128
6495.763,0.39113
6493.834,0.39095
6491.905,0.39079
6489.977,0.39063
6488.048,0.39056
6486.119,0.39051
6484.191,0.39029
6482.262,0.38998
6480.333,0.38974
6478.405,0.38954
6476.476,0.38940
6474.547,0.38939
6472.619,0.38942
6470.690,0.38940
6468.761,0.38928
6466.833,0.38903
6464.904,0.38877
6462.975,0.38859
6461.047,0.38846
6459.118,0.38835
6457.189,0.38821
6455.261,0.38796
6453.332,0.38761
6451.403,0.38729
6449.475,0.38714
6447.546,0.38706
6445.617,0.38689
6443.689,0.38675
6441.760,0.38663
6439.831,0.38649
6437.903,0.38642
6435.974,0.38641
6434.045,0.38631
6432.117,0.38610
6430.188,0.38596
6428.259,0.38589
6426.331,0.38575
6424.402,0.38554
6422.473,0.38533
6420.545,0.38512
6418.616,0.38497
6416.687,0.38490
6414.759,0.38487
6412.830,0.38468
6410.901,0.38441
6408.973,0.38425
6407.044,0.38410
6405.115,0.38391
6403.187,0.38379
6401.258,0.38364
6399.329,0.38338
6397.401,0.38321
6395.472,0.38318
6393.543,0.38313
6391.615,0.38303
6389.686,0.38296
6387.757,0.38290
6385.829,0.38273
6383.900,0.38250
6381.971,0.38239
6380.043,0.38234
6378.114,0.38210
6376.185,0.38175
6374.257,0.38153
6372.328,0.38139
6370.399,0.38123
6368.471,0.38112
6366.542,0.38098
6364.613,0.38078
6362.684,0.38061
6360.756,0.38041
6358.827,0.38017
6356.898,0.38007
6354.970,0.38006
6353.041,0.37992
6351.112,0.37977
6349.184,0.37975
6347.255,0.37972
6345.326,0.37959
6343.398,0.37939
6341.469,0.37922
6339.540,0.37912
6337.612,0.37899
6335.683,0.37877
6333.754,0.37856
6331.826,0.37846
6329.897,0.37849
6327.968,0.37853
6326.040,0.37843
6324.111,0.37820
6322.182,0.37796
6320.254,0.37784
6318.325,0.37781
6316.396,0.37769
6314.468,0.37746
6312.539,0.37722
6310.610,0.37696
6308.682,0.37670
6306.753,0.37654
6304.824,0.37645
6302.896,0.37641
6300.967,0.37636
6299.038,0.37627
6297.110,0.37610
6295.181,0.37578
6293.252,0.37545
6291.324,0.37529
6289.395,0.37525
6287.466,0.37524
6285.538,0.37519
6283.609,0.37506
6281.680,0.37492
6279.752,0.37483
6277.823,0.37471
6275.894,0.37454
6273.966,0.37433
6272.037,0.37412
6270.108,0.37393
6268.180,0.37379
6266.251,0.37373
6264.322,0.37358
6262.394,0.37335
6260.465,0.37321
6258.536,0.37313
6256.608,0.37295
6254.679,0.37272
6252.750,0.37255
6250.822,0.37244
6248.893,0.37225
6246.964,0.37206
6245.036,0.37199
6243.107,0.37192
6241.178,0.37176
6239.250,0.37156
6237.321,0.37145
6235.392,0.37142
6233.464,0.37131
6231.535,0.37112
6229.606,0.37099
6227.678,0.37095
6225.749,0.37098
6223.820,0.37110
6221.892,0.37122
6219.963,0.37130
6218.034,0.37149
6216.106,0.37184
6214.177,0.37231
6212.248,0.37289
6210.320,0.37348
6208.391,0.37399
6206.462,0.37438
6204.533,0.37459
6202.605,0.37474
6200.676,0.37493
6198.747,0.37511
6196.819,0.37525
6194.890,0.37532
6192.961,0.37523
6191.033,0.37486
6189.104,0.37434
6187.175,0.37388
6185.247,0.37352
6183.318,0.37317
6181.389,0.37287
6179.461,0.37266
6177.532,0.37256
6175.603,0.37256
6173.675,0.37262
6171.746,0.37263
6169.817,0.37252
6167.889,0.37228
6165.960,0.37197
6164.031,0.37168
6162.103,0.37140
6160.174,0.37110
6158.245,0.37075
6156.317,0.37032
6154.388,0.36992
6152.459,0.36960
6150.531,0.36936
6148.602,0.36924
6146.673,0.36921
6144.745,0.36911
6142.816,0.36898
6140.887,0.36892
6138.959,0.36890
6137.030,0.36873
6135.101,0.36850
6133.173,0.36840
6131.244,0.36841
6129.315,0.36842
6127.387,0.36841
6125.458,0.36843
6123.529,0.36849
6121.601,0.36854
6119.672,0.36857
6117.743,0.36863
6115.815,0.36865
6113.886,0.36856
6111.957,0.36839
6110.029,0.36815
6108.100,0.36789
6106.171,0.36761
6104.243,0.36728
6102.314,0.36690
6100.385,0.36651
6098.457,0.36619
6096.528,0.36598
6094.599,0.36579
6092.671,0.36557
6090.742,0.36527
6088.813,0.36496
6086.885,0.36474
6084.956,0.36455
6083.027,0.36432
6081.099,0.36408
6079.170,0.36382
6077.241,0.36354
6075.313,0.36333
6073.384,0.36324
6071.455,0.36317
6069.527,0.36305
6067.598,0.36282
6065.669,0.36258
6063.741,0.36244
6061.812,0.36237
6059.883,0.36228
6057.955,0.36216
6056.026,0.36201
6054.097,0.36189
6052.169,0.36184
6050.240,0.36178
6048.311,0.36169
6046.383,0.36162
6044.454,0.36153
6042.525,0.36141
6040.596,0.36131
6038.668,0.36119
6036.739,0.36101
6034.810,0.36085
6032.882,0.36082
6030.953,0.36080
6029.024,0.36063
6027.096,0.36043
6025.167,0.36029
6023.238,0.36014
6021.310,0.35997
6019.381,0.35982
6017.452,0.35964
6015.524,0.35943
6013.595,0.35921
6011.666,0.35904
6009.738,0.35886
6007.809,0.35865
6005.880,0.35849
6003.952,0.35838
6002.023,0.35820
6000.094,0.35795
5998.166,0.35773
5996.237,0.35758
5994.308,0.35747
5992.380,0.35739
5990.451,0.35733
5988.522,0.35725
5986.594,0.35712
5984.665,0.35696
5982.736,0.35689
5980.808,0.35686
5978.879,0.35674
5976.950,0.35657
5975.022,0.35645
5973.093,0.35635
5971.164,0.35621
5969.236,0.35607
5967.307,0.35592
5965.378,0.35577
5963.450,0.35569
5961.521,0.35561
5959.592,0.35545
5957.664,0.35526
5955.735,0.35510
5953.806,0.35499
5951.878,0.35490
5949.949,0.35481
5948.020,0.35469
5946.092,0.35457
5944.163,0.35454
5942.234,0.35459
5940.306,0.35456
5938.377,0.35444
5936.448,0.35434
5934.520,0.35427
5932.591,0.35421
5930.662,0.35421
5928.734,0.35424
5926.805,0.35419
5924.876,0.35404
5922.948,0.35389
5921.019,0.35382
5919.090,0.35379
5917.162,0.35377
5915.233,0.35380
5913.304,0.35382
5911.376,0.35376
5909.447,0.35361
5907.518,0.35337
5905.590,0.35307
5903.661,0.35279
5901.732,0.35254
5899.804,0.35230
5897.875,0.35209
5895.946,0.35191
5894.018,0.35172
5892.089,0.35159
5890.160,0.35156
5888.232,0.35153
5886.303,0.35140
5884.374,0.35120
5882.445,0.35108
5880.517,0.35108
5878.588,0.35112
5876.659,0.35106
5874.731,0.35095
5872.802,0.35088
5870.873,0.35088
5868.945,0.35093
5867.016,0.35097
5865.087,0.35095
5863.159,0.35084
5861.230,0.35075
5859.301,0.35080
5857.373,0.35093
5855.444,0.35105
5853.515,0.35113
5851.587,0.35119
5849.658,0.35126
5847.729,0.35134
5845.801,0.35140
5843.872,0.35148
5841.943,0.35162
5840.015,0.35177
5838.086,0.35187
5836.157,0.35184
5834.229,0.35162
5832.300,0.35124
5830.371,0.35084
5828.443,0.35051
5826.514,0.35014
5824.585,0.34971
5822.657,0.34932
5820.728,0.34891
5818.799,0.34848
5816.871,0.34815
5814.942,0.34798
5813.013,0.34787
5811.085,0.34774
5809.156,0.34755
5807.227,0.34730
5805.299,0.34708
5803.370,0.34692
5801.441,0.34682
5799.513,0.34671
5797.584,0.34659
5795.655,0.34645
5793.727,0.34636
5791.798,0.34631
5789.869,0.34622
5787.941,0.34607
5786.012,0.34586
5784.083,0.34568
5782.155,0.34557
5780.226,0.34545
5778.297,0.34527
5776.369,0.34511
5774.440,0.34500
5772.511,0.34488
5770.583,0.34476
5768.654,0.34462
5766.725,0.34440
5764.797,0.34417
5762.868,0.34403
5760.939,0.34394
5759.011,0.34382
5757.082,0.34368
5755.153,0.34359
5753.225,0.34353
5751.296,0.34342
5749.367,0.34324
5747.439,0.34306
5745.510,0.34288
5743.581,0.34265
5741.653,0.34237
5739.724,0.34211
5737.795,0.34192
5735.867,0.34178
5733.938,0.34164
5732.009,0.34149
5730.081,0.34137
5728.152,0.34126
5726.223,0.34117
5724.295,0.34107
5722.366,0.34094
5720.437,0.34082
5718.508,0.34077
5716.580,0.34075
5714.651,0.34072
5712.722,0.34071
5710.794,0.34072
5708.865,0.34085
5706.936,0.34111
5705.008,0.34135
5703.079,0.34153
5701.150,0.34172
5699.222,0.34183
5697.293,0.34169
5695.364,0.34130
5693.436,0.34075
5691.507,0.34014
5689.578,0.33958
5687.650,0.33908
5685.721,0.33866
5683.792,0.33838
5681.864,0.33817
5679.935,0.33790
5678.006,0.33757
5676.078,0.33728
5674.149,0.33712
5672.220,0.33701
5670.292,0.33687
5668.363,0.33668
5666.434,0.33645
5664.506,0.33620
5662.577,0.33604
5660.648,0.33595
5658.720,0.33586
5656.791,0.33571
5654.862,0.33554
5652.934,0.33536
5651.005,0.33520
5649.076,0.33506
5647.148,0.33495
5645.219,0.33482
5643.290,0.33462
5641.362,0.33439
5639.433,0.33417
5637.504,0.33400
5635.576,0.33384
5633.647,0.33370
5631.718,0.33358
5629.790,0.33344
5627.861,0.33330
5625.932,0.33319
5624.004,0.33303
5622.075,0.33279
5620.146,0.33258
5618.218,0.33248
5616.289,0.33236
5614.360,0.33214
5612.432,0.33189
5610.503,0.33174
5608.574,0.33167
5606.646,0.33157
5604.717,0.33144
5602.788,0.33135
5600.860,0.33124
5598.931,0.33105
5597.002,0.33087
5595.074,0.33074
5593.145,0.33062
5591.216,0.33048
5589.288,0.33034
5587.359,0.33018
5585.430,0.33006
5583.502,0.33001
5581.573,0.32994
5579.644,0.32978
5577.716,0.32955
5575.787,0.32936
5573.858,0.32922
5571.930,0.32911
5570.001,0.32899
5568.072,0.32890
5566.144,0.32884
5564.215,0.32874
5562.286,0.32856
5560.357,0.32835
5558.429,0.32819
5556.500,0.32810
5554.571,0.32808
5552.643,0.32803
5550.714,0.32788
5548.785,0.32765
5546.857,0.32746
5544.928,0.32733
5542.999,0.32721
5541.071,0.32706
5539.142,0.32691
5537.213,0.32677
5535.285,0.32663
5533.356,0.32653
5531.427,0.32646
5529.499,0.32636
5527.570,0.32623
5525.641,0.32606
5523.713,0.32588
5521.784,0.32572
5519.855,0.32560
5517.927,0.32553
5515.998,0.32551
5514.069,0.32542
5512.141,0.32525
5510.212,0.32512
5508.283,0.32506
5506.355,0.32499
5504.426,0.32486
5502.497,0.32470
5500.569,0.32453
5498.640,0.32435
5496.711,0.32418
5494.783,0.32403
5492.854,0.32390
5490.925,0.32380
5488.997,0.32371
5487.068,0.32359
5485.139,0.32346
5483.211,0.32333
5481.282,0.32323
5479.353,0.32312
5477.425,0.32301
5475.496,0.32288
5473.567,0.32274
5471.639,0.32260
5469.710,0.32250
5467.781,0.32240
5465.853,0.32229
5463.924,0.32218
5461.995,0.32205
5460.067,0.32186
5458.138,0.32166
5456.209,0.32152
5454.281,0.32146
5452.352,0.32146
5450.423,0.32144
5448.495,0.32135
5446.566,0.32116
5444.637,0.32094
5442.709,0.32074
5440.780,0.32060
5438.851,0.32050
5436.923,0.32044
5434.994,0.32036
5433.065,0.32024
5431.137,0.32014
5429.208,0.32001
5427.279,0.31985
5425.351,0.31972
5423.422,0.31963
5421.493,0.31949
5419.565,0.31932
5417.636,0.31917
5415.707,0.31903
5413.779,0.31893
5411.850,0.31887
5409.921,0.31880
5407.993,0.31865
5406.064,0.31844
5404.135,0.31827
5402.207,0.31820
5400.278,0.31816
5398.349,0.31809
5396.420,0.31796
5394.492,0.31777
5392.563,0.31759
5390.634,0.31745
5388.706,0.31736
5386.777,0.31730
5384.848,0.31714
5382.920,0.31690
5380.991,0.31670
5379.062,0.31659
5377.134,0.31647
5375.205,0.31636
5373.276,0.31628
5371.348,0.31616
5369.419,0.31598
5367.490,0.31581
5365.562,0.31566
5363.633,0.31553
5361.704,0.31544
5359.776,0.31533
5357.847,0.31517
5355.918,0.31506
5353.990,0.31500
5352.061,0.31493
5350.132,0.31481
5348.204,0.31467
5346.275,0.31452
5344.346,0.31435
5342.418,0.31421
5340.489,0.31414
5338.560,0.31409
5336.632,0.31400
5334.703,0.31387
5332.774,0.31371
5330.846,0.31349
5328.917,0.31328
5326.988,0.31315
5325.060,0.31310
5323.131,0.31308
5321.202,0.31300
5319.274,0.31285
5317.345,0.31265
5315.416,0.31248
5313.488,0.31232
5311.559,0.31216
5309.630,0.31205
5307.702,0.31196
5305.773,0.31181
5303.844,0.31163
5301.916,0.31148
5299.987,0.31136
5298.058,0.31129
5296.130,0.31125
5294.201,0.31117
5292.272,0.31103
5290.344,0.31085
5288.415,0.31072
5286.486,0.31063
5284.558,0.31047
5282.629,0.31028
5280.700,0.31017
5278.772,0.31010
5276.843,0.30999
5274.914,0.30984
5272.986,0.30971
5271.057,0.30963
5269.128,0.30955
5267.200,0.30946
5265.271,0.30936
5263.342,0.30923
5261.414,0.30908
5259.485,0.30890
5257.556,0.30874
5255.628,0.30865
5253.699,0.30859
5251.770,0.30850
5249.842,0.30834
5247.913,0.30816
5245.984,0.30803
5244.056,0.30798
5242.127,0.30791
5240.198,0.30775
5238.269,0.30757
5236.341,0.30740
5234.412,0.30726
5232.483,0.30720
5230.555,0.30721
5228.626,0.30717
5226.697,0.30701
5224.769,0.30681
5222.840,0.30665
5220.911,0.30653
5218.983,0.30647
5217.054,0.30643
5215.125,0.30631
5213.197,0.30612
5211.268,0.30589
5209.339,0.30571
5207.411,0.30563
5205.482,0.30558
5203.553,0.30547
5201.625,0.30533
5199.696,0.30521
5197.767,0.30512
5195.839,0.30498
5193.910,0.30482
5191.981,0.30475
5190.053,0.30471
5188.124,0.30458
5186.195,0.30437
5184.267,0.30423
5182.338,0.30413
5180.409,0.30403
5178.481,0.30392
5176.552,0.30380
5174.623,0.30365
5172.695,0.30348
5170.766,0.30337
5168.837,0.30331
5166.909,0.30328
5164.980,0.30320
5163.051,0.30307
5161.123,0.30292
5159.194,0.30279
5157.265,0.30265
5155.337,0.30255
5153.408,0.30248
5151.479,0.30239
5149.551,0.30222
5147.622,0.30201
5145.693,0.30184
5143.765,0.30175
5141.836,0.30172
5139.907,0.30166
5137.979,0.30152
5136.050,0.30137
5134.121,0.30122
5132.193,0.30106
5130.264,0.30092
5128.335,0.30081
5126.407,0.30070
5124.478,0.30058
5122.549,0.30044
5120.621,0.30030
5118.692,0.30017
5116.763,0.30008
5114.835,0.30005
5112.906,0.29997
5110.977,0.29982
5109.049,0.29964
5107.120,0.29947
5105.191,0.29932
5103.263,0.29921
5101.334,0.29911
5099.405,0.29898
5097.477,0.29882
5095.548,0.29866
5093.619,0.29851
5091.691,0.29837
5089.762,0.29827
5087.833,0.29818
5085.905,0.29808
5083.976,0.29792
5082.047,0.29774
5080.119,0.29756
5078.190,0.29742
5076.261,0.29734
5074.332,0.29732
5072.404,0.29723
5070.475,0.29705
5068.546,0.29690
5066.618,0.29675
5064.689,0.29657
5062.760,0.29645
5060.832,0.29641
5058.903,0.29633
5056.974,0.29617
5055.046,0.29601
5053.117,0.29589
5051.188,0.29578
5049.260,0.29564
5047.331,0.29551
5045.402,0.29537
5043.474,0.29526
5041.545,0.29519
5039.616,0.29510
5037.688,0.29498
5035.759,0.29485
5033.830,0.29467
5031.902,0.29445
5029.973,0.29426
5028.044,0.29410
5026.116,0.29399
5024.187,0.29395
5022.258,0.29392
5020.330,0.29381
5018.401,0.29361
5016.472,0.29339
5014.544,0.29319
5012.615,0.29308
5010.686,0.29304
5008.758,0.29299
5006.829,0.29283
5004.900,0.29262
5002.972,0.29246
5001.043,0.29236
4999.114,0.29227
4997.186,0.29218
4995.257,0.29206
4993.328,0.29190
4991.400,0.29170
4989.471,0.29153
4987.542,0.29140
4985.614,0.29134
4983.685,0.29130
4981.756,0.29119
4979.828,0.29102
4977.899,0.29086
4975.970,0.29074
4974.042,0.29064
4972.113,0.29055
4970.184,0.29044
4968.256,0.29030
4966.327,0.29017
4964.398,0.29005
4962.470,0.28997
4960.541,0.28990
4958.612,0.28980
4956.684,0.28965
4954.755,0.28946
4952.826,0.28932
4950.898,0.28923
4948.969,0.28914
4947.040,0.28903
4945.112,0.28891
4943.183,0.28873
4941.254,0.28854
4939.326,0.28839
4937.397,0.28828
4935.468,0.28820
4933.540,0.28815
4931.611,0.28810
4929.682,0.28798
4927.754,0.28781
4925.825,0.28765
4923.896,0.28753
4921.968,0.28742
4920.039,0.28730
4918.110,0.28717
4916.181,0.28702
4914.253,0.28688
4912.324,0.28678
4910.395,0.28670
4908.467,0.28662
4906.538,0.28653
4904.609,0.28639
4902.681,0.28619
4900.752,0.28600
4898.823,0.28587
4896.895,0.28578
4894.966,0.28567
4893.037,0.28556
4891.109,0.28547
4889.180,0.28538
4887.251,0.28525
4885.323,0.28510
4883.394,0.28499
4881.465,0.28491
4879.537,0.28478
4877.608,0.28455
4875.679,0.28436
4873.751,0.28427
4871.822,0.28419
4869.893,0.28407
4867.965,0.28395
4866.036,0.28381
4864.107,0.28367
4862.179,0.28351
4860.250,0.28334
4858.321,0.28316
4856.393,0.28299
4854.464,0.28287
4852.535,0.28278
4850.607,0.28265
4848.678,0.28250
4846.749,0.28239
4844.821,0.28231
4842.892,0.28223
4840.963,0.28215
4839.035,0.28202
4837.106,0.28186
4835.177,0.28171
4833.249,0.28159
4831.320,0.28149
4829.391,0.28142
4827.463,0.28136
4825.534,0.28127
4823.605,0.28113
4821.677,0.28098
4819.748,0.28083
4817.819,0.28072
4815.891,0.28062
4813.962,0.28051
4812.033,0.28037
4810.105,0.28023
4808.176,0.28008
4806.247,0.27994
4804.319,0.27982
4802.390,0.27974
4800.461,0.27965
4798.533,0.27951
4796.604,0.27934
4794.675,0.27922
4792.747,0.27914
4790.818,0.27905
4788.889,0.27894
4786.961,0.27881
4785.032,0.27866
4783.103,0.27852
4781.175,0.27842
4779.246,0.27834
4777.317,0.27823
4775.389,0.27808
4773.460,0.27793
4771.531,0.27778
4769.603,0.27764
4767.674,0.27752
4765.745,0.27742
4763.817,0.27733
4761.888,0.27725
4759.959,0.27717
4758.031,0.27703
4756.102,0.27684
4754.173,0.27668
4752.244,0.27658
4750.316,0.27648
4748.387,0.27635
4746.458,0.27621
4744.530,0.27608
4742.601,0.27601
4740.672,0.27595
4738.744,0.27582
4736.815,0.27566
4734.886,0.27551
4732.958,0.27534
4731.029,0.27516
4729.100,0.27502
4727.172,0.27493
4725.243,0.27483
4723.314,0.27470
4721.386,0.27461
4719.457,0.27455
4717.528,0.27448
4715.600,0.27436
4713.671,0.27421
4711.742,0.27410
4709.814,0.27403
4707.885,0.27395
4705.956,0.27388
4704.028,0.27382
4702.099,0.27374
4700.170,0.27363
4698.242,0.27351
4696.313,0.27339
4694.384,0.27325
4692.456,0.27309
4690.527,0.27294
4688.598,0.27282
4686.670,0.27274
4684.741,0.27265
4682.812,0.27252
4680.884,0.27233
4678.955,0.27214
4677.026,0.27201
4675.098,0.27192
4673.169,0.27181
4671.240,0.27167
4669.312,0.27155
4667.383,0.27145
4665.454,0.27133
4663.526,0.27118
4661.597,0.27106
4659.668,0.27096
4657.740,0.27086
4655.811,0.27074
4653.882,0.27064
4651.954,0.27059
4650.025,0.27055
4648.096,0.27044
4646.168,0.27030
4644.239,0.27020
4642.310,0.27008
4640.382,0.26992
4638.453,0.26980
4636.524,0.26969
4634.596,0.26954
4632.667,0.26938
4630.738,0.26924
4628.810,0.26914
4626.881,0.26905
4624.952,0.26895
4623.024,0.26884
4621.095,0.26869
4619.166,0.26855
4617.238,0.26846
4615.309,0.26832
4613.380,0.26817
4611.452,0.26804
4609.523,0.26794
4607.594,0.26784
4605.666,0.26775
4603.737,0.26765
4601.808,0.26756
4599.880,0.26746
4597.951,0.26736
4596.022,0.26725
4594.093,0.26713
4592.165,0.26705
4590.236,0.26698
4588.307,0.26690
4586.379,0.26685
4584.450,0.26683
4582.521,0.26680
4580.593,0.26675
4578.664,0.26670
4576.735,0.26665
4574.807,0.26661
4572.878,0.26657
4570.949,0.26645
4569.021,0.26625
4567.092,0.26608
4565.163,0.26594
4563.235,0.26581
4561.306,0.26565
4559.377,0.26544
4557.449,0.26525
4555.520,0.26511
4553.591,0.26498
4551.663,0.26484
4549.734,0.26474
4547.805,0.26465
4545.877,0.26451
4543.948,0.26432
4542.019,0.26415
4540.091,0.26402
4538.162,0.26390
4536.233,0.26372
4534.305,0.26355
4532.376,0.26343
4530.447,0.26332
4528.519,0.26320
4526.590,0.26310
4524.661,0.26302
4522.733,0.26295
4520.804,0.26287
4518.875,0.26272
4516.947,0.26260
4515.018,0.26256
4513.089,0.26254
4511.161,0.26249
4509.232,0.26243
4507.303,0.26236
4505.375,0.26222
4503.446,0.26208
4501.517,0.26198
4499.589,0.26189
4497.660,0.26178
4495.731,0.26167
4493.803,0.26155
4491.874,0.26142
4489.945,0.26128
4488.017,0.26114
4486.088,0.26102
4484.159,0.26091
4482.231,0.26082
4480.302,0.26073
4478.373,0.26062
4476.445,0.26051
4474.516,0.26044
4472.587,0.26038
4470.659,0.26031
4468.730,0.26022
4466.801,0.26016
4464.873,0.26016
4462.944,0.26024
4461.015,0.26032
4459.087,0.26037
4457.158,0.26042
4455.229,0.26046
4453.301,0.26043
4451.372,0.26033
4449.443,0.26021
4447.515,0.26004
4445.586,0.25980
4443.657,0.25955
4441.729,0.25930
4439.800,0.25905
4437.871,0.25884
4435.943,0.25871
4434.014,0.25859
4432.085,0.25845
4430.156,0.25834
4428.228,0.25824
4426.299,0.25811
4424.370,0.25794
4422.442,0.25780
4420.513,0.25769
4418.584,0.25760
4416.656,0.25749
4414.727,0.25735
4412.798,0.25723
4410.870,0.25714
4408.941,0.25703
4407.012,0.25689
4405.084,0.25675
4403.155,0.25664
4401.226,0.25653
4399.298,0.25642
4397.369,0.25632
4395.440,0.25622
4393.512,0.25611
4391.583,0.25605
4389.654,0.25606
4387.726,0.25607
4385.797,0.25608
4383.868,0.25613
4381.940,0.25619
4380.011,0.25618
4378.082,0.25610
4376.154,0.25597
4374.225,0.25582
4372.296,0.25570
4370.368,0.25554
4368.439,0.25530
4366.510,0.25503
4364.582,0.25481
4362.653,0.25463
4360.724,0.25446
4358.796,0.25432
4356.867,0.25419
4354.938,0.25404
4353.010,0.25388
4351.081,0.25372
4349.152,0.25356
4347.224,0.25349
4345.295,0.25350
4343.366,0.25346
4341.438,0.25338
4339.509,0.25332
4337.580,0.25327
4335.652,0.25322
4333.723,0.25321
4331.794,0.25324
4329.866,0.25330
4327.937,0.25340
4326.008,0.25353
4324.080,0.25361
4322.151,0.25351
4320.222,0.25318
4318.294,0.25269
4316.365,0.25220
4314.436,0.25182
4312.508,0.25154
4310.579,0.25129
4308.650,0.25114
4306.722,0.25113
4304.793,0.25111
4302.864,0.25103
4300.936,0.25096
4299.007,0.25087
4297.078,0.25074
4295.150,0.25061
4293.221,0.25052
4291.292,0.25038
4289.364,0.25018
4287.435,0.24998
4285.506,0.24982
4283.578,0.24970
4281.649,0.24966
4279.720,0.24968
4277.792,0.24969
4275.863,0.24973
4273.934,0.24982
4272.005,0.24988
4270.077,0.24988
4268.148,0.24986
4266.219,0.24982
4264.291,0.24973
4262.362,0.24958
4260.433,0.24940
4258.505,0.24926
4256.576,0.24920
4254.647,0.24920
4252.719,0.24911
4250.790,0.24886
4248.861,0.24852
4246.933,0.24814
4245.004,0.24778
4243.075,0.24752
4241.147,0.24735
4239.218,0.24721
4237.289,0.24708
4235.361,0.24697
4233.432,0.24688
4231.503,0.24680
4229.575,0.24677
4227.646,0.24675
4225.717,0.24666
4223.789,0.24651
4221.860,0.24635
4219.931,0.24617
4218.003,0.24598
4216.074,0.24578
4214.145,0.24558
4212.217,0.24538
4210.288,0.24523
4208.359,0.24508
4206.431,0.24493
4204.502,0.24483
4202.573,0.24479
4200.645,0.24472
4198.716,0.24463
4196.787,0.24457
4194.859,0.24456
4192.930,0.24457
4191.001,0.24467
4189.073,0.24480
4187.144,0.24489
4185.215,0.24490
4183.287,0.24488
4181.358,0.24481
4179.429,0.24471
4177.501,0.24461
4175.572,0.24449
4173.643,0.24432
4171.715,0.24409
4169.786,0.24384
4167.857,0.24360
4165.929,0.24341
4164.000,0.24322
4162.071,0.24301
4160.143,0.24277
4158.214,0.24252
4156.285,0.24228
4154.357,0.24210
4152.428,0.24199
4150.499,0.24189
4148.571,0.24173
4146.642,0.24153
4144.713,0.24136
4142.785,0.24122
4140.856,0.24111
4138.927,0.24104
4136.999,0.24094
4135.070,0.24078
4133.141,0.24059
4131.213,0.24042
4129.284,0.24024
4127.355,0.24009
4125.427,0.23996
4123.498,0.23981
4121.569,0.23962
4119.641,0.23943
4117.712,0.23927
4115.783,0.23914
4113.855,0.23905
4111.926,0.23899
4109.997,0.23890
4108.068,0.23877
4106.140,0.23864
4104.211,0.23853
4102.282,0.23845
4100.354,0.23839
4098.425,0.23834
4096.496,0.23821
4094.568,0.23803
4092.639,0.23784
4090.710,0.23766
4088.782,0.23748
4086.853,0.23731
4084.924,0.23714
4082.996,0.23695
4081.067,0.23673
4079.138,0.23650
4077.210,0.23631
4075.281,0.23621
4073.352,0.23617
4071.424,0.23611
4069.495,0.23599
4067.566,0.23584
4065.638,0.23573
4063.709,0.23565
4061.780,0.23563
4059.852,0.23562
4057.923,0.23561
4055.994,0.23558
4054.066,0.23554
4052.137,0.23550
4050.208,0.23546
4048.280,0.23546
4046.351,0.23546
4044.422,0.23544
4042.494,0.23538
4040.565,0.23529
4038.636,0.23520
4036.708,0.23512
4034.779,0.23502
4032.850,0.23487
4030.922,0.23467
4028.993,0.23443
4027.064,0.23420
4025.136,0.23400
4023.207,0.23386
4021.278,0.23372
4019.350,0.23352
4017.421,0.23325
4015.492,0.23300
4013.564,0.23282
4011.635,0.23272
4009.706,0.23270
4007.778,0.23268
4005.849,0.23268
4003.920,0.23272
4001.992,0.23282
4000.063,0.23295
3998.134,0.23309
3996.206,0.23317
3994.277,0.23312
3992.348,0.23294
3990.420,0.23270
3988.491,0.23245
3986.562,0.23222
3984.634,0.23205
3982.705,0.23195
3980.776,0.23184
3978.848,0.23171
3976.919,0.23159
3974.990,0.23152
3973.062,0.23143
3971.133,0.23131
3969.204,0.23114
3967.276,0.23094
3965.347,0.23068
3963.418,0.23037
3961.490,0.23007
3959.561,0.22981
3957.632,0.22958
3955.704,0.22935
3953.775,0.22909
3951.846,0.22883
3949.917,0.22860
3947.989,0.22842
3946.060,0.22828
3944.131,0.22816
3942.203,0.22803
3940.274,0.22786
3938.345,0.22766
3936.417,0.22750
3934.488,0.22742
3932.559,0.22739
3930.631,0.22734
3928.702,0.22726
3926.773,0.22715
3924.845,0.22700
3922.916,0.22683
3920.987,0.22672
3919.059,0.22664
3917.130,0.22651
3915.201,0.22632
3913.273,0.22612
3911.344,0.22591
3909.415,0.22576
3907.487,0.22572
3905.558,0.22573
3903.629,0.22568
3901.701,0.22555
3899.772,0.22539
3897.843,0.22525
3895.915,0.22516
3893.986,0.22517
3892.057,0.22519
3890.129,0.22514
3888.200,0.22503
3886.271,0.22486
3884.343,0.22461
3882.414,0.22441
3880.485,0.22428
3878.557,0.22415
3876.628,0.22401
3874.699,0.22390
3872.771,0.22378
3870.842,0.22366
3868.913,0.22352
3866.985,0.22341
3865.056,0.22333
3863.127,0.22320
3861.199,0.22297
3859.270,0.22274
3857.341,0.22268
3855.413,0.22279
3853.484,0.22278
3851.555,0.22255
3849.627,0.22225
3847.698,0.22200
3845.769,0.22182
3843.841,0.22174
3841.912,0.22172
3839.983,0.22170
3838.055,0.22160
3836.126,0.22141
3834.197,0.22119
3832.269,0.22099
3830.340,0.22085
3828.411,0.22075
3826.483,0.22064
3824.554,0.22057
3822.625,0.22053
3820.697,0.22042
3818.768,0.22029
3816.839,0.22025
3814.911,0.22017
3812.982,0.22001
3811.053,0.21985
3809.125,0.21968
3807.196,0.21946
3805.267,0.21928
3803.339,0.21924
3801.410,0.21920
3799.481,0.21906
3797.553,0.21886
3795.624,0.21863
3793.695,0.21840
3791.767,0.21826
3789.838,0.21823
3787.909,0.21816
3785.980,0.21800
3784.052,0.21782
3782.123,0.21766
3780.194,0.21754
3778.266,0.21745
3776.337,0.21735
3774.408,0.21724
3772.480,0.21714
3770.551,0.21700
3768.622,0.21682
3766.694,0.21668
3764.765,0.21661
3762.836,0.21653
3760.908,0.21642
3758.979,0.21627
3757.050,0.21609
3755.122,0.21593
3753.193,0.21587
3751.264,0.21586
3749.336,0.21576
3747.407,0.21565
3745.478,0.21557
3743.550,0.21534
3741.621,0.21502
3739.692,0.21487
3737.764,0.21490
3735.835,0.21487
3733.906,0.21471
3731.978,0.21448
3730.049,0.21423
3728.120,0.21406
3726.192,0.21404
3724.263,0.21404
3722.334,0.21394
3720.406,0.21379
3718.477,0.21362
3716.548,0.21347
3714.620,0.21343
3712.691,0.21349
3710.762,0.21347
3708.834,0.21331
3706.905,0.21313
3704.976,0.21300
3703.048,0.21289
3701.119,0.21283
3699.190,0.21282
3697.262,0.21277
3695.333,0.21264
3693.404,0.21251
3691.476,0.21241
3689.547,0.21232
3687.618,0.21226
3685.690,0.21224
3683.761,0.21224
3681.832,0.21228
3679.904,0.21233
3677.975,0.21238
3676.046,0.21243
3674.118,0.21251
3672.189,0.21263
3670.260,0.21269
3668.332,0.21266
3666.403,0.21258
3664.474,0.21252
3662.546,0.21258
3660.617,0.21276
3658.688,0.21294
3656.760,0.21303
3654.831,0.21309
3652.902,0.21317
3650.974,0.21330
3649.045,0.21347
3647.116,0.21361
3645.188,0.21368
3643.259,0.21373
3641.330,0.21379
3639.402,0.21383
3637.473,0.21390
3635.544,0.21407
3633.616,0.21428
3631.687,0.21448
3629.758,0.21465
3627.830,0.21467
3625.901,0.21460
3623.972,0.21463
3622.043,0.21487
3620.115,0.21514
3618.186,0.21529
3616.257,0.21542
3614.329,0.21559
3612.400,0.21577
3610.471,0.21599
3608.543,0.21626
3606.614,0.21645
3604.685,0.21656
3602.757,0.21664
3600.828,0.21666
3598.899,0.21670
3596.971,0.21686
3595.042,0.21705
3593.113,0.21713
3591.185,0.21717
3589.256,0.21726
3587.327,0.21730
3585.399,0.21733
3583.470,0.21748
3581.541,0.21769
3579.613,0.21781
3577.684,0.21788
3575.755,0.21796
3573.827,0.21802
3571.898,0.21817
3569.969,0.21845
3568.041,0.21871
3566.112,0.21883
3564.183,0.21888
3562.255,0.21891
3560.326,0.21896
3558.397,0.21911
3556.469,0.21935
3554.540,0.21952
3552.611,0.21962
3550.683,0.21970
3548.754,0.21976
3546.825,0.21984
3544.897,0.22000
3542.968,0.22017
3541.039,0.22027
3539.111,0.22031
3537.182,0.22035
3535.253,0.22037
3533.325,0.22046
3531.396,0.22067
3529.467,0.22086
3527.539,0.22094
3525.610,0.22098
3523.681,0.22100
3521.753,0.22099
3519.824,0.22108
3517.895,0.22128
3515.967,0.22142
3514.038,0.22146
3512.109,0.22148
3510.181,0.22147
3508.252,0.22148
3506.323,0.22162
3504.395,0.22180
3502.466,0.22185
3500.537,0.22183
3498.609,0.22182
3496.680,0.22182
3494.751,0.22185
3492.823,0.22197
3490.894,0.22209
3488.965,0.22210
3487.037,0.22207
3485.108,0.22205
3483.179,0.22201
3481.251,0.22203
3479.322,0.22215
3477.393,0.22226
3475.465,0.22225
3473.536,0.22220
3471.607,0.22214
3469.679,0.22211
3467.750,0.22219
3465.821,0.22235
3463.892,0.22239
3461.964,0.22232
3460.035,0.22221
3458.106,0.22208
3456.178,0.22202
3454.249,0.22210
3452.320,0.22217
3450.392,0.22209
3448.463,0.22192
3446.534,0.22171
3444.606,0.22148
3442.677,0.22132
3440.748,0.22129
3438.820,0.22124
3436.891,0.22108
3434.962,0.22090
3433.034,0.22070
3431.105,0.22048
3429.176,0.22035
3427.248,0.22031
3425.319,0.22018
3423.390,0.21993
3421.462,0.21966
3419.533,0.21938
3417.604,0.21912
3415.676,0.21897
3413.747,0.21884
3411.818,0.21859
3409.890,0.21825
3407.961,0.21793
3406.032,0.21758
3404.104,0.21725
3402.175,0.21701
3400.246,0.21674
3398.318,0.21636
3396.389,0.21596
3394.460,0.21560
3392.532,0.21522
3390.603,0.21488
3388.674,0.21468
3386.746,0.21443
3384.817,0.21405
3382.888,0.21364
3380.960,0.21324
3379.031,0.21287
3377.102,0.21256
3375.174,0.21228
3373.245,0.21188
3371.316,0.21142
3369.388,0.21102
3367.459,0.21061
3365.530,0.21021
3363.602,0.20990
3361.673,0.20958
3359.744,0.20913
3357.816,0.20864
3355.887,0.20819
3353.958,0.20775
3352.030,0.20735
3350.101,0.20707
3348.172,0.20677
3346.244,0.20634
3344.315,0.20590
3342.386,0.20549
3340.458,0.20507
3338.529,0.20471
3336.600,0.20444
3334.672,0.20411
3332.743,0.20367
3330.814,0.20326
3328.886,0.20288
3326.957,0.20250
3325.028,0.20219
3323.100,0.20193
3321.171,0.20158
3319.242,0.20117
3317.314,0.20081
3315.385,0.20047
3313.456,0.20015
3311.528,0.19993
3309.599,0.19972
3307.670,0.19937
3305.742,0.19900
3303.813,0.19870
3301.884,0.19842
3299.955,0.19816
3298.027,0.19796
3296.098,0.19772
3294.169,0.19739
3292.241,0.19708
3290.312,0.19682
3288.383,0.19655
3286.455,0.19630
3284.526,0.19609
3282.597,0.19581
3280.669,0.19547
3278.740,0.19515
3276.811,0.19485
3274.883,0.19455
3272.954,0.19431
3271.025,0.19405
3269.097,0.19369
3267.168,0.19333
3265.239,0.19302
3263.311,0.19268
3261.382,0.19233
3259.453,0.19206
3257.525,0.19175
3255.596,0.19137
3253.667,0.19100
3251.739,0.19065
3249.810,0.19024
3247.881,0.18982
3245.953,0.18944
3244.024,0.18896
3242.095,0.18841
3240.167,0.18794
3238.238,0.18753
3236.309,0.18714
3234.381,0.18687
3232.452,0.18674
3230.523,0.18664
3228.595,0.18659
3226.666,0.18662
3224.737,0.18660
3222.809,0.18651
3220.880,0.18644
3218.951,0.18631
3217.023,0.18599
3215.094,0.18558
3213.165,0.18515
3211.237,0.18471
3209.308,0.18433
3207.379,0.18404
3205.451,0.18377
3203.522,0.18352
3201.593,0.18336
3199.665,0.18324
3197.736,0.18306
3195.807,0.18285
3193.879,0.18259
3191.950,0.18221
3190.021,0.18177
3188.093,0.18141
3186.164,0.18108
3184.235,0.18073
3182.307,0.18044
3180.378,0.18015
3178.449,0.17977
3176.521,0.17941
3174.592,0.17914
3172.663,0.17888
3170.735,0.17862
3168.806,0.17844
3166.877,0.17824
3164.949,0.17797
3163.020,0.17774
3161.091,0.17757
3159.163,0.17738
3157.234,0.17725
3155.305,0.17719
3153.377,0.17710
3151.448,0.17695
3149.519,0.17682
3147.591,0.17665
3145.662,0.17635
3143.733,0.17596
3141.804,0.17547
3139.876,0.17487
3137.947,0.17427
3136.018,0.17379
3134.090,0.17332
3132.161,0.17281
3130.232,0.17237
3128.304,0.17197
3126.375,0.17153
3124.446,0.17115
3122.518,0.17091
3120.589,0.17082
3118.660,0.17106
3116.732,0.17193
3114.803,0.17389
3112.874,0.17783
3110.946,0.18561
3109.017,0.19977
3107.088,0.22196
3105.160,0.25013
3103.231,0.27834
3101.302,0.30208
3099.374,0.32095
3097.445,0.33167
3095.516,0.32800
3093.588,0.31300
3091.659,0.29853
3089.730,0.29220
3087.802,0.29293
3085.873,0.29474
3083.944,0.29197
3082.016,0.28336
3080.087,0.27185
3078.158,0.26096
3076.230,0.25268
3074.301,0.24767
3072.372,0.24575
3070.444,0.24621
3068.515,0.24821
3066.586,0.25149
3064.658,0.25632
3062.729,0.26288
3060.800,0.27064
3058.872,0.27783
3056.943,0.28164
3055.014,0.27992
3053.086,0.27282
3051.157,0.26224
3049.228,0.25047
3047.300,0.23931
3045.371,0.22973
3043.442,0.22195
3041.514,0.21586
3039.585,0.21125
3037.656,0.20778
3035.728,0.20520
3033.799,0.20336
3031.870,0.20219
3029.942,0.20166
3028.013,0.20192
3026.084,0.20306
3024.156,0.20496
3022.227,0.20736
3020.298,0.20992
3018.370,0.21219
3016.441,0.21368
3014.512,0.21423
3012.584,0.21382
3010.655,0.21244
3008.726,0.21024
3006.798,0.20755
3004.869,0.20477
3002.940,0.20225
3001.012,0.20018
2999.083,0.19851
2997.154,0.19713
2995.226,0.19603
2993.297,0.19514
2991.368,0.19439
2989.440,0.19385
2987.511,0.19357
2985.582,0.19348
2983.654,0.19358
2981.725,0.19393
2979.796,0.19454
2977.867,0.19541
2975.939,0.19669
2974.010,0.19840
2972.081,0.20051
2970.153,0.20309
2968.224,0.20620
2966.295,0.20983
2964.367,0.21417
2962.438,0.21939
2960.509,0.22515
2958.581,0.23038
2956.652,0.23341
2954.723,0.23269
2952.795,0.22829
2950.866,0.22223
2948.937,0.21694
2947.009,0.21363
2945.080,0.21238
2943.151,0.21290
2941.223,0.21485
2939.294,0.21800
2937.365,0.22236
2935.437,0.22790
2933.508,0.23451
2931.579,0.24228
2929.651,0.25142
2927.722,0.26226
2925.793,0.27525
2923.865,0.29060
2921.936,0.30740
2920.007,0.32284
2918.079,0.33127
2916.150,0.32621
2914.221,0.30793
2912.293,0.28555
2910.364,0.26745
2908.435,0.25551
2906.507,0.24816
2904.578,0.24375
2902.649,0.24113
2900.721,0.23954
2898.792,0.23857
2896.863,0.23790
2894.935,0.23723
2893.006,0.23648
2891.077,0.23564
2889.149,0.23466
2887.220,0.23359
2885.291,0.23257
2883.363,0.23161
2881.434,0.23069
2879.505,0.22986
2877.577,0.22893
2875.648,0.22748
2873.719,0.22521
2871.791,0.22212
2869.862,0.21864
2867.933,0.21565
2866.005,0.21405
2864.076,0.21422
2862.147,0.21615
2860.219,0.21985
2858.290,0.22566
2856.361,0.23478
2854.433,0.24934
2852.504,0.26961
2850.575,0.28770
2848.647,0.28921
2846.718,0.27101
2844.789,0.24631
2842.861,0.22666
2840.932,0.21385
2839.003,0.20562
2837.075,0.20001
2835.146,0.19607
2833.217,0.19342
2831.289,0.19167
2829.360,0.19047
2827.431,0.18957
2825.503,0.18862
2823.574,0.18732
2821.645,0.18576
2819.716,0.18411
2817.788,0.18241
2815.859,0.18074
2813.930,0.17920
2812.002,0.17774
2810.073,0.17630
2808.144,0.17497
2806.216,0.17374
2804.287,0.17253
2802.358,0.17144
2800.430,0.17055
2798.501,0.16975
2796.572,0.16910
2794.644,0.16869
2792.715,0.16842
2790.786,0.16816
2788.858,0.16794
2786.929,0.16768
2785.000,0.16724
2783.072,0.16677
2781.143,0.16648
2779.214,0.16630
2777.286,0.16621
2775.357,0.16622
2773.428,0.16610
2771.500,0.16565
2769.571,0.16507
2767.642,0.16448
2765.714,0.16378
2763.785,0.16314
2761.856,0.16273
2759.928,0.16247
2757.999,0.16231
2756.070,0.16233
2754.142,0.16237
2752.213,0.16225
2750.284,0.16209
2748.356,0.16191
2746.427,0.16161
2744.498,0.16132
2742.570,0.16115
2740.641,0.16089
2738.712,0.16050
2736.784,0.16019
2734.855,0.15995
2732.926,0.15965
2730.998,0.15942
2729.069,0.15931
2727.140,0.15911
2725.212,0.15890
2723.283,0.15881
2721.354,0.15874
2719.426,0.15862
2717.497,0.15864
2715.568,0.15878
2713.640,0.15888
2711.711,0.15904
2709.782,0.15934
2707.854,0.15956
2705.925,0.15969
2703.996,0.15982
2702.068,0.15970
2700.139,0.15911
2698.210,0.15820
2696.282,0.15713
2694.353,0.15590
2692.424,0.15476
2690.496,0.15390
2688.567,0.15314
2686.638,0.15244
2684.710,0.15196
2682.781,0.15162
2680.852,0.15127
2678.924,0.15108
2676.995,0.15102
2675.066,0.15086
2673.138,0.15067
2671.209,0.15058
2669.280,0.15045
2667.352,0.15026
2665.423,0.15021
2663.494,0.15017
2661.566,0.14998
2659.637,0.14980
2657.708,0.14969
2655.779,0.14944
2653.851,0.14913
2651.922,0.14899
2649.993,0.14886
2648.065,0.14870
2646.136,0.14872
2644.207,0.14881
2642.279,0.14877
2640.350,0.14876
2638.421,0.14889
2636.493,0.14888
2634.564,0.14874
2632.635,0.14864
2630.707,0.14841
2628.778,0.14796
2626.849,0.14757
2624.921,0.14730
2622.992,0.14699
2621.063,0.14679
2619.135,0.14680
2617.206,0.14680
2615.277,0.14679
2613.349,0.14689
2611.420,0.14683
2609.491,0.14644
2607.563,0.14599
2605.634,0.14559
2603.705,0.14508
2601.777,0.14466
2599.848,0.14450
2597.919,0.14440
2595.991,0.14431
2594.062,0.14439
2592.133,0.14447
2590.205,0.14438
2588.276,0.14433
2586.347,0.14443
2584.419,0.14449
2582.490,0.14463
2580.561,0.14499
2578.633,0.14529
2576.704,0.14541
2574.775,0.14558
2572.847,0.14566
2570.918,0.14547
2568.989,0.14526
2567.061,0.14519
2565.132,0.14505
2563.203,0.14489
2561.275,0.14487
2559.346,0.14478
2557.417,0.14447
2555.489,0.14413
2553.560,0.14367
2551.631,0.14292
2549.703,0.14219
2547.774,0.14168
2545.845,0.14116
2543.917,0.14064
2541.988,0.14035
2540.059,0.14015
2538.131,0.13993
2536.202,0.13994
2534.273,0.14015
2532.345,0.14028
2530.416,0.14046
2528.487,0.14078
2526.559,0.14099
2524.630,0.14105
2522.701,0.14105
2520.773,0.14073
2518.844,0.13997
2516.915,0.13918
2514.987,0.13854
2513.058,0.13785
2511.129,0.13726
2509.201,0.13693
2507.272,0.13660
2505.343,0.13619
2503.415,0.13593
2501.486,0.13572
2499.557,0.13543
2497.628,0.13533
2495.700,0.13547
2493.771,0.13555
2491.842,0.13562
2489.914,0.13584
2487.985,0.13598
2486.056,0.13601
2484.128,0.13619
2482.199,0.13639
2480.270,0.13635
2478.342,0.13625
2476.413,0.13623
2474.484,0.13607
2472.556,0.13589
2470.627,0.13589
2468.698,0.13585
2466.770,0.13565
2464.841,0.13556
2462.912,0.13557
2460.984,0.13548
2459.055,0.13547
2457.126,0.13563
2455.198,0.13568
2453.269,0.13563
2451.340,0.13570
2449.412,0.13574
2447.483,0.13566
2445.554,0.13575
2443.626,0.13597
2441.697,0.13600
2439.768,0.13591
2437.840,0.13579
2435.911,0.13537
2433.982,0.13475
2432.054,0.13428
2430.125,0.13392
2428.196,0.13353
2426.268,0.13332
2424.339,0.13322
2422.410,0.13297
2420.482,0.13274
2418.553,0.13275
2416.624,0.13273
2414.696,0.13263
2412.767,0.13268
2410.838,0.13274
2408.910,0.13261
2406.981,0.13260
2405.052,0.13289
2403.124,0.13324
2401.195,0.13342
2399.266,0.13317
2397.338,0.13227
2395.409,0.13111
2393.480,0.13030
2391.552,0.12981
2389.623,0.12935
2387.694,0.12904
2385.766,0.12890
2383.837,0.12870
2381.908,0.12853
2379.980,0.12862
2378.051,0.12872
2376.122,0.12868
2374.194,0.12872
2372.265,0.12881
2370.336,0.12874
2368.408,0.12862
2366.479,0.12847
2364.550,0.12809
2362.622,0.12764
2360.693,0.12741
2358.764,0.12724
2356.836,0.12699
2354.907,0.12687
2352.978,0.12675
2351.050,0.12635
2349.121,0.12587
2347.192,0.12555
2345.264,0.12524
2343.335,0.12504
2341.406,0.12513
2339.478,0.12521
2337.549,0.12502
2335.620,0.12480
2333.691,0.12457
2331.763,0.12417
2329.834,0.12381
2327.905,0.12363
2325.977,0.12336
2324.048,0.12301
2322.119,0.12283
2320.191,0.12267
2318.262,0.12239
2316.333,0.12225
2314.405,0.12225
2312.476,0.12216
2310.547,0.12212
2308.619,0.12231
2306.690,0.12253
2304.761,0.12278
2302.833,0.12327
2300.904,0.12372
2298.975,0.12391
2297.047,0.12411
2295.118,0.12439
2293.189,0.12447
2291.261,0.12442
2289.332,0.12431
2287.403,0.12384
2285.475,0.12304
2283.546,0.12232
2281.617,0.12168
2279.689,0.12101
2277.760,0.12056
2275.831,0.12033
2273.903,0.11999
2271.974,0.11963
2270.045,0.11948
2268.117,0.11930
2266.188,0.11906
2264.259,0.11904
2262.331,0.11907
2260.402,0.11887
2258.473,0.11866
2256.545,0.11850
2254.616,0.11810
2252.687,0.11765
2250.759,0.11739
2248.830,0.11714
2246.901,0.11678
2244.973,0.11655
2243.044,0.11632
2241.115,0.11589
2239.187,0.11554
2237.258,0.11533
2235.329,0.11498
2233.401,0.11455
2231.472,0.11430
2229.543,0.11403
2227.615,0.11364
2225.686,0.11342
2223.757,0.11325
2221.829,0.11289
2219.900,0.11260
2217.971,0.11249
2216.043,0.11225
2214.114,0.11196
2212.185,0.11190
2210.257,0.11183
2208.328,0.11158
2206.399,0.11145
2204.471,0.11138
2202.542,0.11114
2200.613,0.11095
2198.685,0.11092
2196.756,0.11071
2194.827,0.11037
2192.899,0.11019
2190.970,0.10997
2189.041,0.10960
2187.113,0.10939
2185.184,0.10930
2183.255,0.10906
2181.327,0.10894
2179.398,0.10912
2177.469,0.10922
2175.540,0.10917
2173.612,0.10914
2171.683,0.10888
2169.754,0.10827
2167.826,0.10782
2165.897,0.10759
2163.968,0.10723
2162.040,0.10693
2160.111,0.10690
2158.182,0.10676
2156.254,0.10652
2154.325,0.10652
2152.396,0.10654
2150.468,0.10634
2148.539,0.10624
2146.610,0.10622
2144.682,0.10590
2142.753,0.10550
2140.824,0.10532
2138.896,0.10508
2136.967,0.10473
2135.038,0.10465
2133.110,0.10465
2131.181,0.10443
2129.252,0.10435
2127.324,0.10449
2125.395,0.10447
2123.466,0.10444
2121.538,0.10465
2119.609,0.10474
2117.680,0.10459
2115.752,0.10462
2113.823,0.10468
2111.894,0.10447
2109.966,0.10433
2108.037,0.10431
2106.108,0.10393
2104.180,0.10339
2102.251,0.10310
2100.322,0.10278
2098.394,0.10230
2096.465,0.10210
2094.536,0.10201
2092.608,0.10164
2090.679,0.10134
2088.750,0.10131
2086.822,0.10113
2084.893,0.10089
2082.964,0.10093
2081.036,0.10086
2079.107,0.10045
2077.178,0.10016
2075.250,0.09998
2073.321,0.09955
2071.392,0.09921
2069.464,0.09919
2067.535,0.09896
2065.606,0.09856
2063.678,0.09840
2061.749,0.09819
2059.820,0.09769
2057.892,0.09743
2055.963,0.09736
2054.034,0.09700
2052.106,0.09669
2050.177,0.09675
2048.248,0.09661
2046.320,0.09623
2044.391,0.09614
2042.462,0.09605
2040.534,0.09561
2038.605,0.09533
2036.676,0.09528
2034.748,0.09498
2032.819,0.09471
2030.890,0.09483
2028.962,0.09480
2027.033,0.09452
2025.104,0.09455
2023.176,0.09461
2021.247,0.09428
2019.318,0.09408
2017.390,0.09411
2015.461,0.09378
2013.532,0.09333
2011.603,0.09324
2009.675,0.09312
2007.746,0.09285
2005.817,0.09301
2003.889,0.09332
2001.960,0.09315
2000.031,0.09283
1998.103,0.09260
1996.174,0.09202
1994.245,0.09137
1992.317,0.09114
1990.388,0.09083
1988.459,0.09019
1986.531,0.08990
1984.602,0.08980
1982.673,0.08935
1980.745,0.08903
1978.816,0.08909
1976.887,0.08887
1974.959,0.08846
1973.030,0.08843
1971.101,0.08835
1969.173,0.08786
1967.244,0.08763
1965.315,0.08758
1963.387,0.08709
1961.458,0.08661
1959.529,0.08654
1957.601,0.08625
1955.672,0.08578
1953.743,0.08577
1951.815,0.08578
1949.886,0.08533
1947.957,0.08512
1946.029,0.08523
1944.100,0.08496
1942.171,0.08465
1940.243,0.08472
1938.314,0.08450
1936.385,0.08395
1934.457,0.08383
1932.528,0.08379
1930.599,0.08331
1928.671,0.08302
1926.742,0.08304
1924.813,0.08263
1922.885,0.08215
1920.956,0.08217
1919.027,0.08208
1917.099,0.08166
1915.170,0.08161
1913.241,0.08169
1911.313,0.08126
1909.384,0.08095
1907.455,0.08103
1905.527,0.08072
1903.598,0.08027
1901.669,0.08031
1899.741,0.08019
1897.812,0.07964
1895.883,0.07948
1893.955,0.07953
1892.026,0.07910
1890.097,0.07882
1888.169,0.07897
1886.240,0.07877
1884.311,0.07835
1882.383,0.07846
1880.454,0.07848
1878.525,0.07802
1876.597,0.07788
1874.668,0.07794
1872.739,0.07747
1870.811,0.07707
1868.882,0.07717
1866.953,0.07698
1865.025,0.07657
1863.096,0.07671
1861.167,0.07686
1859.239,0.07657
1857.310,0.07672
1855.381,0.07742
1853.452,0.07798
1851.524,0.07915
1849.595,0.08191
1847.666,0.08591
1845.738,0.09049
1843.809,0.09397
1841.880,0.09356
1839.952,0.08942
1838.023,0.08515
1836.094,0.08262
1834.166,0.08094
1832.237,0.07996
1830.308,0.08002
1828.380,0.08024
1826.451,0.08030
1824.522,0.08102
1822.594,0.08215
1820.665,0.08297
1818.736,0.08391
1816.808,0.08517
1814.879,0.08611
1812.950,0.08702
1811.022,0.08816
1809.093,0.08765
1807.164,0.08447
1805.236,0.08059
1803.307,0.07744
1801.378,0.07478
1799.450,0.07305
1797.521,0.07230
1795.592,0.07140
1793.664,0.07040
1791.735,0.06999
1789.806,0.06950
1787.878,0.06859
1785.949,0.06819
1784.020,0.06808
1782.092,0.06740
1780.163,0.06684
1778.234,0.06688
1776.306,0.06660
1774.377,0.06610
1772.448,0.06621
1770.520,0.06626
1768.591,0.06572
1766.662,0.06558
1764.734,0.06585
1762.805,0.06560
1760.876,0.06535
1758.948,0.06565
1757.019,0.06562
1755.090,0.06529
1753.162,0.06565
1751.233,0.06613
1749.304,0.06604
1747.376,0.06629
1745.447,0.06698
1743.518,0.06716
1741.590,0.06734
1739.661,0.06814
1737.732,0.06868
1735.804,0.06887
1733.875,0.06955
1731.946,0.07012
1730.018,0.06992
1728.089,0.06991
1726.160,0.07032
1724.232,0.07028
1722.303,0.07026
1720.374,0.07100
1718.446,0.07157
1716.517,0.07175
1714.588,0.07250
1712.660,0.07342
1710.731,0.07374
1708.802,0.07420
1706.874,0.07492
1704.945,0.07499
1703.016,0.07498
1701.088,0.07572
1699.159,0.07631
1697.230,0.07647
1695.302,0.07718
1693.373,0.07808
1691.444,0.07856
1689.515,0.07949
1687.587,0.08115
1685.658,0.08253
1683.729,0.08385
1681.801,0.08579
1679.872,0.08766
1677.943,0.08922
1676.015,0.09129
1674.086,0.09350
1672.157,0.09524
1670.229,0.09748
1668.300,0.10055
1666.371,0.10358
1664.443,0.10684
1662.514,0.11092
1660.585,0.11466
1658.657,0.11732
1656.728,0.11976
1654.799,0.12229
1652.871,0.12467
1650.942,0.12774
1649.013,0.13175
1647.085,0.13557
1645.156,0.13909
1643.227,0.14283
1641.299,0.14621
1639.370,0.14953
1637.441,0.15452
1635.513,0.16170
1633.584,0.17062
1631.655,0.18158
1629.727,0.19431
1627.798,0.20803
1625.869,0.22506
1623.941,0.25118
1622.012,0.29056
1620.083,0.33681
1618.155,0.36532
1616.226,0.35231
1614.297,0.31130
1612.369,0.27717
1610.440,0.26825
1608.511,0.28253
1606.583,0.30906
1604.654,0.33380
1602.725,0.34064
1600.797,0.32028
1598.868,0.28214
1596.939,0.24493
1595.011,0.21922
1593.082,0.20605
1591.153,0.20282
1589.225,0.20622
1587.296,0.21382
1585.367,0.22389
1583.439,0.23480
1581.510,0.24642
1579.581,0.25994
1577.653,0.27553
1575.724,0.29259
1573.795,0.31152
1571.867,0.33278
1569.938,0.35612
1568.009,0.38167
1566.081,0.40990
1564.152,0.44085
1562.223,0.47574
1560.295,0.51777
1558.366,0.57045
1556.437,0.63642
1554.509,0.71647
1552.580,0.80614
1550.651,0.89502
1548.723,0.97668
1546.794,1.05750
1544.865,1.14442
1542.937,1.22786
1541.008,1.28746
1539.079,1.31021
1537.151,1.29527
1535.222,1.24789
1533.293,1.17678
1531.364,1.09249
1529.436,1.00301
1527.507,0.91360
1525.578,0.82978
1523.650,0.75621
1521.721,0.69461
1519.792,0.64447
1517.864,0.60382
1515.935,0.57015
1514.006,0.54206
1512.078,0.51867
1510.149,0.49836
1508.220,0.47909
1506.292,0.45937
1504.363,0.43874
1502.434,0.41795
1500.506,0.39815
1498.577,0.37964
1496.648,0.36223
1494.720,0.34637
1492.791,0.33241
1490.862,0.31996
1488.934,0.30894
1487.005,0.29931
1485.076,0.29022
1483.148,0.28140
1481.219,0.27386
1479.290,0.26826
1477.362,0.26587
1475.433,0.26797
1473.504,0.27072
1471.576,0.26992
1469.647,0.27073
1467.718,0.27851
1465.790,0.28836
1463.861,0.29064
1461.932,0.27952
1460.004,0.25859
1458.075,0.23735
1456.146,0.22163
1454.218,0.21130
1452.289,0.20417
1450.360,0.19906
1448.432,0.19566
1446.503,0.19389
1444.574,0.19554
1442.646,0.20389
1440.717,0.21988
1438.788,0.23773
1436.860,0.24547
1434.931,0.23563
1433.002,0.21440
1431.074,0.19330
1429.145,0.17785
1427.216,0.16761
1425.288,0.16137
1423.359,0.15886
1421.430,0.15938
1419.502,0.16312
1417.573,0.17245
1415.644,0.18977
1413.716,0.21636
1411.787,0.25199
1409.858,0.29230
1407.930,0.32737
1406.001,0.34578
1404.072,0.34166
1402.144,0.31886
1400.215,0.28782
1398.286,0.25792
1396.358,0.23344
1394.429,0.21520
1392.500,0.20376
1390.572,0.19892
1388.643,0.19948
1386.714,0.20674
1384.786,0.22532
1382.857,0.25326
1380.928,0.27341
1379.000,0.27338
1377.071,0.26707
1375.142,0.27319
1373.214,0.29642
1371.285,0.33461
1369.356,0.38653
1367.427,0.45371
1365.499,0.53902
1363.570,0.64295
1361.641,0.76181
1359.713,0.88978
1357.784,1.02080
1355.855,1.14050
1353.927,1.21260
1351.998,1.19917
1350.069,1.11169
1348.141,0.99521
1346.212,0.88167
1344.283,0.78379
1342.355,0.70425
1340.426,0.64160
1338.497,0.59212
1336.569,0.55111
1334.640,0.51503
1332.711,0.48239
1330.783,0.45272
1328.854,0.42598
1326.925,0.40277
1324.997,0.38306
1323.068,0.36580
1321.139,0.35064
1319.211,0.33779
1317.282,0.32647
1315.353,0.31587
1313.425,0.30628
1311.496,0.29814
1309.567,0.29243
1307.639,0.29062
1305.710,0.29051
1303.781,0.28704
1301.853,0.27988
1299.924,0.27286
1297.995,0.26750
1296.067,0.26344
1294.138,0.26089
1292.209,0.25878
1290.281,0.25526
1288.352,0.25055
1286.423,0.24551
1284.495,0.23973
1282.566,0.23363
1280.637,0.22858
1278.709,0.22444
1276.780,0.22073
1274.851,0.21808
1272.923,0.21610
1270.994,0.21356
1269.065,0.21104
1267.137,0.20942
1265.208,0.20793
1263.279,0.20609
1261.351,0.20419
1259.422,0.20147
1257.493,0.19765
1255.565,0.19410
1253.636,0.19111
1251.707,0.18787
1249.779,0.18501
1247.850,0.18314
1245.921,0.18127
1243.993,0.17937
1242.064,0.17845
1240.135,0.17788
1238.207,0.17694
1236.278,0.17646
1234.349,0.17612
1232.421,0.17463
1230.492,0.17256
1228.563,0.17075
1226.635,0.16843
1224.706,0.16579
1222.777,0.16400
1220.849,0.16245
1218.920,0.16072
1216.991,0.16077
1215.063,0.16435
1213.134,0.17199
1211.205,0.18303
1209.277,0.19301
1207.348,0.19661
1205.419,0.19452
1203.490,0.19003
1201.562,0.18368
1199.633,0.17631
1197.704,0.17042
1195.776,0.16639
1193.847,0.16267
1191.918,0.15938
1189.990,0.15699
1188.061,0.15434
1186.132,0.15136
1184.204,0.14945
1182.275,0.14832
1180.346,0.14788
1178.418,0.15117
1176.489,0.16162
1174.560,0.18028
1172.632,0.20356
1170.703,0.21914
1168.774,0.21497
1166.846,0.19716
1164.917,0.18067
1162.988,0.17000
1161.060,0.16235
1159.131,0.15676
1157.202,0.15294
1155.274,0.14948
1153.345,0.14660
1151.416,0.14508
1149.488,0.14365
1147.559,0.14175
1145.630,0.14051
1143.702,0.13939
1141.773,0.13738
1139.844,0.13566
1137.916,0.13471
1135.987,0.13321
1134.058,0.13157
1132.130,0.13093
1130.201,0.13016
1128.272,0.12872
1126.344,0.12789
1124.415,0.12725
1122.486,0.12572
1120.558,0.12445
1118.629,0.12393
1116.700,0.12270
1114.772,0.12114
1112.843,0.12042
1110.914,0.11943
1108.986,0.11777
1107.057,0.11689
1105.128,0.11646
1103.200,0.11551
1101.271,0.11543
1099.342,0.11723
1097.414,0.12121
1095.485,0.13138
1093.556,0.15328
1091.628,0.18588
1089.699,0.22015
1087.770,0.24533
1085.842,0.25272
1083.913,0.24015
1081.984,0.21701
1080.056,0.19475
1078.127,0.17734
1076.198,0.16506
1074.270,0.15740
1072.341,0.15176
1070.412,0.14636
1068.484,0.14204
1066.555,0.13858
1064.626,0.13486
1062.698,0.13185
1060.769,0.13008
1058.840,0.12803
1056.912,0.12576
1054.983,0.12451
1053.054,0.12329
1051.126,0.12142
1049.197,0.12028
1047.268,0.11968
1045.339,0.11833
1043.411,0.11722
1041.482,0.11710
1039.553,0.11658
1037.625,0.11583
1035.696,0.11620
1033.767,0.11697
1031.839,0.11848
1029.910,0.12383
1027.981,0.13189
1026.053,0.13548
1024.124,0.13180
1022.195,0.12532
1020.267,0.11949
1018.338,0.11531
1016.409,0.11321
1014.481,0.11163
1012.552,0.10958
1010.623,0.10836
1008.695,0.10781
1006.766,0.10653
1004.837,0.10537
1002.909,0.10507
1000.980,0.10413
999.051,0.10265
997.123,0.10202
995.194,0.10138
993.265,0.09995
991.337,0.09914
989.408,0.09891
987.479,0.09783
985.551,0.09679
983.622,0.09664
981.693,0.09592
979.765,0.09471
977.836,0.09438
975.907,0.09406
973.979,0.09291
972.050,0.09233
970.121,0.09227
968.193,0.09133
966.264,0.09046
964.335,0.09044
962.407,0.08983
960.478,0.08869
958.549,0.08839
956.621,0.08801
954.692,0.08682
952.763,0.08635
950.835,0.08660
948.906,0.08666
946.977,0.08879
945.049,0.09782
943.120,0.11868
941.191,0.15043
939.263,0.17587
937.334,0.17348
935.405,0.14907
933.477,0.12503
931.548,0.11068
929.619,0.10631
927.691,0.11504
925.762,0.13158
923.833,0.13630
921.905,0.12592
919.976,0.12346
918.047,0.14540
916.119,0.18716
914.190,0.23559
912.261,0.28630
910.333,0.33971
908.404,0.38054
906.475,0.37550
904.547,0.31802
902.618,0.25001
900.689,0.20297
898.761,0.17557
896.832,0.15807
894.903,0.14641
892.975,0.13864
891.046,0.13230
889.117,0.12709
887.189,0.12338
885.260,0.11985
883.331,0.11639
881.402,0.11414
879.474,0.11226
877.545,0.10984
875.616,0.10814
873.688,0.10720
871.759,0.10564
869.830,0.10409
867.902,0.10327
865.973,0.10202
864.044,0.10039
862.116,0.09966
860.187,0.09910
858.258,0.09788
856.330,0.09725
854.401,0.09711
852.472,0.09619
850.544,0.09518
848.615,0.09480
846.686,0.09379
844.758,0.09226
842.829,0.09151
840.900,0.09073
838.972,0.08932
837.043,0.08853
835.114,0.08828
833.186,0.08728
831.257,0.08639
829.328,0.08719
827.400,0.08937
825.471,0.09123
823.542,0.09066
821.614,0.08732
819.685,0.08369
817.756,0.08199
815.828,0.08130
813.899,0.08012
811.970,0.07925
810.042,0.07902
808.113,0.07827
806.184,0.07749
804.256,0.07767
802.327,0.07827
800.398,0.08115
798.470,0.09541
796.541,0.13714
794.612,0.20606
792.684,0.24861
790.755,0.21814
788.826,0.16196
786.898,0.12513
784.969,0.10652
783.040,0.09585
781.112,0.08895
779.183,0.08502
777.254,0.08307
775.326,0.08435
773.397,0.09316
771.468,0.10761
769.540,0.11753
767.611,0.11631
765.682,0.10775
763.754,0.10358
761.825,0.11061
759.896,0.11705
757.968,0.10861
756.039,0.09194
754.110,0.08016
752.182,0.07503
750.253,0.07377
748.324,0.07700
746.396,0.08636
744.467,0.10401
742.538,0.13651
740.610,0.19359
738.681,0.27597
736.752,0.35857
734.824,0.39501
732.895,0.36731
730.966,0.30982
729.038,0.26257
727.109,0.24460
725.180,0.26594
723.251,0.33584
721.323,0.44019
719.394,0.51549
717.465,0.50872
715.537,0.44456
713.608,0.36725
711.679,0.31017
709.751,0.28956
707.822,0.30095
705.893,0.32448
703.965,0.33140
702.036,0.30698
700.107,0.26595
698.179,0.22899
696.250,0.20311
694.321,0.18564
692.393,0.17288
690.464,0.16353
688.535,0.15670
686.607,0.15075
684.678,0.14571
682.749,0.14200
680.821,0.13850
678.892,0.13495
676.963,0.13234
675.035,0.13024
673.106,0.12807
671.177,0.12699
669.249,0.12732
667.320,0.12846
665.391,0.13089
663.463,0.13368
661.534,0.13382
659.605,0.13088
657.677,0.12711
655.748,0.12337
653.819,0.12021
651.891,0.11923
649.962,0.12077
648.033,0.12525
646.105,0.13582
644.176,0.15525
642.247,0.18105
640.319,0.20426
638.390,0.21334
636.461,0.20434
634.533,0.18563
632.604,0.16746
630.675,0.15308
628.747,0.14197
626.818,0.13417
624.889,0.12873
622.961,0.12389
621.032,0.12003
619.103,0.11752
617.175,0.11509
615.246,0.11271
613.317,0.11122
611.389,0.10970
609.460,0.10773
607.531,0.10653
605.603,0.10568
603.674,0.10420
601.745,0.10308
599.817,0.10265
597.888,0.10171
595.959,0.10076
594.031,0.10059
592.102,0.10012
590.173,0.09941
588.245,0.09976
586.316,0.10073
584.387,0.10222
582.459,0.10574
580.530,0.10989
578.601,0.11112
576.673,0.10945
574.744,0.10693
572.815,0.10447
570.887,0.10386
568.958,0.10623
567.029,0.10894
565.101,0.10939
563.172,0.10803
561.243,0.10524
559.314,0.10151
557.386,0.09892
555.457,0.09755
553.528,0.09579
551.600,0.09442
549.671,0.09403
547.742,0.09310
545.814,0.09197
543.885,0.09184
541.956,0.09139
540.028,0.09016
538.099,0.08986
536.170,0.08984
534.242,0.08873
532.313,0.08805
530.384,0.08811
528.456,0.08727
526.527,0.08660
524.598,0.08709
522.670,0.08695
520.741,0.08637
518.812,0.08708
516.884,0.08799
514.955,0.08868
513.026,0.09146
511.098,0.09646
509.169,0.10236
507.240,0.10918
505.312,0.11487
503.383,0.11630
501.454,0.11489
499.526,0.11288
497.597,0.10924
495.668,0.10494
493.740,0.10245
491.811,0.10033
489.882,0.09752
487.954,0.09616
486.025,0.09583
484.096,0.09468
482.168,0.09413
480.239,0.09457
478.310,0.09413
476.382,0.09403
474.453,0.09577
472.524,0.09755
470.596,0.10009
468.667,0.10641
466.738,0.11573
464.810,0.12598
462.881,0.13511
460.952,0.13780
459.024,0.13236
457.095,0.12484
455.166,0.11872
453.238,0.11283
451.309,0.10835
449.380,0.10578
447.452,0.10243
445.523,0.09915
443.594,0.09828
441.666,0.09741
439.737,0.09525
437.808,0.09451
435.880,0.09445
433.951,0.09288
432.022,0.09182
430.094,0.09201
428.165,0.09143
426.236,0.09148
424.308,0.09353
422.379,0.09498
420.450,0.09644
418.522,0.10054
416.593,0.10462
414.664,0.10709
412.736,0.11170
410.807,0.11891
408.878,0.12746
406.950,0.14133
405.021,0.16088
403.092,0.18132
401.163,0.20492
399.235,0.23558
