6999.146,0.44484
6997.217,0.44449
6995.288,0.44416
6993.360,0.44386
6991.431,0.44378
6989.502,0.44387
6987.574,0.44388
6985.645,0.44385
6983.716,0.44397
6981.788,0.44407
6979.859,0.44392
6977.930,0.44360
6976.002,0.44327
6974.073,0.44306
6972.144,0.44289
6970.216,0.44273
6968.287,0.44274
6966.358,0.44282
6964.430,0.44273
6962.501,0.44249
6960.572,0.44231
6958.644,0.44230
6956.715,0.44220
6954.786,0.44186
6952.858,0.44151
6950.929,0.44126
6949.000,0.44113
6947.072,0.44125
6945.143,0.44140
6943.214,0.44131
6941.286,0.44115
6939.357,0.44124
6937.428,0.44142
6935.500,0.44127
6933.571,0.44077
6931.642,0.44027
6929.714,0.43995
6927.785,0.43983
6925.856,0.43984
6923.928,0.43978
6921.999,0.43965
6920.070,0.43946
6918.142,0.43909
6916.213,0.43881
6914.284,0.43887
6912.356,0.43879
6910.427,0.43846
6908.498,0.43832
6906.570,0.43828
6904.641,0.43812
6902.712,0.43798
6900.784,0.43793
6898.855,0.43791
6896.926,0.43788
6894.998,0.43772
6893.069,0.43739
6891.140,0.43700
6889.212,0.43670
6887.283,0.43667
6885.354,0.43680
6883.426,0.43679
6881.497,0.43648
6879.568,0.43600
6877.640,0.43573
6875.711,0.43581
6873.782,0.43586
6871.854,0.43558
6869.925,0.43527
6867.996,0.43524
6866.068,0.43520
6864.139,0.43499
6862.210,0.43480
6860.282,0.43481
6858.353,0.43493
6856.424,0.43487
6854.496,0.43454
6852.567,0.43409
6850.638,0.43358
6848.709,0.43324
6846.781,0.43323
6844.852,0.43325
6842.923,0.43317
6840.995,0.43315
6839.066,0.43315
6837.137,0.43312
6835.209,0.43305
6833.280,0.43285
6831.351,0.43262
6829.423,0.43242
6827.494,0.43217
6825.565,0.43184
6823.637,0.43156
6821.708,0.43139
6819.779,0.43126
6817.851,0.43120
6815.922,0.43113
6813.993,0.43091
6812.065,0.43071
6810.136,0.43068
6808.207,0.43061
6806.279,0.43044
6804.350,0.43029
6802.421,0.43011
6800.493,0.42980
6798.564,0.42941
6796.635,0.42914
6794.707,0.42908
6792.778,0.42899
6790.849,0.42875
6788.921,0.42854
6786.992,0.42832
6785.063,0.42813
6783.135,0.42822
6781.206,0.42841
6779.277,0.42841
6777.349,0.42818
6775.420,0.42777
6773.491,0.42737
6771.563,0.42723
6769.634,0.42729
6767.705,0.42722
6765.777,0.42696
6763.848,0.42677
6761.919,0.42661
6759.991,0.42637
6758.062,0.42620
6756.133,0.42612
6754.205,0.42597
6752.276,0.42582
6750.347,0.42582
6748.419,0.42589
6746.490,0.42586
6744.561,0.42577
6742.633,0.42565
6740.704,0.42543
6738.775,0.42517
6736.847,0.42485
6734.918,0.42454
6732.989,0.42441
6731.061,0.42436
6729.132,0.42418
6727.203,0.42395
6725.275,0.42378
6723.346,0.42367
6721.417,0.42356
6719.489,0.42341
6717.560,0.42324
6715.631,0.42301
6713.703,0.42276
6711.774,0.42264
6709.845,0.42270
6707.917,0.42278
6705.988,0.42270
6704.059,0.42257
6702.131,0.42244
6700.202,0.42218
6698.273,0.42184
6696.345,0.42158
6694.416,0.42140
6692.487,0.42123
6690.558,0.42114
6688.630,0.42115
6686.701,0.42103
6684.772,0.42079
6682.844,0.42060
6680.915,0.42045
6678.986,0.42027
6677.058,0.42004
6675.129,0.41981
6673.200,0.41971
6671.272,0.41967
6669.343,0.41958
6667.414,0.41942
6665.486,0.41922
6663.557,0.41908
6661.628,0.41897
6659.700,0.41880
6657.771,0.41866
6655.842,0.41853
6653.914,0.41835
6651.985,0.41828
6650.056,0.41846
6648.128,0.41864
6646.199,0.41847
6644.270,0.41796
6642.342,0.41743
6640.413,0.41712
6638.484,0.41704
6636.556,0.41702
6634.627,0.41694
6632.698,0.41687
6630.770,0.41684
6628.841,0.41679
6626.912,0.41669
6624.984,0.41646
6623.055,0.41607
6621.126,0.41578
6619.198,0.41561
6617.269,0.41542
6615.340,0.41533
6613.412,0.41550
6611.483,0.41568
6609.554,0.41556
6607.626,0.41527
6605.697,0.41500
6603.768,0.41476
6601.840,0.41455
6599.911,0.41436
6597.982,0.41425
6596.054,0.41424
6594.125,0.41409
6592.196,0.41376
6590.268,0.41357
6588.339,0.41356
6586.410,0.41345
6584.482,0.41326
6582.553,0.41320
6580.624,0.41314
6578.696,0.41298
6576.767,0.41280
6574.838,0.41260
6572.910,0.41239
6570.981,0.41226
6569.052,0.41215
6567.124,0.41194
6565.195,0.41168
6563.266,0.41151
6561.338,0.41155
6559.409,0.41164
6557.480,0.41151
6555.552,0.41117
6553.623,0.41096
6551.694,0.41095
6549.766,0.41096
6547.837,0.41091
6545.908,0.41083
6543.980,0.41076
6542.051,0.41065
6540.122,0.41039
6538.194,0.41014
6536.265,0.41002
6534.336,0.40986
6532.408,0.40960
6530.479,0.40936
6528.550,0.40910
6526.621,0.40890
6524.693,0.40892
6522.764,0.40905
6520.835,0.40903
6518.907,0.40880
6516.978,0.40850
6515.049,0.40837
6513.121,0.40841
6511.192,0.40833
6509.263,0.40810
6507.335,0.40793
6505.406,0.40782
6503.477,0.40767
6501.549,0.40749
6499.620,0.40736
6497.691,0.40729
6495.763,0.40719
6493.834,0.40699
6491.905,0.40663
6489.977,0.40626
6488.048,0.40599
6486.119,0.40578
6484.191,0.40560
6482.262,0.40548
6480.333,0.40544
6478.405,0.40534
6476.476,0.40515
6474.547,0.40515
6472.619,0.40531
6470.690,0.40526
6468.761,0.40499
6466.833,0.40475
6464.904,0.40459
6462.975,0.40442
6461.047,0.40422
6459.118,0.40404
6457.189,0.40392
6455.261,0.40375
6453.332,0.40353
6451.403,0.40336
6449.475,0.40327
6447.546,0.40310
6445.617,0.40286
6443.689,0.40268
6441.760,0.40258
6439.831,0.40255
6437.903,0.40249
6435.974,0.40228
6434.045,0.40207
6432.117,0.40200
6430.188,0.40192
6428.259,0.40175
6426.331,0.40151
6424.402,0.40120
6422.473,0.40096
6420.545,0.40084
6418.616,0.40076
6416.687,0.40067
6414.759,0.40048
6412.830,0.40021
6410.901,0.40003
6408.973,0.39992
6407.044,0.39978
6405.115,0.39963
6403.187,0.39953
6401.258,0.39934
6399.329,0.39906
6397.401,0.39881
6395.472,0.39870
6393.543,0.39867
6391.615,0.39865
6389.686,0.39858
6387.757,0.39848
6385.829,0.39830
6383.900,0.39810
6381.971,0.39798
6380.043,0.39784
6378.114,0.39758
6376.185,0.39726
6374.257,0.39708
6372.328,0.39703
6370.399,0.39690
6368.471,0.39668
6366.542,0.39647
6364.613,0.39631
6362.684,0.39616
6360.756,0.39604
6358.827,0.39603
6356.898,0.39602
6354.970,0.39591
6353.041,0.39567
6351.112,0.39537
6349.184,0.39517
6347.255,0.39509
6345.326,0.39496
6343.398,0.39477
6341.469,0.39459
6339.540,0.39440
6337.612,0.39422
6335.683,0.39406
6333.754,0.39385
6331.826,0.39368
6329.897,0.39366
6327.968,0.39365
6326.040,0.39347
6324.111,0.39321
6322.182,0.39305
6320.254,0.39297
6318.325,0.39281
6316.396,0.39256
6314.468,0.39237
6312.539,0.39231
6310.610,0.39229
6308.682,0.39214
6306.753,0.39192
6304.824,0.39182
6302.896,0.39184
6300.967,0.39176
6299.038,0.39156
6297.110,0.39136
6295.181,0.39113
6293.252,0.39088
6291.324,0.39068
6289.395,0.39053
6287.466,0.39042
6285.538,0.39035
6283.609,0.39022
6281.680,0.39008
6279.752,0.38994
6277.823,0.38974
6275.894,0.38954
6273.966,0.38936
6272.037,0.38909
6270.108,0.38877
6268.180,0.38857
6266.251,0.38858
6264.322,0.38864
6262.394,0.38854
6260.465,0.38826
6258.536,0.38798
6256.608,0.38787
6254.679,0.38788
6252.750,0.38785
6250.822,0.38763
6248.893,0.38735
6246.964,0.38715
6245.036,0.38700
6243.107,0.38686
6241.178,0.38677
6239.250,0.38664
6237.321,0.38638
6235.392,0.38617
6233.464,0.38605
6231.535,0.38598
6229.606,0.38600
6227.678,0.38607
6225.749,0.38612
6223.820,0.38611
6221.892,0.38610
6219.963,0.38621
6218.034,0.38648
6216.106,0.38685
6214.177,0.38727
6212.248,0.38774
6210.320,0.38822
6208.391,0.38870
6206.462,0.38911
6204.533,0.38941
6202.605,0.38956
6200.676,0.38968
6198.747,0.38983
6196.819,0.38994
6194.890,0.38994
6192.961,0.38974
6191.033,0.38940
6189.104,0.38913
6187.175,0.38882
6185.247,0.38829
6183.318,0.38776
6181.389,0.38750
6179.461,0.38744
6177.532,0.38740
6175.603,0.38741
6173.675,0.38741
6171.746,0.38735
6169.817,0.38724
6167.889,0.38702
6165.960,0.38665
6164.031,0.38622
6162.103,0.38585
6160.174,0.38550
6158.245,0.38514
6156.317,0.38484
6154.388,0.38455
6152.459,0.38424
6150.531,0.38398
6148.602,0.38381
6146.673,0.38363
6144.745,0.38337
6142.816,0.38314
6140.887,0.38305
6138.959,0.38305
6137.030,0.38302
6135.101,0.38294
6133.173,0.38286
6131.244,0.38287
6129.315,0.38296
6127.387,0.38303
6125.458,0.38298
6123.529,0.38291
6121.601,0.38292
6119.672,0.38298
6117.743,0.38304
6115.815,0.38298
6113.886,0.38280
6111.957,0.38262
6110.029,0.38246
6108.100,0.38227
6106.171,0.38202
6104.243,0.38171
6102.314,0.38139
6100.385,0.38108
6098.457,0.38070
6096.528,0.38027
6094.599,0.37988
6092.671,0.37955
6090.742,0.37927
6088.813,0.37899
6086.885,0.37876
6084.956,0.37867
6083.027,0.37861
6081.099,0.37844
6079.170,0.37819
6077.241,0.37790
6075.313,0.37764
6073.384,0.37748
6071.455,0.37734
6069.527,0.37718
6067.598,0.37698
6065.669,0.37674
6063.741,0.37656
6061.812,0.37650
6059.883,0.37646
6057.955,0.37635
6056.026,0.37622
6054.097,0.37611
6052.169,0.37595
6050.240,0.37576
6048.311,0.37564
6046.383,0.37558
6044.454,0.37545
6042.525,0.37529
6040.596,0.37524
6038.668,0.37525
6036.739,0.37521
6034.810,0.37516
6032.882,0.37509
6030.953,0.37496
6029.024,0.37472
6027.096,0.37446
6025.167,0.37430
6023.238,0.37419
6021.310,0.37405
6019.381,0.37385
6017.452,0.37361
6015.524,0.37338
6013.595,0.37315
6011.666,0.37292
6009.738,0.37271
6007.809,0.37255
6005.880,0.37241
6003.952,0.37221
6002.023,0.37192
6000.094,0.37170
5998.166,0.37161
5996.237,0.37155
5994.308,0.37145
5992.380,0.37137
5990.451,0.37123
5988.522,0.37097
5986.594,0.37068
5984.665,0.37045
5982.736,0.37030
5980.808,0.37025
5978.879,0.37024
5976.950,0.37019
5975.022,0.37012
5973.093,0.37004
5971.164,0.36996
5969.236,0.36989
5967.307,0.36977
5965.378,0.36956
5963.450,0.36937
5961.521,0.36924
5959.592,0.36910
5957.664,0.36893
5955.735,0.36878
5953.806,0.36866
5951.878,0.36854
5949.949,0.36840
5948.020,0.36824
5946.092,0.36809
5944.163,0.36801
5942.234,0.36802
5940.306,0.36800
5938.377,0.36793
5936.448,0.36788
5934.520,0.36783
5932.591,0.36780
5930.662,0.36783
5928.734,0.36783
5926.805,0.36778
5924.876,0.36770
5922.948,0.36759
5921.019,0.36751
5919.090,0.36750
5917.162,0.36751
5915.233,0.36747
5913.304,0.36738
5911.376,0.36722
5909.447,0.36704
5907.518,0.36686
5905.590,0.36669
5903.661,0.36648
5901.732,0.36620
5899.804,0.36590
5897.875,0.36563
5895.946,0.36538
5894.018,0.36513
5892.089,0.36495
5890.160,0.36487
5888.232,0.36480
5886.303,0.36462
5884.374,0.36445
5882.445,0.36442
5880.517,0.36445
5878.588,0.36444
5876.659,0.36440
5874.731,0.36434
5872.802,0.36427
5870.873,0.36419
5868.945,0.36412
5867.016,0.36405
5865.087,0.36404
5863.159,0.36407
5861.230,0.36415
5859.301,0.36419
5857.373,0.36412
5855.444,0.36407
5853.515,0.36412
5851.587,0.36423
5849.658,0.36439
5847.729,0.36456
5845.801,0.36465
5843.872,0.36470
5841.943,0.36476
5840.015,0.36485
5838.086,0.36492
5836.157,0.36489
5834.229,0.36473
5832.300,0.36448
5830.371,0.36414
5828.443,0.36378
5826.514,0.36338
5824.585,0.36293
5822.657,0.36249
5820.728,0.36210
5818.799,0.36178
5816.871,0.36151
5814.942,0.36122
5813.013,0.36094
5811.085,0.36070
5809.156,0.36051
5807.227,0.36035
5805.299,0.36017
5803.370,0.35996
5801.441,0.35978
5799.513,0.35969
5797.584,0.35966
5795.655,0.35954
5793.727,0.35938
5791.798,0.35927
5789.869,0.35916
5787.941,0.35900
5786.012,0.35880
5784.083,0.35862
5782.155,0.35850
5780.226,0.35843
5778.297,0.35833
5776.369,0.35818
5774.440,0.35799
5772.511,0.35783
5770.583,0.35771
5768.654,0.35755
5766.725,0.35730
5764.797,0.35707
5762.868,0.35693
5760.939,0.35684
5759.011,0.35666
5757.082,0.35640
5755.153,0.35621
5753.225,0.35613
5751.296,0.35609
5749.367,0.35602
5747.439,0.35586
5745.510,0.35556
5743.581,0.35522
5741.653,0.35501
5739.724,0.35484
5737.795,0.35461
5735.867,0.35443
5733.938,0.35431
5732.009,0.35418
5730.081,0.35401
5728.152,0.35385
5726.223,0.35372
5724.295,0.35361
5722.366,0.35349
5720.437,0.35343
5718.508,0.35342
5716.580,0.35337
5714.651,0.35323
5712.722,0.35314
5710.794,0.35323
5708.865,0.35346
5706.936,0.35367
5705.008,0.35383
5703.079,0.35401
5701.150,0.35420
5699.222,0.35428
5697.293,0.35413
5695.364,0.35376
5693.436,0.35326
5691.507,0.35271
5689.578,0.35218
5687.650,0.35176
5685.721,0.35144
5683.792,0.35106
5681.864,0.35061
5679.935,0.35023
5678.006,0.34997
5676.078,0.34978
5674.149,0.34963
5672.220,0.34949
5670.292,0.34933
5668.363,0.34913
5666.434,0.34889
5664.506,0.34868
5662.577,0.34855
5660.648,0.34845
5658.720,0.34833
5656.791,0.34817
5654.862,0.34795
5652.934,0.34771
5651.005,0.34749
5649.076,0.34732
5647.148,0.34723
5645.219,0.34711
5643.290,0.34691
5641.362,0.34665
5639.433,0.34644
5637.504,0.34631
5635.576,0.34617
5633.647,0.34596
5631.718,0.34575
5629.790,0.34559
5627.861,0.34543
5625.932,0.34527
5624.004,0.34511
5622.075,0.34492
5620.146,0.34474
5618.218,0.34466
5616.289,0.34461
5614.360,0.34444
5612.432,0.34421
5610.503,0.34403
5608.574,0.34391
5606.646,0.34379
5604.717,0.34363
5602.788,0.34346
5600.860,0.34325
5598.931,0.34303
5597.002,0.34289
5595.074,0.34280
5593.145,0.34270
5591.216,0.34257
5589.288,0.34241
5587.359,0.34226
5585.430,0.34214
5583.502,0.34202
5581.573,0.34191
5579.644,0.34177
5577.716,0.34159
5575.787,0.34143
5573.858,0.34132
5571.930,0.34120
5570.001,0.34102
5568.072,0.34086
5566.144,0.34075
5564.215,0.34063
5562.286,0.34048
5560.357,0.34033
5558.429,0.34020
5556.500,0.34008
5554.571,0.34002
5552.643,0.33996
5550.714,0.33982
5548.785,0.33959
5546.857,0.33934
5544.928,0.33913
5542.999,0.33900
5541.071,0.33890
5539.142,0.33878
5537.213,0.33862
5535.285,0.33843
5533.356,0.33825
5531.427,0.33811
5529.499,0.33799
5527.570,0.33784
5525.641,0.33771
5523.713,0.33760
5521.784,0.33746
5519.855,0.33730
5517.927,0.33719
5515.998,0.33711
5514.069,0.33698
5512.141,0.33680
5510.212,0.33667
5508.283,0.33660
5506.355,0.33651
5504.426,0.33643
5502.497,0.33637
5500.569,0.33623
5498.640,0.33604
5496.711,0.33590
5494.783,0.33577
5492.854,0.33562
5490.925,0.33549
5488.997,0.33539
5487.068,0.33528
5485.139,0.33515
5483.211,0.33502
5481.282,0.33489
5479.353,0.33476
5477.425,0.33463
5475.496,0.33450
5473.567,0.33436
5471.639,0.33421
5469.710,0.33408
5467.781,0.33395
5465.853,0.33382
5463.924,0.33372
5461.995,0.33366
5460.067,0.33356
5458.138,0.33335
5456.209,0.33315
5454.281,0.33300
5452.352,0.33290
5450.423,0.33283
5448.495,0.33275
5446.566,0.33260
5444.637,0.33239
5442.709,0.33223
5440.780,0.33212
5438.851,0.33198
5436.923,0.33180
5434.994,0.33164
5433.065,0.33150
5431.137,0.33137
5429.208,0.33125
5427.279,0.33114
5425.351,0.33106
5423.422,0.33100
5421.493,0.33092
5419.565,0.33081
5417.636,0.33068
5415.707,0.33053
5413.779,0.33037
5411.850,0.33023
5409.921,0.33011
5407.993,0.32998
5406.064,0.32979
5404.135,0.32960
5402.207,0.32943
5400.278,0.32930
5398.349,0.32916
5396.420,0.32902
5394.492,0.32891
5392.563,0.32881
5390.634,0.32871
5388.706,0.32857
5386.777,0.32839
5384.848,0.32821
5382.920,0.32804
5380.991,0.32789
5379.062,0.32776
5377.134,0.32763
5375.205,0.32749
5373.276,0.32737
5371.348,0.32726
5369.419,0.32712
5367.490,0.32693
5365.562,0.32674
5363.633,0.32659
5361.704,0.32647
5359.776,0.32632
5357.847,0.32617
5355.918,0.32608
5353.990,0.32600
5352.061,0.32588
5350.132,0.32576
5348.204,0.32565
5346.275,0.32557
5344.346,0.32541
5342.418,0.32519
5340.489,0.32500
5338.560,0.32490
5336.632,0.32485
5334.703,0.32480
5332.774,0.32469
5330.846,0.32453
5328.917,0.32435
5326.988,0.32420
5325.060,0.32409
5323.131,0.32402
5321.202,0.32392
5319.274,0.32373
5317.345,0.32354
5315.416,0.32342
5313.488,0.32331
5311.559,0.32315
5309.630,0.32300
5307.702,0.32287
5305.773,0.32269
5303.844,0.32247
5301.916,0.32224
5299.987,0.32210
5298.058,0.32204
5296.130,0.32199
5294.201,0.32188
5292.272,0.32172
5290.344,0.32155
5288.415,0.32141
5286.486,0.32128
5284.558,0.32117
5282.629,0.32109
5280.700,0.32100
5278.772,0.32089
5276.843,0.32076
5274.914,0.32062
5272.986,0.32047
5271.057,0.32035
5269.128,0.32028
5267.200,0.32018
5265.271,0.32003
5263.342,0.31989
5261.414,0.31976
5259.485,0.31961
5257.556,0.31945
5255.628,0.31933
5253.699,0.31923
5251.770,0.31908
5249.842,0.31891
5247.913,0.31874
5245.984,0.31861
5244.056,0.31854
5242.127,0.31843
5240.198,0.31828
5238.269,0.31814
5236.341,0.31801
5234.412,0.31786
5232.483,0.31776
5230.555,0.31771
5228.626,0.31761
5226.697,0.31744
5224.769,0.31725
5222.840,0.31710
5220.911,0.31703
5218.983,0.31699
5217.054,0.31689
5215.125,0.31674
5213.197,0.31659
5211.268,0.31645
5209.339,0.31633
5207.411,0.31625
5205.482,0.31612
5203.553,0.31594
5201.625,0.31573
5199.696,0.31555
5197.767,0.31541
5195.839,0.31528
5193.910,0.31515
5191.981,0.31505
5190.053,0.31497
5188.124,0.31483
5186.195,0.31466
5184.267,0.31450
5182.338,0.31437
5180.409,0.31429
5178.481,0.31425
5176.552,0.31414
5174.623,0.31394
5172.695,0.31375
5170.766,0.31362
5168.837,0.31352
5166.909,0.31347
5164.980,0.31339
5163.051,0.31327
5161.123,0.31314
5159.194,0.31300
5157.265,0.31284
5155.337,0.31272
5153.408,0.31266
5151.479,0.31257
5149.551,0.31241
5147.622,0.31221
5145.693,0.31201
5143.765,0.31188
5141.836,0.31183
5139.907,0.31180
5137.979,0.31165
5136.050,0.31145
5134.121,0.31128
5132.193,0.31114
5130.264,0.31101
5128.335,0.31091
5126.407,0.31083
5124.478,0.31072
5122.549,0.31057
5120.621,0.31041
5118.692,0.31026
5116.763,0.31014
5114.835,0.31007
5112.906,0.31000
5110.977,0.30981
5109.049,0.30953
5107.120,0.30934
5105.191,0.30926
5103.263,0.30917
5101.334,0.30905
5099.405,0.30892
5097.477,0.30878
5095.548,0.30861
5093.619,0.30843
5091.691,0.30826
5089.762,0.30814
5087.833,0.30806
5085.905,0.30794
5083.976,0.30779
5082.047,0.30767
5080.119,0.30753
5078.190,0.30735
5076.261,0.30723
5074.332,0.30718
5072.404,0.30709
5070.475,0.30691
5068.546,0.30674
5066.618,0.30660
5064.689,0.30651
5062.760,0.30641
5060.832,0.30631
5058.903,0.30619
5056.974,0.30606
5055.046,0.30593
5053.117,0.30579
5051.188,0.30564
5049.260,0.30552
5047.331,0.30541
5045.402,0.30525
5043.474,0.30505
5041.545,0.30488
5039.616,0.30475
5037.688,0.30461
5035.759,0.30447
5033.830,0.30436
5031.902,0.30424
5029.973,0.30412
5028.044,0.30400
5026.116,0.30387
5024.187,0.30373
5022.258,0.30357
5020.330,0.30340
5018.401,0.30325
5016.472,0.30313
5014.544,0.30298
5012.615,0.30282
5010.686,0.30271
5008.758,0.30263
5006.829,0.30250
5004.900,0.30232
5002.972,0.30212
5001.043,0.30196
4999.114,0.30183
4997.186,0.30173
4995.257,0.30164
4993.328,0.30153
4991.400,0.30141
4989.471,0.30129
4987.542,0.30116
4985.614,0.30102
4983.685,0.30091
4981.756,0.30078
4979.828,0.30063
4977.899,0.30051
4975.970,0.30038
4974.042,0.30023
4972.113,0.30009
4970.184,0.29995
4968.256,0.29979
4966.327,0.29962
4964.398,0.29947
4962.470,0.29937
4960.541,0.29929
4958.612,0.29919
4956.684,0.29905
4954.755,0.29888
4952.826,0.29874
4950.898,0.29864
4948.969,0.29855
4947.040,0.29844
4945.112,0.29831
4943.183,0.29814
4941.254,0.29798
4939.326,0.29787
4937.397,0.29774
4935.468,0.29759
4933.540,0.29745
4931.611,0.29735
4929.682,0.29721
4927.754,0.29704
4925.825,0.29689
4923.896,0.29679
4921.968,0.29669
4920.039,0.29661
4918.110,0.29653
4916.181,0.29639
4914.253,0.29620
4912.324,0.29605
4910.395,0.29595
4908.467,0.29587
4906.538,0.29577
4904.609,0.29562
4902.681,0.29544
4900.752,0.29525
4898.823,0.29505
4896.895,0.29483
4894.966,0.29470
4893.037,0.29465
4891.109,0.29459
4889.180,0.29446
4887.251,0.29434
4885.323,0.29424
4883.394,0.29413
4881.465,0.29399
4879.537,0.29381
4877.608,0.29356
4875.679,0.29336
4873.751,0.29328
4871.822,0.29323
4869.893,0.29313
4867.965,0.29300
4866.036,0.29287
4864.107,0.29273
4862.179,0.29255
4860.250,0.29237
4858.321,0.29222
4856.393,0.29208
4854.464,0.29191
4852.535,0.29173
4850.607,0.29158
4848.678,0.29148
4846.749,0.29138
4844.821,0.29130
4842.892,0.29123
4840.963,0.29112
4839.035,0.29097
4837.106,0.29080
4835.177,0.29064
4833.249,0.29049
4831.320,0.29039
4829.391,0.29036
4827.463,0.29035
4825.534,0.29026
4823.605,0.29011
4821.677,0.28993
4819.748,0.28972
4817.819,0.28955
4815.891,0.28942
4813.962,0.28931
4812.033,0.28917
4810.105,0.28902
4808.176,0.28886
4806.247,0.28872
4804.319,0.28864
4802.390,0.28858
4800.461,0.28848
4798.533,0.28830
4796.604,0.28809
4794.675,0.28796
4792.747,0.28791
4790.818,0.28784
4788.889,0.28770
4786.961,0.28753
4785.032,0.28735
4783.103,0.28723
4781.175,0.28717
4779.246,0.28710
4777.317,0.28697
4775.389,0.28682
4773.460,0.28669
4771.531,0.28656
4769.603,0.28643
4767.674,0.28629
4765.745,0.28616
4763.817,0.28604
4761.888,0.28593
4759.959,0.28579
4758.031,0.28561
4756.102,0.28542
4754.173,0.28526
4752.244,0.28517
4750.316,0.28510
4748.387,0.28500
4746.458,0.28486
4744.530,0.28472
4742.601,0.28460
4740.672,0.28450
4738.744,0.28438
4736.815,0.28423
4734.886,0.28405
4732.958,0.28388
4731.029,0.28376
4729.100,0.28365
4727.172,0.28352
4725.243,0.28338
4723.314,0.28324
4721.386,0.28312
4719.457,0.28303
4717.528,0.28295
4715.600,0.28285
4713.671,0.28274
4711.742,0.28264
4709.814,0.28255
4707.885,0.28246
4705.956,0.28236
4704.028,0.28228
4702.099,0.28219
4700.170,0.28207
4698.242,0.28195
4696.313,0.28184
4694.384,0.28169
4692.456,0.28151
4690.527,0.28135
4688.598,0.28122
4686.670,0.28110
4684.741,0.28096
4682.812,0.28080
4680.884,0.28065
4678.955,0.28049
4677.026,0.28033
4675.098,0.28018
4673.169,0.28002
4671.240,0.27988
4669.312,0.27978
4667.383,0.27969
4665.454,0.27961
4663.526,0.27953
4661.597,0.27941
4659.668,0.27927
4657.740,0.27916
4655.811,0.27905
4653.882,0.27895
4651.954,0.27888
4650.025,0.27882
4648.096,0.27872
4646.168,0.27858
4644.239,0.27845
4642.310,0.27831
4640.382,0.27814
4638.453,0.27796
4636.524,0.27779
4634.596,0.27764
4632.667,0.27750
4630.738,0.27740
4628.810,0.27732
4626.881,0.27720
4624.952,0.27707
4623.024,0.27695
4621.095,0.27684
4619.166,0.27673
4617.238,0.27660
4615.309,0.27647
4613.380,0.27633
4611.452,0.27619
4609.523,0.27604
4607.594,0.27590
4605.666,0.27580
4603.737,0.27571
4601.808,0.27561
4599.880,0.27552
4597.951,0.27543
4596.022,0.27533
4594.093,0.27519
4592.165,0.27506
4590.236,0.27496
4588.307,0.27486
4586.379,0.27479
4584.450,0.27476
4582.521,0.27474
4580.593,0.27470
4578.664,0.27463
4576.735,0.27455
4574.807,0.27452
4572.878,0.27450
4570.949,0.27438
4569.021,0.27416
4567.092,0.27394
4565.163,0.27379
4563.235,0.27369
4561.306,0.27357
4559.377,0.27342
4557.449,0.27327
4555.520,0.27310
4553.591,0.27291
4551.663,0.27275
4549.734,0.27262
4547.805,0.27247
4545.877,0.27231
4543.948,0.27213
4542.019,0.27194
4540.091,0.27179
4538.162,0.27168
4536.233,0.27158
4534.305,0.27149
4532.376,0.27137
4530.447,0.27118
4528.519,0.27097
4526.590,0.27083
4524.661,0.27075
4522.733,0.27065
4520.804,0.27053
4518.875,0.27041
4516.947,0.27033
4515.018,0.27030
4513.089,0.27027
4511.161,0.27020
4509.232,0.27013
4507.303,0.27006
4505.375,0.26996
4503.446,0.26985
4501.517,0.26974
4499.589,0.26959
4497.660,0.26940
4495.731,0.26926
4493.803,0.26914
4491.874,0.26902
4489.945,0.26891
4488.017,0.26881
4486.088,0.26870
4484.159,0.26857
4482.231,0.26844
4480.302,0.26830
4478.373,0.26817
4476.445,0.26805
4474.516,0.26797
4472.587,0.26792
4470.659,0.26788
4468.730,0.26781
4466.801,0.26773
4464.873,0.26768
4462.944,0.26773
4461.015,0.26783
4459.087,0.26790
4457.158,0.26797
4455.229,0.26799
4453.301,0.26791
4451.372,0.26777
4449.443,0.26762
4447.515,0.26740
4445.586,0.26715
4443.657,0.26694
4441.729,0.26674
4439.800,0.26652
4437.871,0.26635
4435.943,0.26621
4434.014,0.26604
4432.085,0.26584
4430.156,0.26569
4428.228,0.26556
4426.299,0.26543
4424.370,0.26533
4422.442,0.26524
4420.513,0.26510
4418.584,0.26496
4416.656,0.26483
4414.727,0.26465
4412.798,0.26449
4410.870,0.26443
4408.941,0.26436
4407.012,0.26422
4405.084,0.26407
4403.155,0.26396
4401.226,0.26384
4399.298,0.26373
4397.369,0.26365
4395.440,0.26357
4393.512,0.26347
4391.583,0.26338
4389.654,0.26329
4387.726,0.26325
4385.797,0.26328
4383.868,0.26335
4381.940,0.26341
4380.011,0.26341
4378.082,0.26334
4376.154,0.26320
4374.225,0.26303
4372.296,0.26286
4370.368,0.26267
4368.439,0.26241
4366.510,0.26215
4364.582,0.26192
4362.653,0.26171
4360.724,0.26151
4358.796,0.26136
4356.867,0.26120
4354.938,0.26104
4353.010,0.26092
4351.081,0.26081
4349.152,0.26067
4347.224,0.26058
4345.295,0.26054
4343.366,0.26049
4341.438,0.26042
4339.509,0.26037
4337.580,0.26032
4335.652,0.26025
4333.723,0.26023
4331.794,0.26026
4329.866,0.26032
4327.937,0.26041
4326.008,0.26055
4324.080,0.26062
4322.151,0.26049
4320.222,0.26014
4318.294,0.25967
4316.365,0.25916
4314.436,0.25872
4312.508,0.25841
4310.579,0.25818
4308.650,0.25804
4306.722,0.25800
4304.793,0.25797
4302.864,0.25789
4300.936,0.25779
4299.007,0.25769
4297.078,0.25758
4295.150,0.25748
4293.221,0.25738
4291.292,0.25723
4289.364,0.25703
4287.435,0.25681
4285.506,0.25661
4283.578,0.25648
4281.649,0.25645
4279.720,0.25648
4277.792,0.25650
4275.863,0.25657
4273.934,0.25668
4272.005,0.25672
4270.077,0.25670
4268.148,0.25666
4266.219,0.25659
4264.291,0.25648
4262.362,0.25632
4260.433,0.25614
4258.505,0.25598
4256.576,0.25586
4254.647,0.25582
4252.719,0.25576
4250.790,0.25557
4248.861,0.25521
4246.933,0.25481
4245.004,0.25447
4243.075,0.25423
4241.147,0.25405
4239.218,0.25388
4237.289,0.25373
4235.361,0.25363
4233.432,0.25355
4231.503,0.25347
4229.575,0.25340
4227.646,0.25332
4225.717,0.25322
4223.789,0.25307
4221.860,0.25288
4219.931,0.25266
4218.003,0.25248
4216.074,0.25234
4214.145,0.25217
4212.217,0.25197
4210.288,0.25177
4208.359,0.25157
4206.431,0.25140
4204.502,0.25129
4202.573,0.25127
4200.645,0.25122
4198.716,0.25114
4196.787,0.25106
4194.859,0.25101
4192.930,0.25099
4191.001,0.25106
4189.073,0.25118
4187.144,0.25126
4185.215,0.25131
4183.287,0.25131
4181.358,0.25125
4179.429,0.25116
4177.501,0.25106
4175.572,0.25091
4173.643,0.25069
4171.715,0.25047
4169.786,0.25025
4167.857,0.25000
4165.929,0.24976
4164.000,0.24954
4162.071,0.24931
4160.143,0.24908
4158.214,0.24884
4156.285,0.24858
4154.357,0.24832
4152.428,0.24817
4150.499,0.24809
4148.571,0.24799
4146.642,0.24785
4144.713,0.24771
4142.785,0.24758
4140.856,0.24744
4138.927,0.24733
4136.999,0.24722
4135.070,0.24705
4133.141,0.24684
4131.213,0.24666
4129.284,0.24650
4127.355,0.24636
4125.427,0.24624
4123.498,0.24608
4121.569,0.24589
4119.641,0.24570
4117.712,0.24550
4115.783,0.24531
4113.855,0.24517
4111.926,0.24511
4109.997,0.24503
4108.068,0.24491
4106.140,0.24478
4104.211,0.24468
4102.282,0.24460
4100.354,0.24453
4098.425,0.24444
4096.496,0.24429
4094.568,0.24409
4092.639,0.24389
4090.710,0.24368
4088.782,0.24347
4086.853,0.24330
4084.924,0.24316
4082.996,0.24300
4081.067,0.24279
4079.138,0.24256
4077.210,0.24237
4075.281,0.24226
4073.352,0.24221
4071.424,0.24215
4069.495,0.24203
4067.566,0.24189
4065.638,0.24176
4063.709,0.24168
4061.780,0.24164
4059.852,0.24163
4057.923,0.24159
4055.994,0.24151
4054.066,0.24143
4052.137,0.24139
4050.208,0.24137
4048.280,0.24139
4046.351,0.24139
4044.422,0.24136
4042.494,0.24127
4040.565,0.24117
4038.636,0.24108
4036.708,0.24100
4034.779,0.24090
4032.850,0.24075
4030.922,0.24054
4028.993,0.24031
4027.064,0.24006
4025.136,0.23986
4023.207,0.23972
4021.278,0.23958
4019.350,0.23937
4017.421,0.23910
4015.492,0.23883
4013.564,0.23860
4011.635,0.23847
4009.706,0.23844
4007.778,0.23847
4005.849,0.23850
4003.920,0.23856
4001.992,0.23866
4000.063,0.23878
3998.134,0.23887
3996.206,0.23888
3994.277,0.23880
3992.348,0.23864
3990.420,0.23841
3988.491,0.23816
3986.562,0.23794
3984.634,0.23777
3982.705,0.23762
3980.776,0.23749
3978.848,0.23737
3976.919,0.23726
3974.990,0.23714
3973.062,0.23703
3971.133,0.23694
3969.204,0.23680
3967.276,0.23656
3965.347,0.23626
3963.418,0.23594
3961.490,0.23562
3959.561,0.23533
3957.632,0.23510
3955.704,0.23488
3953.775,0.23464
3951.846,0.23440
3949.917,0.23416
3947.989,0.23395
3946.060,0.23378
3944.131,0.23364
3942.203,0.23350
3940.274,0.23334
3938.345,0.23314
3936.417,0.23296
3934.488,0.23285
3932.559,0.23280
3930.631,0.23275
3928.702,0.23267
3926.773,0.23258
3924.845,0.23244
3922.916,0.23228
3920.987,0.23214
3919.059,0.23205
3917.130,0.23192
3915.201,0.23175
3913.273,0.23154
3911.344,0.23132
3909.415,0.23115
3907.487,0.23107
3905.558,0.23102
3903.629,0.23093
3901.701,0.23080
3899.772,0.23066
3897.843,0.23053
3895.915,0.23047
3893.986,0.23049
3892.057,0.23050
3890.129,0.23044
3888.200,0.23031
3886.271,0.23011
3884.343,0.22986
3882.414,0.22964
3880.485,0.22950
3878.557,0.22939
3876.628,0.22927
3874.699,0.22913
3872.771,0.22898
3870.842,0.22880
3868.913,0.22865
3866.985,0.22854
3865.056,0.22846
3863.127,0.22833
3861.199,0.22812
3859.270,0.22789
3857.341,0.22777
3855.413,0.22777
3853.484,0.22774
3851.555,0.22760
3849.627,0.22741
3847.698,0.22721
3845.769,0.22701
3843.841,0.22686
3841.912,0.22679
3839.983,0.22671
3838.055,0.22657
3836.126,0.22640
3834.197,0.22621
3832.269,0.22601
3830.340,0.22586
3828.411,0.22576
3826.483,0.22567
3824.554,0.22558
3822.625,0.22549
3820.697,0.22537
3818.768,0.22528
3816.839,0.22523
3814.911,0.22514
3812.982,0.22501
3811.053,0.22485
3809.125,0.22464
3807.196,0.22440
3805.267,0.22423
3803.339,0.22416
3801.410,0.22408
3799.481,0.22391
3797.553,0.22374
3795.624,0.22357
3793.695,0.22337
3791.767,0.22322
3789.838,0.22316
3787.909,0.22310
3785.980,0.22297
3784.052,0.22280
3782.123,0.22260
3780.194,0.22243
3778.266,0.22232
3776.337,0.22224
3774.408,0.22212
3772.480,0.22200
3770.551,0.22186
3768.622,0.22168
3766.694,0.22151
3764.765,0.22142
3762.836,0.22135
3760.908,0.22124
3758.979,0.22107
3757.050,0.22085
3755.122,0.22064
3753.193,0.22053
3751.264,0.22049
3749.336,0.22040
3747.407,0.22025
3745.478,0.22010
3743.550,0.21989
3741.621,0.21966
3739.692,0.21955
3737.764,0.21953
3735.835,0.21946
3733.906,0.21932
3731.978,0.21913
3730.049,0.21893
3728.120,0.21877
3726.192,0.21872
3724.263,0.21868
3722.334,0.21858
3720.406,0.21845
3718.477,0.21829
3716.548,0.21814
3714.620,0.21805
3712.691,0.21804
3710.762,0.21799
3708.834,0.21786
3706.905,0.21774
3704.976,0.21763
3703.048,0.21747
3701.119,0.21735
3699.190,0.21731
3697.262,0.21727
3695.333,0.21716
3693.404,0.21703
3691.476,0.21687
3689.547,0.21672
3687.618,0.21664
3685.690,0.21663
3683.761,0.21664
3681.832,0.21665
3679.904,0.21666
3677.975,0.21664
3676.046,0.21664
3674.118,0.21671
3672.189,0.21679
3670.260,0.21681
3668.332,0.21678
3666.403,0.21672
3664.474,0.21667
3662.546,0.21671
3660.617,0.21684
3658.688,0.21694
3656.760,0.21697
3654.831,0.21697
3652.902,0.21700
3650.974,0.21707
3649.045,0.21719
3647.116,0.21731
3645.188,0.21738
3643.259,0.21742
3641.330,0.21745
3639.402,0.21744
3637.473,0.21744
3635.544,0.21753
3633.616,0.21767
3631.687,0.21776
3629.758,0.21783
3627.830,0.21784
3625.901,0.21778
3623.972,0.21779
3622.043,0.21795
3620.115,0.21814
3618.186,0.21825
3616.257,0.21833
3614.329,0.21843
3612.400,0.21855
3610.471,0.21875
3608.543,0.21900
3606.614,0.21916
3604.685,0.21922
3602.757,0.21923
3600.828,0.21919
3598.899,0.21918
3596.971,0.21928
3595.042,0.21940
3593.113,0.21945
3591.185,0.21945
3589.256,0.21949
3587.327,0.21949
3585.399,0.21949
3583.470,0.21960
3581.541,0.21974
3579.613,0.21981
3577.684,0.21987
3575.755,0.21992
3573.827,0.21997
3571.898,0.22007
3569.969,0.22027
3568.041,0.22041
3566.112,0.22046
3564.183,0.22048
3562.255,0.22049
3560.326,0.22051
3558.397,0.22065
3556.469,0.22084
3554.540,0.22097
3552.611,0.22102
3550.683,0.22106
3548.754,0.22106
3546.825,0.22109
3544.897,0.22123
3542.968,0.22139
3541.039,0.22145
3539.111,0.22144
3537.182,0.22142
3535.253,0.22141
3533.325,0.22147
3531.396,0.22163
3529.467,0.22178
3527.539,0.22181
3525.610,0.22181
3523.681,0.22179
3521.753,0.22175
3519.824,0.22180
3517.895,0.22196
3515.967,0.22208
3514.038,0.22209
3512.109,0.22208
3510.181,0.22203
3508.252,0.22198
3506.323,0.22207
3504.395,0.22219
3502.466,0.22219
3500.537,0.22213
3498.609,0.22211
3496.680,0.22211
3494.751,0.22212
3492.823,0.22221
3490.894,0.22231
3488.965,0.22231
3487.037,0.22227
3485.108,0.22222
3483.179,0.22214
3481.251,0.22215
3479.322,0.22226
3477.393,0.22230
3475.465,0.22224
3473.536,0.22219
3471.607,0.22216
3469.679,0.22212
3467.750,0.22217
3465.821,0.22229
3463.892,0.22235
3461.964,0.22231
3460.035,0.22222
3458.106,0.22209
3456.178,0.22200
3454.249,0.22204
3452.320,0.22207
3450.392,0.22196
3448.463,0.22177
3446.534,0.22157
3444.606,0.22137
3442.677,0.22125
3440.748,0.22124
3438.820,0.22118
3436.891,0.22101
3434.962,0.22083
3433.034,0.22064
3431.105,0.22044
3429.176,0.22033
3427.248,0.22028
3425.319,0.22013
3423.390,0.21988
3421.462,0.21963
3419.533,0.21940
3417.604,0.21917
3415.676,0.21903
3413.747,0.21893
3411.818,0.21870
3409.890,0.21837
3407.961,0.21804
3406.032,0.21773
3404.104,0.21743
3402.175,0.21721
3400.246,0.21697
3398.318,0.21661
3396.389,0.21624
3394.460,0.21591
3392.532,0.21558
3390.603,0.21531
3388.674,0.21512
3386.746,0.21487
3384.817,0.21451
3382.888,0.21411
3380.960,0.21372
3379.031,0.21337
3377.102,0.21311
3375.174,0.21286
3373.245,0.21249
3371.316,0.21205
3369.388,0.21165
3367.459,0.21127
3365.530,0.21090
3363.602,0.21063
3361.673,0.21037
3359.744,0.20998
3357.816,0.20952
3355.887,0.20911
3353.958,0.20871
3352.030,0.20838
3350.101,0.20814
3348.172,0.20786
3346.244,0.20745
3344.315,0.20703
3342.386,0.20664
3340.458,0.20625
3338.529,0.20595
3336.600,0.20571
3334.672,0.20540
3332.743,0.20498
3330.814,0.20460
3328.886,0.20425
3326.957,0.20391
3325.028,0.20365
3323.100,0.20344
3321.171,0.20312
3319.242,0.20272
3317.314,0.20237
3315.385,0.20206
3313.456,0.20180
3311.528,0.20162
3309.599,0.20141
3307.670,0.20108
3305.742,0.20075
3303.813,0.20045
3301.884,0.20018
3299.955,0.19994
3298.027,0.19977
3296.098,0.19955
3294.169,0.19926
3292.241,0.19899
3290.312,0.19874
3288.383,0.19847
3286.455,0.19824
3284.526,0.19803
3282.597,0.19773
3280.669,0.19738
3278.740,0.19710
3276.811,0.19685
3274.883,0.19657
3272.954,0.19634
3271.025,0.19611
3269.097,0.19578
3267.168,0.19542
3265.239,0.19512
3263.311,0.19480
3261.382,0.19445
3259.453,0.19416
3257.525,0.19389
3255.596,0.19354
3253.667,0.19320
3251.739,0.19286
3249.810,0.19248
3247.881,0.19211
3245.953,0.19173
3244.024,0.19124
3242.095,0.19069
3240.167,0.19020
3238.238,0.18977
3236.309,0.18939
3234.381,0.18914
3232.452,0.18901
3230.523,0.18893
3228.595,0.18890
3226.666,0.18892
3224.737,0.18892
3222.809,0.18886
3220.880,0.18882
3218.951,0.18869
3217.023,0.18838
3215.094,0.18796
3213.165,0.18753
3211.237,0.18709
3209.308,0.18672
3207.379,0.18646
3205.451,0.18622
3203.522,0.18599
3201.593,0.18584
3199.665,0.18571
3197.736,0.18549
3195.807,0.18526
3193.879,0.18502
3191.950,0.18466
3190.021,0.18422
3188.093,0.18385
3186.164,0.18353
3184.235,0.18322
3182.307,0.18295
3180.378,0.18267
3178.449,0.18229
3176.521,0.18192
3174.592,0.18165
3172.663,0.18142
3170.735,0.18119
3168.806,0.18102
3166.877,0.18081
3164.949,0.18054
3163.020,0.18032
3161.091,0.18015
3159.163,0.17997
3157.234,0.17985
3155.305,0.17979
3153.377,0.17969
3151.448,0.17952
3149.519,0.17936
3147.591,0.17916
3145.662,0.17884
3143.733,0.17848
3141.804,0.17804
3139.876,0.17747
3137.947,0.17689
3136.018,0.17637
3134.090,0.17587
3132.161,0.17537
3130.232,0.17493
3128.304,0.17451
3126.375,0.17407
3124.446,0.17370
3122.518,0.17348
3120.589,0.17342
3118.660,0.17366
3116.732,0.17452
3114.803,0.17640
3112.874,0.18028
3110.946,0.18800
3109.017,0.20207
3107.088,0.22416
3105.160,0.25224
3103.231,0.28036
3101.302,0.30402
3099.374,0.32279
3097.445,0.33339
3095.516,0.32965
3093.588,0.31466
3091.659,0.30024
3089.730,0.29393
3087.802,0.29466
3085.873,0.29644
3083.944,0.29365
3082.016,0.28509
3080.087,0.27365
3078.158,0.26281
3076.230,0.25457
3074.301,0.24958
3072.372,0.24768
3070.444,0.24811
3068.515,0.25007
3066.586,0.25332
3064.658,0.25813
3062.729,0.26466
3060.800,0.27237
3058.872,0.27952
3056.943,0.28330
3055.014,0.28158
3053.086,0.27447
3051.157,0.26393
3049.228,0.25222
3047.300,0.24112
3045.371,0.23156
3043.442,0.22381
3041.514,0.21777
3039.585,0.21320
3037.656,0.20976
3035.728,0.20717
3033.799,0.20533
3031.870,0.20417
3029.942,0.20367
3028.013,0.20395
3026.084,0.20509
3024.156,0.20696
3022.227,0.20934
3020.298,0.21190
3018.370,0.21415
3016.441,0.21565
3014.512,0.21620
3012.584,0.21578
3010.655,0.21440
3008.726,0.21220
3006.798,0.20952
3004.869,0.20674
3002.940,0.20422
3001.012,0.20219
2999.083,0.20055
2997.154,0.19920
2995.226,0.19809
2993.297,0.19718
2991.368,0.19642
2989.440,0.19589
2987.511,0.19562
2985.582,0.19554
2983.654,0.19566
2981.725,0.19600
2979.796,0.19660
2977.867,0.19749
2975.939,0.19878
2974.010,0.20048
2972.081,0.20259
2970.153,0.20516
2968.224,0.20824
2966.295,0.21187
2964.367,0.21622
2962.438,0.22143
2960.509,0.22717
2958.581,0.23237
2956.652,0.23535
2954.723,0.23458
2952.795,0.23015
2950.866,0.22410
2948.937,0.21885
2947.009,0.21557
2945.080,0.21435
2943.151,0.21489
2941.223,0.21685
2939.294,0.22003
2937.365,0.22439
2935.437,0.22991
2933.508,0.23649
2931.579,0.24422
2929.651,0.25333
2927.722,0.26414
2925.793,0.27709
2923.865,0.29238
2921.936,0.30911
2920.007,0.32447
2918.079,0.33285
2916.150,0.32778
2914.221,0.30952
2912.293,0.28717
2910.364,0.26909
2908.435,0.25716
2906.507,0.24983
2904.578,0.24544
2902.649,0.24283
2900.721,0.24124
2898.792,0.24027
2896.863,0.23958
2894.935,0.23889
2893.006,0.23814
2891.077,0.23731
2889.149,0.23634
2887.220,0.23527
2885.291,0.23422
2883.363,0.23323
2881.434,0.23231
2879.505,0.23147
2877.577,0.23053
2875.648,0.22908
2873.719,0.22682
2871.791,0.22374
2869.862,0.22027
2867.933,0.21733
2866.005,0.21577
2864.076,0.21595
2862.147,0.21788
2860.219,0.22158
2858.290,0.22738
2856.361,0.23648
2854.433,0.25099
2852.504,0.27117
2850.575,0.28917
2848.647,0.29066
2846.718,0.27252
2844.789,0.24791
2842.861,0.22830
2840.932,0.21550
2839.003,0.20726
2837.075,0.20162
2835.146,0.19767
2833.217,0.19502
2831.289,0.19329
2829.360,0.19211
2827.431,0.19125
2825.503,0.19029
2823.574,0.18895
2821.645,0.18737
2819.716,0.18574
2817.788,0.18404
2815.859,0.18237
2813.930,0.18084
2812.002,0.17937
2810.073,0.17793
2808.144,0.17661
2806.216,0.17538
2804.287,0.17415
2802.358,0.17305
2800.430,0.17215
2798.501,0.17136
2796.572,0.17072
2794.644,0.17031
2792.715,0.17002
2790.786,0.16975
2788.858,0.16953
2786.929,0.16926
2785.000,0.16882
2783.072,0.16836
2781.143,0.16807
2779.214,0.16787
2777.286,0.16778
2775.357,0.16779
2773.428,0.16767
2771.500,0.16723
2769.571,0.16666
2767.642,0.16606
2765.714,0.16539
2763.785,0.16475
2761.856,0.16432
2759.928,0.16404
2757.999,0.16386
2756.070,0.16386
2754.142,0.16389
2752.213,0.16378
2750.284,0.16363
2748.356,0.16345
2746.427,0.16315
2744.498,0.16285
2742.570,0.16265
2740.641,0.16238
2738.712,0.16199
2736.784,0.16169
2734.855,0.16144
2732.926,0.16113
2730.998,0.16089
2729.069,0.16076
2727.140,0.16057
2725.212,0.16038
2723.283,0.16032
2721.354,0.16024
2719.426,0.16011
2717.497,0.16012
2715.568,0.16023
2713.640,0.16030
2711.711,0.16046
2709.782,0.16076
2707.854,0.16098
2705.925,0.16111
2703.996,0.16124
2702.068,0.16110
2700.139,0.16048
2698.210,0.15958
2696.282,0.15852
2694.353,0.15729
2692.424,0.15617
2690.496,0.15532
2688.567,0.15456
2686.638,0.15386
2684.710,0.15338
2682.781,0.15302
2680.852,0.15266
2678.924,0.15246
2676.995,0.15240
2675.066,0.15223
2673.138,0.15204
2671.209,0.15194
2669.280,0.15181
2667.352,0.15165
2665.423,0.15161
2663.494,0.15157
2661.566,0.15138
2659.637,0.15122
2657.708,0.15110
2655.779,0.15083
2653.851,0.15052
2651.922,0.15037
2649.993,0.15025
2648.065,0.15010
2646.136,0.15011
2644.207,0.15020
2642.279,0.15016
2640.350,0.15014
2638.421,0.15023
2636.493,0.15019
2634.564,0.15004
2632.635,0.14992
2630.707,0.14969
2628.778,0.14926
2626.849,0.14889
2624.921,0.14862
2622.992,0.14828
2621.063,0.14805
2619.135,0.14805
2617.206,0.14808
2615.277,0.14809
2613.349,0.14817
2611.420,0.14810
2609.491,0.14772
2607.563,0.14729
2605.634,0.14688
2603.705,0.14637
2601.777,0.14594
2599.848,0.14576
2597.919,0.14564
2595.991,0.14555
2594.062,0.14563
2592.133,0.14572
2590.205,0.14562
2588.276,0.14557
2586.347,0.14565
2584.419,0.14569
2582.490,0.14582
2580.561,0.14617
2578.633,0.14646
2576.704,0.14659
2574.775,0.14676
2572.847,0.14684
2570.918,0.14666
2568.989,0.14647
2567.061,0.14639
2565.132,0.14624
2563.203,0.14608
2561.275,0.14606
2559.346,0.14595
2557.417,0.14562
2555.489,0.14528
2553.560,0.14483
2551.631,0.14410
2549.703,0.14338
2547.774,0.14287
2545.845,0.14234
2543.917,0.14182
2541.988,0.14153
2540.059,0.14129
2538.131,0.14105
2536.202,0.14106
2534.273,0.14126
2532.345,0.14138
2530.416,0.14156
2528.487,0.14189
2526.559,0.14209
2524.630,0.14211
2522.701,0.14210
2520.773,0.14178
2518.844,0.14105
2516.915,0.14028
2514.987,0.13963
2513.058,0.13893
2511.129,0.13834
2509.201,0.13800
2507.272,0.13766
2505.343,0.13725
2503.415,0.13699
2501.486,0.13677
2499.557,0.13648
2497.628,0.13638
2495.700,0.13652
2493.771,0.13658
2491.842,0.13665
2489.914,0.13685
2487.985,0.13698
2486.056,0.13701
2484.128,0.13720
2482.199,0.13740
2480.270,0.13736
2478.342,0.13726
2476.413,0.13723
2474.484,0.13709
2472.556,0.13692
2470.627,0.13693
2468.698,0.13688
2466.770,0.13666
2464.841,0.13654
2462.912,0.13654
2460.984,0.13644
2459.055,0.13644
2457.126,0.13660
2455.198,0.13665
2453.269,0.13661
2451.340,0.13667
2449.412,0.13669
2447.483,0.13661
2445.554,0.13671
2443.626,0.13691
2441.697,0.13694
2439.768,0.13687
2437.840,0.13674
2435.911,0.13631
2433.982,0.13567
2432.054,0.13520
2430.125,0.13483
2428.196,0.13444
2426.268,0.13423
2424.339,0.13414
2422.410,0.13388
2420.482,0.13363
2418.553,0.13361
2416.624,0.13359
2414.696,0.13350
2412.767,0.13355
2410.838,0.13361
2408.910,0.13348
2406.981,0.13347
2405.052,0.13377
2403.124,0.13413
2401.195,0.13429
2399.266,0.13401
2397.338,0.13310
2395.409,0.13194
2393.480,0.13114
2391.552,0.13065
2389.623,0.13019
2387.694,0.12989
2385.766,0.12973
2383.837,0.12952
2381.908,0.12936
2379.980,0.12945
2378.051,0.12955
2376.122,0.12951
2374.194,0.12954
2372.265,0.12960
2370.336,0.12951
2368.408,0.12940
2366.479,0.12927
2364.550,0.12890
2362.622,0.12844
2360.693,0.12821
2358.764,0.12804
2356.836,0.12780
2354.907,0.12768
2352.978,0.12752
2351.050,0.12710
2349.121,0.12662
2347.192,0.12632
2345.264,0.12601
2343.335,0.12579
2341.406,0.12586
2339.478,0.12594
2337.549,0.12576
2335.620,0.12554
2333.691,0.12529
2331.763,0.12488
2329.834,0.12453
2327.905,0.12435
2325.977,0.12408
2324.048,0.12375
2322.119,0.12357
2320.191,0.12341
2318.262,0.12313
2316.333,0.12300
2314.405,0.12298
2312.476,0.12286
2310.547,0.12281
2308.619,0.12301
2306.690,0.12323
2304.761,0.12348
2302.833,0.12395
2300.904,0.12439
2298.975,0.12458
2297.047,0.12478
2295.118,0.12505
2293.189,0.12512
2291.261,0.12507
2289.332,0.12496
2287.403,0.12448
2285.475,0.12368
2283.546,0.12296
2281.617,0.12232
2279.689,0.12165
2277.760,0.12120
2275.831,0.12098
2273.903,0.12063
2271.974,0.12028
2270.045,0.12012
2268.117,0.11994
2266.188,0.11971
2264.259,0.11969
2262.331,0.11970
2260.402,0.11949
2258.473,0.11928
2256.545,0.11909
2254.616,0.11869
2252.687,0.11825
2250.759,0.11800
2248.830,0.11773
2246.901,0.11736
2244.973,0.11713
2243.044,0.11690
2241.115,0.11647
2239.187,0.11611
2237.258,0.11589
2235.329,0.11553
2233.401,0.11511
2231.472,0.11486
2229.543,0.11457
2227.615,0.11417
2225.686,0.11395
2223.757,0.11379
2221.829,0.11345
2219.900,0.11315
2217.971,0.11302
2216.043,0.11277
2214.114,0.11250
2212.185,0.11246
2210.257,0.11238
2208.328,0.11213
2206.399,0.11199
2204.471,0.11191
2202.542,0.11166
2200.613,0.11147
2198.685,0.11143
2196.756,0.11120
2194.827,0.11086
2192.899,0.11068
2190.970,0.11046
2189.041,0.11008
2187.113,0.10988
2185.184,0.10980
2183.255,0.10957
2181.327,0.10944
2179.398,0.10959
2177.469,0.10967
2175.540,0.10963
2173.612,0.10962
2171.683,0.10934
2169.754,0.10874
2167.826,0.10829
2165.897,0.10806
2163.968,0.10769
2162.040,0.10739
2160.111,0.10736
2158.182,0.10722
2156.254,0.10696
2154.325,0.10695
2152.396,0.10697
2150.468,0.10679
2148.539,0.10669
2146.610,0.10665
2144.682,0.10631
2142.753,0.10592
2140.824,0.10575
2138.896,0.10549
2136.967,0.10514
2135.038,0.10508
2133.110,0.10507
2131.181,0.10486
2129.252,0.10478
2127.324,0.10491
2125.395,0.10487
2123.466,0.10483
2121.538,0.10504
2119.609,0.10513
2117.680,0.10499
2115.752,0.10502
2113.823,0.10506
2111.894,0.10486
2109.966,0.10473
2108.037,0.10470
2106.108,0.10431
2104.180,0.10376
2102.251,0.10346
2100.322,0.10312
2098.394,0.10264
2096.465,0.10244
2094.536,0.10235
2092.608,0.10199
2090.679,0.10170
2088.750,0.10168
2086.822,0.10149
2084.893,0.10124
2082.964,0.10128
2081.036,0.10121
2079.107,0.10079
2077.178,0.10050
2075.250,0.10031
2073.321,0.09987
2071.392,0.09953
2069.464,0.09950
2067.535,0.09926
2065.606,0.09885
2063.678,0.09869
2061.749,0.09849
2059.820,0.09801
2057.892,0.09775
2055.963,0.09767
2054.034,0.09731
2052.106,0.09702
2050.177,0.09707
2048.248,0.09692
2046.320,0.09654
2044.391,0.09644
2042.462,0.09633
2040.534,0.09590
2038.605,0.09563
2036.676,0.09559
2034.748,0.09528
2032.819,0.09502
2030.890,0.09514
2028.962,0.09511
2027.033,0.09484
2025.104,0.09485
2023.176,0.09488
2021.247,0.09455
2019.318,0.09436
2017.390,0.09440
2015.461,0.09407
2013.532,0.09361
2011.603,0.09352
2009.675,0.09339
2007.746,0.09314
2005.817,0.09332
2003.889,0.09361
2001.960,0.09341
2000.031,0.09311
1998.103,0.09288
1996.174,0.09228
1994.245,0.09161
1992.317,0.09139
1990.388,0.09108
1988.459,0.09046
1986.531,0.09018
1984.602,0.09007
1982.673,0.08962
1980.745,0.08930
1978.816,0.08937
1976.887,0.08914
1974.959,0.08874
1973.030,0.08871
1971.101,0.08860
1969.173,0.08813
1967.244,0.08791
1965.315,0.08785
1963.387,0.08736
1961.458,0.08688
1959.529,0.08681
1957.601,0.08653
1955.672,0.08609
1953.743,0.08609
1951.815,0.08606
1949.886,0.08561
1947.957,0.08541
1946.029,0.08551
1944.100,0.08523
1942.171,0.08493
1940.243,0.08499
1938.314,0.08477
1936.385,0.08422
1934.457,0.08410
1932.528,0.08405
1930.599,0.08358
1928.671,0.08331
1926.742,0.08332
1924.813,0.08291
1922.885,0.08241
1920.956,0.08241
1919.027,0.08229
1917.099,0.08188
1915.170,0.08188
1913.241,0.08196
1911.313,0.08154
1909.384,0.08124
1907.455,0.08132
1905.527,0.08101
1903.598,0.08058
1901.669,0.08062
1899.741,0.08049
1897.812,0.07994
1895.883,0.07977
1893.955,0.07980
1892.026,0.07937
1890.097,0.07909
1888.169,0.07924
1886.240,0.07902
1884.311,0.07863
1882.383,0.07875
1880.454,0.07878
1878.525,0.07833
1876.597,0.07819
1874.668,0.07823
1872.739,0.07775
1870.811,0.07735
1868.882,0.07745
1866.953,0.07726
1865.025,0.07684
1863.096,0.07697
1861.167,0.07711
1859.239,0.07684
1857.310,0.07702
1855.381,0.07771
1853.452,0.07827
1851.524,0.07944
1849.595,0.08217
1847.666,0.08612
1845.738,0.09066
1843.809,0.09415
1841.880,0.09379
1839.952,0.08969
1838.023,0.08542
1836.094,0.08287
1834.166,0.08118
1832.237,0.08020
1830.308,0.08024
1828.380,0.08045
1826.451,0.08052
1824.522,0.08125
1822.594,0.08239
1820.665,0.08323
1818.736,0.08417
1816.808,0.08542
1814.879,0.08633
1812.950,0.08723
1811.022,0.08835
1809.093,0.08783
1807.164,0.08468
1805.236,0.08084
1803.307,0.07767
1801.378,0.07501
1799.450,0.07329
1797.521,0.07256
1795.592,0.07165
1793.664,0.07063
1791.735,0.07023
1789.806,0.06977
1787.878,0.06889
1785.949,0.06850
1784.020,0.06837
1782.092,0.06768
1780.163,0.06713
1778.234,0.06718
1776.306,0.06689
1774.377,0.06638
1772.448,0.06648
1770.520,0.06651
1768.591,0.06599
1766.662,0.06588
1764.734,0.06614
1762.805,0.06587
1760.876,0.06563
1758.948,0.06595
1757.019,0.06594
1755.090,0.06562
1753.162,0.06595
1751.233,0.06638
1749.304,0.06629
1747.376,0.06658
1745.447,0.06727
1743.518,0.06743
1741.590,0.06761
1739.661,0.06843
1737.732,0.06895
1735.804,0.06913
1733.875,0.06981
1731.946,0.07040
1730.018,0.07024
1728.089,0.07024
1726.160,0.07065
1724.232,0.07061
1722.303,0.07061
1720.374,0.07131
1718.446,0.07181
1716.517,0.07197
1714.588,0.07274
1712.660,0.07368
1710.731,0.07402
1708.802,0.07448
1706.874,0.07518
1704.945,0.07522
1703.016,0.07519
1701.088,0.07590
1699.159,0.07648
1697.230,0.07665
1695.302,0.07737
1693.373,0.07829
1691.444,0.07878
1689.515,0.07970
1687.587,0.08131
1685.658,0.08265
1683.729,0.08395
1681.801,0.08590
1679.872,0.08776
1677.943,0.08927
1676.015,0.09128
1674.086,0.09345
1672.157,0.09518
1670.229,0.09741
1668.300,0.10047
1666.371,0.10349
1664.443,0.10674
1662.514,0.11078
1660.585,0.11451
1658.657,0.11716
1656.728,0.11954
1654.799,0.12194
1652.871,0.12425
1650.942,0.12732
1649.013,0.13130
1647.085,0.13510
1645.156,0.13866
1643.227,0.14242
1641.299,0.14580
1639.370,0.14911
1637.441,0.15408
1635.513,0.16124
1633.584,0.17017
1631.655,0.18115
1629.727,0.19387
1627.798,0.20753
1625.869,0.22447
1623.941,0.25043
1622.012,0.28958
1620.083,0.33553
1618.155,0.36385
1616.226,0.35096
1614.297,0.31022
1612.369,0.27629
1610.440,0.26742
1608.511,0.28165
1606.583,0.30806
1604.654,0.33267
1602.725,0.33950
1600.797,0.31935
1598.868,0.28153
1596.939,0.24460
1595.011,0.21909
1593.082,0.20608
1591.153,0.20293
1589.225,0.20637
1587.296,0.21400
1585.367,0.22410
1583.439,0.23505
1581.510,0.24668
1579.581,0.26022
1577.653,0.27581
1575.724,0.29287
1573.795,0.31176
1571.867,0.33292
1569.938,0.35613
1568.009,0.38158
1566.081,0.40968
1564.152,0.44049
1562.223,0.47516
1560.295,0.51688
1558.366,0.56914
1556.437,0.63457
1554.509,0.71399
1552.580,0.80306
1550.651,0.89142
1548.723,0.97256
1546.794,1.05285
1544.865,1.13905
1542.937,1.22125
1541.008,1.27905
1539.079,1.30015
1537.151,1.28441
1535.222,1.23704
1533.293,1.16662
1531.364,1.08360
1529.436,0.99563
1527.507,0.90752
1525.578,0.82460
1523.650,0.75164
1521.721,0.69050
1519.792,0.64077
1517.864,0.60044
1515.935,0.56703
1514.006,0.53917
1512.078,0.51595
1510.149,0.49575
1508.220,0.47657
1506.292,0.45696
1504.363,0.43646
1502.434,0.41581
1500.506,0.39618
1498.577,0.37782
1496.648,0.36052
1494.720,0.34475
1492.791,0.33085
1490.862,0.31844
1488.934,0.30749
1487.005,0.29795
1485.076,0.28892
1483.148,0.28015
1481.219,0.27265
1479.290,0.26706
1477.362,0.26465
1475.433,0.26676
1473.504,0.26954
1471.576,0.26876
1469.647,0.26957
1467.718,0.27730
1465.790,0.28713
1463.861,0.28943
1461.932,0.27834
1460.004,0.25742
1458.075,0.23621
1456.146,0.22055
1454.218,0.21030
1452.289,0.20324
1450.360,0.19818
1448.432,0.19480
1446.503,0.19305
1444.574,0.19472
1442.646,0.20304
1440.717,0.21891
1438.788,0.23660
1436.860,0.24424
1434.931,0.23445
1433.002,0.21338
1431.074,0.19244
1429.145,0.17712
1427.216,0.16696
1425.288,0.16077
1423.359,0.15827
1421.430,0.15876
1419.502,0.16248
1417.573,0.17182
1415.644,0.18913
1413.716,0.21560
1411.787,0.25104
1409.858,0.29112
1407.930,0.32598
1406.001,0.34426
1404.072,0.34015
1402.144,0.31747
1400.215,0.28659
1398.286,0.25685
1396.358,0.23249
1394.429,0.21438
1392.500,0.20306
1390.572,0.19832
1388.643,0.19894
1386.714,0.20625
1384.786,0.22481
1382.857,0.25267
1380.928,0.27273
1379.000,0.27272
1377.071,0.26651
1375.142,0.27268
1373.214,0.29592
1371.285,0.33405
1369.356,0.38579
1367.427,0.45262
1365.499,0.53741
1363.570,0.64071
1361.641,0.75892
1359.713,0.88620
1357.784,1.01644
1355.855,1.13490
1353.927,1.20515
1351.998,1.19057
1350.069,1.10362
1348.141,0.98845
1346.212,0.87609
1344.283,0.77909
1342.355,0.70020
1340.426,0.63804
1338.497,0.58896
1336.569,0.54826
1334.640,0.51239
1332.711,0.47990
1330.783,0.45038
1328.854,0.42380
1326.925,0.40075
1324.997,0.38115
1323.068,0.36396
1321.139,0.34883
1319.211,0.33603
1317.282,0.32476
1315.353,0.31418
1313.425,0.30461
1311.496,0.29653
1309.567,0.29084
1307.639,0.28900
1305.710,0.28884
1303.781,0.28539
1301.853,0.27830
1299.924,0.27134
1297.995,0.26601
1296.067,0.26198
1294.138,0.25943
1292.209,0.25731
1290.281,0.25380
1288.352,0.24911
1286.423,0.24408
1284.495,0.23830
1282.566,0.23224
1280.637,0.22724
1278.709,0.22314
1276.780,0.21948
1274.851,0.21687
1272.923,0.21487
1270.994,0.21230
1269.065,0.20976
1267.137,0.20818
1265.208,0.20670
1263.279,0.20485
1261.351,0.20294
1259.422,0.20023
1257.493,0.19643
1255.565,0.19292
1253.636,0.18998
1251.707,0.18677
1249.779,0.18394
1247.850,0.18204
1245.921,0.18010
1243.993,0.17818
1242.064,0.17727
1240.135,0.17673
1238.207,0.17583
1236.278,0.17536
1234.349,0.17501
1232.421,0.17349
1230.492,0.17142
1228.563,0.16962
1226.635,0.16732
1224.706,0.16471
1222.777,0.16293
1220.849,0.16137
1218.920,0.15964
1216.991,0.15972
1215.063,0.16330
1213.134,0.17088
1211.205,0.18188
1209.277,0.19183
1207.348,0.19543
1205.419,0.19336
1203.490,0.18890
1201.562,0.18259
1199.633,0.17524
1197.704,0.16934
1195.776,0.16527
1193.847,0.16154
1191.918,0.15829
1189.990,0.15595
1188.061,0.15333
1186.132,0.15038
1184.204,0.14846
1182.275,0.14731
1180.346,0.14688
1178.418,0.15019
1176.489,0.16062
1174.560,0.17918
1172.632,0.20233
1170.703,0.21784
1168.774,0.21371
1166.846,0.19599
1164.917,0.17956
1162.988,0.16889
1161.060,0.16123
1159.131,0.15565
1157.202,0.15187
1155.274,0.14846
1153.345,0.14561
1151.416,0.14408
1149.488,0.14266
1147.559,0.14080
1145.630,0.13958
1143.702,0.13842
1141.773,0.13637
1139.844,0.13467
1137.916,0.13376
1135.987,0.13227
1134.058,0.13066
1132.130,0.13001
1130.201,0.12920
1128.272,0.12775
1126.344,0.12692
1124.415,0.12628
1122.486,0.12476
1120.558,0.12354
1118.629,0.12302
1116.700,0.12177
1114.772,0.12024
1112.843,0.11954
1110.914,0.11855
1108.986,0.11688
1107.057,0.11602
1105.128,0.11563
1103.200,0.11469
1101.271,0.11459
1099.342,0.11639
1097.414,0.12040
1095.485,0.13060
1093.556,0.15245
1091.628,0.18491
1089.699,0.21898
1087.770,0.24402
1085.842,0.25137
1083.913,0.23885
1081.984,0.21581
1080.056,0.19364
1078.127,0.17627
1076.198,0.16401
1074.270,0.15636
1072.341,0.15074
1070.412,0.14538
1068.484,0.14107
1066.555,0.13760
1064.626,0.13388
1062.698,0.13089
1060.769,0.12915
1058.840,0.12710
1056.912,0.12484
1054.983,0.12360
1053.054,0.12238
1051.126,0.12051
1049.197,0.11940
1047.268,0.11880
1045.339,0.11744
1043.411,0.11635
1041.482,0.11623
1039.553,0.11572
1037.625,0.11500
1035.696,0.11537
1033.767,0.11611
1031.839,0.11763
1029.910,0.12300
1027.981,0.13101
1026.053,0.13454
1024.124,0.13086
1022.195,0.12442
1020.267,0.11860
1018.338,0.11442
1016.409,0.11231
1014.481,0.11074
1012.552,0.10872
1010.623,0.10753
1008.695,0.10696
1006.766,0.10567
1004.837,0.10454
1002.909,0.10425
1000.980,0.10331
999.051,0.10184
997.123,0.10122
995.194,0.10055
993.265,0.09911
991.337,0.09833
989.408,0.09809
987.479,0.09701
985.551,0.09600
983.622,0.09587
981.693,0.09517
979.765,0.09397
977.836,0.09364
975.907,0.09329
973.979,0.09213
972.050,0.09156
970.121,0.09151
968.193,0.09058
966.264,0.08973
964.335,0.08969
962.407,0.08905
960.478,0.08791
958.549,0.08762
956.621,0.08728
954.692,0.08613
952.763,0.08567
950.835,0.08589
948.906,0.08593
946.977,0.08808
945.049,0.09709
943.120,0.11786
941.191,0.14948
939.263,0.17487
937.334,0.17256
935.405,0.14822
933.477,0.12420
931.548,0.10983
929.619,0.10542
927.691,0.11411
925.762,0.13065
923.833,0.13544
921.905,0.12512
919.976,0.12262
918.047,0.14448
916.119,0.18618
914.190,0.23443
912.261,0.28482
910.333,0.33787
908.404,0.37854
906.475,0.37368
904.547,0.31655
902.618,0.24876
900.689,0.20181
898.761,0.17442
896.832,0.15693
894.903,0.14532
892.975,0.13757
891.046,0.13120
889.117,0.12599
887.189,0.12231
885.260,0.11880
883.331,0.11540
881.402,0.11319
879.474,0.11133
877.545,0.10888
875.616,0.10714
873.688,0.10618
871.759,0.10461
869.830,0.10306
867.902,0.10223
865.973,0.10099
864.044,0.09936
862.116,0.09864
860.187,0.09806
858.258,0.09683
856.330,0.09621
854.401,0.09608
852.472,0.09516
850.544,0.09418
848.615,0.09379
846.686,0.09278
844.758,0.09125
842.829,0.09047
840.900,0.08968
838.972,0.08829
837.043,0.08751
835.114,0.08726
833.186,0.08627
831.257,0.08538
829.328,0.08614
827.400,0.08825
825.471,0.09010
823.542,0.08956
821.614,0.08622
819.685,0.08256
817.756,0.08085
815.828,0.08016
813.899,0.07901
811.970,0.07817
810.042,0.07791
808.113,0.07713
806.184,0.07633
804.256,0.07652
802.327,0.07711
800.398,0.07994
798.470,0.09415
796.541,0.13574
794.612,0.20450
792.684,0.24699
790.755,0.21662
788.826,0.16052
786.898,0.12375
784.969,0.10520
783.040,0.09456
781.112,0.08769
779.183,0.08377
777.254,0.08183
775.326,0.08308
773.397,0.09187
771.468,0.10631
769.540,0.11624
767.611,0.11502
765.682,0.10644
763.754,0.10224
761.825,0.10923
759.896,0.11566
757.968,0.10725
756.039,0.09065
754.110,0.07894
752.182,0.07385
750.253,0.07260
748.324,0.07585
746.396,0.08523
744.467,0.10286
742.538,0.13529
740.610,0.19219
738.681,0.27421
736.752,0.35632
734.824,0.39245
732.895,0.36489
730.966,0.30778
729.038,0.26085
727.109,0.24301
725.180,0.26425
723.251,0.33379
721.323,0.43759
719.394,0.51233
717.465,0.50539
715.537,0.44159
713.608,0.36478
711.679,0.30796
709.751,0.28739
707.822,0.29873
705.893,0.32216
703.965,0.32902
702.036,0.30468
700.107,0.26377
698.179,0.22688
696.250,0.20103
694.321,0.18357
692.393,0.17084
690.464,0.16159
688.535,0.15487
686.607,0.14898
684.678,0.14392
682.749,0.14016
680.821,0.13660
678.892,0.13303
676.963,0.13045
675.035,0.12840
673.106,0.12626
671.177,0.12519
669.249,0.12554
667.320,0.12668
665.391,0.12906
663.463,0.13177
661.534,0.13191
659.605,0.12906
657.677,0.12537
655.748,0.12165
653.819,0.11847
651.891,0.11748
649.962,0.11901
648.033,0.12351
646.105,0.13408
644.176,0.15342
642.247,0.17913
640.319,0.20232
638.390,0.21140
636.461,0.20235
634.533,0.18363
632.604,0.16554
630.675,0.15125
628.747,0.14016
626.818,0.13234
624.889,0.12687
622.961,0.12207
621.032,0.11824
619.103,0.11570
617.175,0.11324
615.246,0.11090
613.317,0.10946
611.389,0.10795
609.460,0.10595
607.531,0.10473
605.603,0.10389
603.674,0.10242
601.745,0.10131
599.817,0.10083
597.888,0.09977
595.959,0.09878
594.031,0.09870
592.102,0.09828
590.173,0.09751
588.245,0.09784
586.316,0.09888
584.387,0.10046
582.459,0.10402
580.530,0.10812
578.601,0.10924
576.673,0.10752
574.744,0.10498
572.815,0.10255
570.887,0.10195
568.958,0.10429
567.029,0.10704
565.101,0.10766
563.172,0.10634
561.243,0.10340
559.314,0.09953
557.386,0.09691
555.457,0.09557
553.528,0.09387
551.600,0.09257
549.671,0.09226
547.742,0.09137
545.814,0.09017
543.885,0.08995
541.956,0.08949
540.028,0.08832
538.099,0.08800
536.170,0.08784
534.242,0.08663
532.313,0.08595
530.384,0.08606
528.456,0.08530
526.527,0.08466
524.598,0.08511
522.670,0.08493
520.741,0.08431
518.812,0.08503
516.884,0.08604
514.955,0.08683
513.026,0.08961
511.098,0.09460
509.169,0.10042
507.240,0.10712
505.312,0.11294
503.383,0.11467
501.454,0.11336
499.526,0.11116
497.597,0.10741
495.668,0.10315
493.740,0.10053
491.811,0.09819
489.882,0.09542
487.954,0.09432
486.025,0.09422
484.096,0.09315
482.168,0.09256
480.239,0.09290
478.310,0.09244
476.382,0.09248
474.453,0.09434
472.524,0.09611
470.596,0.09856
468.667,0.10465
466.738,0.11365
464.810,0.12372
462.881,0.13292
460.952,0.13588
459.024,0.13081
457.095,0.12355
455.166,0.11735
453.238,0.11115
451.309,0.10644
449.380,0.10363
447.452,0.10009
445.523,0.09696
443.594,0.09628
441.666,0.09514
439.737,0.09248
437.808,0.09145
435.880,0.09128
433.951,0.08994
432.022,0.08986
430.094,0.09097
428.165,0.09055
426.236,0.09076
424.308,0.09300
422.379,0.09386
420.450,0.09427
418.522,0.09771
416.593,0.10176
414.664,0.10519
412.736,0.11151
410.807,0.11971
408.878,0.12805
406.950,0.14008
405.021,0.15512
403.092,0.17127
401.163,0.19526
399.235,0.22969
