6999.146,0.44089
6997.217,0.44082
6995.288,0.44060
6993.360,0.44038
6991.431,0.44046
6989.502,0.44053
6987.574,0.44013
6985.645,0.43962
6983.716,0.43956
6981.788,0.43968
6979.859,0.43946
6977.930,0.43906
6976.002,0.43882
6974.073,0.43884
6972.144,0.43905
6970.216,0.43924
6968.287,0.43922
6966.358,0.43897
6964.430,0.43870
6962.501,0.43860
6960.572,0.43854
6958.644,0.43834
6956.715,0.43807
6954.786,0.43779
6952.858,0.43752
6950.929,0.43741
6949.000,0.43742
6947.072,0.43740
6945.143,0.43730
6943.214,0.43705
6941.286,0.43662
6939.357,0.43624
6937.428,0.43613
6935.500,0.43616
6933.571,0.43608
6931.642,0.43581
6929.714,0.43550
6927.785,0.43525
6925.856,0.43513
6923.928,0.43522
6921.999,0.43544
6920.070,0.43551
6918.142,0.43526
6916.213,0.43487
6914.284,0.43474
6912.356,0.43493
6910.427,0.43485
6908.498,0.43434
6906.570,0.43401
6904.641,0.43408
6902.712,0.43423
6900.784,0.43416
6898.855,0.43391
6896.926,0.43371
6894.998,0.43353
6893.069,0.43332
6891.140,0.43318
6889.212,0.43316
6887.283,0.43322
6885.354,0.43319
6883.426,0.43288
6881.497,0.43262
6879.568,0.43258
6877.640,0.43240
6875.711,0.43204
6873.782,0.43188
6871.854,0.43195
6869.925,0.43191
6867.996,0.43172
6866.068,0.43152
6864.139,0.43131
6862.210,0.43111
6860.282,0.43098
6858.353,0.43096
6856.424,0.43091
6854.496,0.43060
6852.567,0.43008
6850.638,0.42971
6848.709,0.42970
6846.781,0.42987
6844.852,0.42988
6842.923,0.42968
6840.995,0.42940
6839.066,0.42911
6837.137,0.42878
6835.209,0.42852
6833.280,0.42850
6831.351,0.42866
6829.423,0.42867
6827.494,0.42839
6825.565,0.42804
6823.637,0.42776
6821.708,0.42754
6819.779,0.42734
6817.851,0.42723
6815.922,0.42726
6813.993,0.42718
6812.065,0.42692
6810.136,0.42676
6808.207,0.42678
6806.279,0.42670
6804.350,0.42643
6802.421,0.42611
6800.493,0.42590
6798.564,0.42585
6796.635,0.42583
6794.707,0.42572
6792.778,0.42546
6790.849,0.42517
6788.921,0.42500
6786.992,0.42488
6785.063,0.42476
6783.135,0.42472
6781.206,0.42465
6779.277,0.42448
6777.349,0.42424
6775.420,0.42402
6773.491,0.42394
6771.563,0.42384
6769.634,0.42362
6767.705,0.42354
6765.777,0.42351
6763.848,0.42328
6761.919,0.42298
6759.991,0.42282
6758.062,0.42270
6756.133,0.42256
6754.205,0.42245
6752.276,0.42228
6750.347,0.42196
6748.419,0.42167
6746.490,0.42158
6744.561,0.42165
6742.633,0.42168
6740.704,0.42160
6738.775,0.42142
6736.847,0.42117
6734.918,0.42090
6732.989,0.42066
6731.061,0.42053
6729.132,0.42049
6727.203,0.42036
6725.275,0.42016
6723.346,0.42002
6721.417,0.41985
6719.489,0.41964
6717.560,0.41949
6715.631,0.41931
6713.703,0.41902
6711.774,0.41870
6709.845,0.41854
6707.917,0.41853
6705.988,0.41847
6704.059,0.41829
6702.131,0.41819
6700.202,0.41819
6698.273,0.41809
6696.345,0.41786
6694.416,0.41771
6692.487,0.41771
6690.558,0.41770
6688.630,0.41754
6686.701,0.41730
6684.772,0.41715
6682.844,0.41705
6680.915,0.41692
6678.986,0.41677
6677.058,0.41654
6675.129,0.41618
6673.200,0.41593
6671.272,0.41588
6669.343,0.41583
6667.414,0.41580
6665.486,0.41577
6663.557,0.41563
6661.628,0.41543
6659.700,0.41528
6657.771,0.41511
6655.842,0.41481
6653.914,0.41451
6651.985,0.41438
6650.056,0.41438
6648.128,0.41440
6646.199,0.41433
6644.270,0.41411
6642.342,0.41383
6640.413,0.41361
6638.484,0.41342
6636.556,0.41327
6634.627,0.41316
6632.698,0.41301
6630.770,0.41275
6628.841,0.41251
6626.912,0.41247
6624.984,0.41252
6623.055,0.41250
6621.126,0.41237
6619.198,0.41217
6617.269,0.41200
6615.340,0.41191
6613.412,0.41179
6611.483,0.41155
6609.554,0.41128
6607.626,0.41115
6605.697,0.41116
6603.768,0.41111
6601.840,0.41094
6599.911,0.41077
6597.982,0.41060
6596.054,0.41047
6594.125,0.41036
6592.196,0.41013
6590.268,0.40994
6588.339,0.40996
6586.410,0.41001
6584.482,0.40988
6582.553,0.40969
6580.624,0.40951
6578.696,0.40926
6576.767,0.40908
6574.838,0.40909
6572.910,0.40911
6570.981,0.40906
6569.052,0.40901
6567.124,0.40892
6565.195,0.40870
6563.266,0.40839
6561.338,0.40813
6559.409,0.40795
6557.480,0.40770
6555.552,0.40744
6553.623,0.40736
6551.694,0.40744
6549.766,0.40738
6547.837,0.40715
6545.908,0.40693
6543.980,0.40685
6542.051,0.40683
6540.122,0.40662
6538.194,0.40630
6536.265,0.40615
6534.336,0.40613
6532.408,0.40605
6530.479,0.40593
6528.550,0.40583
6526.621,0.40579
6524.693,0.40576
6522.764,0.40559
6520.835,0.40527
6518.907,0.40496
6516.978,0.40476
6515.049,0.40466
6513.121,0.40456
6511.192,0.40443
6509.263,0.40435
6507.335,0.40425
6505.406,0.40403
6503.477,0.40368
6501.549,0.40335
6499.620,0.40331
6497.691,0.40353
6495.763,0.40363
6493.834,0.40342
6491.905,0.40302
6489.977,0.40266
6488.048,0.40253
6486.119,0.40257
6484.191,0.40243
6482.262,0.40212
6480.333,0.40191
6478.405,0.40187
6476.476,0.40188
6474.547,0.40189
6472.619,0.40187
6470.690,0.40178
6468.761,0.40158
6466.833,0.40129
6464.904,0.40103
6462.975,0.40084
6461.047,0.40069
6459.118,0.40061
6457.189,0.40052
6455.261,0.40032
6453.332,0.40009
6451.403,0.39987
6449.475,0.39967
6447.546,0.39949
6445.617,0.39928
6443.689,0.39903
6441.760,0.39888
6439.831,0.39893
6437.903,0.39905
6435.974,0.39906
6434.045,0.39887
6432.117,0.39853
6430.188,0.39819
6428.259,0.39790
6426.331,0.39767
6424.402,0.39751
6422.473,0.39742
6420.545,0.39736
6418.616,0.39729
6416.687,0.39718
6414.759,0.39707
6412.830,0.39690
6410.901,0.39665
6408.973,0.39640
6407.044,0.39616
6405.115,0.39589
6403.187,0.39571
6401.258,0.39564
6399.329,0.39553
6397.401,0.39533
6395.472,0.39514
6393.543,0.39498
6391.615,0.39487
6389.686,0.39484
6387.757,0.39480
6385.829,0.39472
6383.900,0.39468
6381.971,0.39465
6380.043,0.39455
6378.114,0.39437
6376.185,0.39406
6374.257,0.39363
6372.328,0.39333
6370.399,0.39322
6368.471,0.39313
6366.542,0.39298
6364.613,0.39281
6362.684,0.39267
6360.756,0.39257
6358.827,0.39246
6356.898,0.39234
6354.970,0.39223
6353.041,0.39201
6351.112,0.39173
6349.184,0.39154
6347.255,0.39146
6345.326,0.39143
6343.398,0.39136
6341.469,0.39117
6339.540,0.39096
6337.612,0.39086
6335.683,0.39078
6333.754,0.39064
6331.826,0.39050
6329.897,0.39039
6327.968,0.39026
6326.040,0.39011
6324.111,0.38993
6322.182,0.38969
6320.254,0.38954
6318.325,0.38953
6316.396,0.38948
6314.468,0.38931
6312.539,0.38905
6310.610,0.38873
6308.682,0.38845
6306.753,0.38832
6304.824,0.38824
6302.896,0.38817
6300.967,0.38814
6299.038,0.38816
6297.110,0.38813
6295.181,0.38793
6293.252,0.38761
6291.324,0.38731
6289.395,0.38712
6287.466,0.38700
6285.538,0.38685
6283.609,0.38668
6281.680,0.38659
6279.752,0.38651
6277.823,0.38637
6275.894,0.38621
6273.966,0.38601
6272.037,0.38578
6270.108,0.38558
6268.180,0.38542
6266.251,0.38529
6264.322,0.38514
6262.394,0.38499
6260.465,0.38487
6258.536,0.38470
6256.608,0.38446
6254.679,0.38427
6252.750,0.38416
6250.822,0.38402
6248.893,0.38391
6246.964,0.38386
6245.036,0.38376
6243.107,0.38350
6241.178,0.38316
6239.250,0.38298
6237.321,0.38301
6235.392,0.38303
6233.464,0.38294
6231.535,0.38279
6229.606,0.38268
6227.678,0.38266
6225.749,0.38266
6223.820,0.38263
6221.892,0.38267
6219.963,0.38281
6218.034,0.38306
6216.106,0.38346
6214.177,0.38393
6212.248,0.38437
6210.320,0.38483
6208.391,0.38540
6206.462,0.38592
6204.533,0.38623
6202.605,0.38635
6200.676,0.38647
6198.747,0.38668
6196.819,0.38685
6194.890,0.38686
6192.961,0.38665
6191.033,0.38623
6189.104,0.38579
6187.175,0.38544
6185.247,0.38511
6183.318,0.38473
6181.389,0.38436
6179.461,0.38411
6177.532,0.38404
6175.603,0.38411
6173.675,0.38419
6171.746,0.38417
6169.817,0.38404
6167.889,0.38377
6165.960,0.38338
6164.031,0.38303
6162.103,0.38279
6160.174,0.38248
6158.245,0.38201
6156.317,0.38150
6154.388,0.38111
6152.459,0.38086
6150.531,0.38070
6148.602,0.38057
6146.673,0.38044
6144.745,0.38030
6142.816,0.38017
6140.887,0.38008
6138.959,0.37997
6137.030,0.37982
6135.101,0.37972
6133.173,0.37967
6131.244,0.37960
6129.315,0.37957
6127.387,0.37964
6125.458,0.37977
6123.529,0.37988
6121.601,0.37993
6119.672,0.37994
6117.743,0.37999
6115.815,0.37996
6113.886,0.37971
6111.957,0.37940
6110.029,0.37922
6108.100,0.37915
6106.171,0.37901
6104.243,0.37867
6102.314,0.37823
6100.385,0.37778
6098.457,0.37735
6096.528,0.37698
6094.599,0.37667
6092.671,0.37639
6090.742,0.37616
6088.813,0.37596
6086.885,0.37575
6084.956,0.37557
6083.027,0.37539
6081.099,0.37514
6079.170,0.37481
6077.241,0.37453
6075.313,0.37435
6073.384,0.37417
6071.455,0.37400
6069.527,0.37387
6067.598,0.37376
6065.669,0.37359
6063.741,0.37338
6061.812,0.37323
6059.883,0.37318
6057.955,0.37309
6056.026,0.37291
6054.097,0.37271
6052.169,0.37260
6050.240,0.37260
6048.311,0.37255
6046.383,0.37238
6044.454,0.37220
6042.525,0.37207
6040.596,0.37201
6038.668,0.37194
6036.739,0.37184
6034.810,0.37179
6032.882,0.37177
6030.953,0.37166
6029.024,0.37147
6027.096,0.37129
6025.167,0.37114
6023.238,0.37095
6021.310,0.37081
6019.381,0.37074
6017.452,0.37056
6015.524,0.37022
6013.595,0.36991
6011.666,0.36968
6009.738,0.36955
6007.809,0.36947
6005.880,0.36937
6003.952,0.36921
6002.023,0.36899
6000.094,0.36881
5998.166,0.36867
5996.237,0.36848
5994.308,0.36834
5992.380,0.36829
5990.451,0.36818
5988.522,0.36796
5986.594,0.36775
5984.665,0.36761
5982.736,0.36754
5980.808,0.36750
5978.879,0.36737
5976.950,0.36719
5975.022,0.36704
5973.093,0.36693
5971.164,0.36681
5969.236,0.36673
5967.307,0.36666
5965.378,0.36654
5963.450,0.36638
5961.521,0.36622
5959.592,0.36605
5957.664,0.36588
5955.735,0.36570
5953.806,0.36554
5951.878,0.36544
5949.949,0.36531
5948.020,0.36516
5946.092,0.36507
5944.163,0.36507
5942.234,0.36512
5940.306,0.36508
5938.377,0.36499
5936.448,0.36493
5934.520,0.36488
5932.591,0.36487
5930.662,0.36486
5928.734,0.36475
5926.805,0.36461
5924.876,0.36452
5922.948,0.36448
5921.019,0.36446
5919.090,0.36448
5917.162,0.36449
5915.233,0.36443
5913.304,0.36432
5911.376,0.36422
5909.447,0.36410
5907.518,0.36389
5905.590,0.36362
5903.661,0.36337
5901.732,0.36315
5899.804,0.36292
5897.875,0.36263
5895.946,0.36228
5894.018,0.36203
5892.089,0.36202
5890.160,0.36208
5888.232,0.36204
5886.303,0.36184
5884.374,0.36166
5882.445,0.36165
5880.517,0.36169
5878.588,0.36168
5876.659,0.36164
5874.731,0.36155
5872.802,0.36141
5870.873,0.36130
5868.945,0.36127
5867.016,0.36130
5865.087,0.36127
5863.159,0.36114
5861.230,0.36113
5859.301,0.36127
5857.373,0.36135
5855.444,0.36133
5853.515,0.36131
5851.587,0.36137
5849.658,0.36148
5847.729,0.36156
5845.801,0.36159
5843.872,0.36161
5841.943,0.36172
5840.015,0.36190
5838.086,0.36203
5836.157,0.36201
5834.229,0.36183
5832.300,0.36151
5830.371,0.36112
5828.443,0.36071
5826.514,0.36031
5824.585,0.35991
5822.657,0.35955
5820.728,0.35917
5818.799,0.35878
5816.871,0.35852
5814.942,0.35836
5813.013,0.35815
5811.085,0.35791
5809.156,0.35771
5807.227,0.35753
5805.299,0.35732
5803.370,0.35714
5801.441,0.35703
5799.513,0.35695
5797.584,0.35686
5795.655,0.35674
5793.727,0.35659
5791.798,0.35652
5789.869,0.35650
5787.941,0.35635
5786.012,0.35601
5784.083,0.35571
5782.155,0.35557
5780.226,0.35548
5778.297,0.35535
5776.369,0.35520
5774.440,0.35509
5772.511,0.35500
5770.583,0.35485
5768.654,0.35460
5766.725,0.35435
5764.797,0.35418
5762.868,0.35405
5760.939,0.35395
5759.011,0.35384
5757.082,0.35367
5755.153,0.35347
5753.225,0.35330
5751.296,0.35320
5749.367,0.35312
5747.439,0.35295
5745.510,0.35272
5743.581,0.35248
5741.653,0.35222
5739.724,0.35200
5737.795,0.35185
5735.867,0.35169
5733.938,0.35146
5732.009,0.35121
5730.081,0.35101
5728.152,0.35089
5726.223,0.35084
5724.295,0.35084
5722.366,0.35082
5720.437,0.35075
5718.508,0.35068
5716.580,0.35064
5714.651,0.35057
5712.722,0.35051
5710.794,0.35057
5708.865,0.35076
5706.936,0.35099
5705.008,0.35116
5703.079,0.35124
5701.150,0.35136
5699.222,0.35150
5697.293,0.35137
5695.364,0.35089
5693.436,0.35026
5691.507,0.34967
5689.578,0.34922
5687.650,0.34886
5685.721,0.34847
5683.792,0.34811
5681.864,0.34786
5679.935,0.34765
5678.006,0.34738
5676.078,0.34709
5674.149,0.34684
5672.220,0.34667
5670.292,0.34655
5668.363,0.34638
5666.434,0.34610
5664.506,0.34584
5662.577,0.34566
5660.648,0.34555
5658.720,0.34549
5656.791,0.34541
5654.862,0.34522
5652.934,0.34498
5651.005,0.34476
5649.076,0.34458
5647.148,0.34440
5645.219,0.34426
5643.290,0.34412
5641.362,0.34388
5639.433,0.34364
5637.504,0.34352
5635.576,0.34344
5633.647,0.34331
5631.718,0.34315
5629.790,0.34302
5627.861,0.34288
5625.932,0.34270
5624.004,0.34252
5622.075,0.34235
5620.146,0.34220
5618.218,0.34207
5616.289,0.34193
5614.360,0.34172
5612.432,0.34148
5610.503,0.34129
5608.574,0.34119
5606.646,0.34112
5604.717,0.34099
5602.788,0.34080
5600.860,0.34055
5598.931,0.34029
5597.002,0.34014
5595.074,0.34006
5593.145,0.33996
5591.216,0.33979
5589.288,0.33959
5587.359,0.33942
5585.430,0.33930
5583.502,0.33922
5581.573,0.33915
5579.644,0.33903
5577.716,0.33886
5575.787,0.33869
5573.858,0.33855
5571.930,0.33845
5570.001,0.33835
5568.072,0.33824
5566.144,0.33813
5564.215,0.33802
5562.286,0.33788
5560.357,0.33772
5558.429,0.33756
5556.500,0.33742
5554.571,0.33729
5552.643,0.33717
5550.714,0.33700
5548.785,0.33679
5546.857,0.33661
5544.928,0.33652
5542.999,0.33643
5541.071,0.33629
5539.142,0.33612
5537.213,0.33589
5535.285,0.33569
5533.356,0.33560
5531.427,0.33555
5529.499,0.33543
5527.570,0.33526
5525.641,0.33510
5523.713,0.33493
5521.784,0.33477
5519.855,0.33468
5517.927,0.33463
5515.998,0.33455
5514.069,0.33441
5512.141,0.33428
5510.212,0.33421
5508.283,0.33412
5506.355,0.33395
5504.426,0.33378
5502.497,0.33372
5500.569,0.33368
5498.640,0.33356
5496.711,0.33335
5494.783,0.33317
5492.854,0.33303
5490.925,0.33289
5488.997,0.33274
5487.068,0.33261
5485.139,0.33248
5483.211,0.33238
5481.282,0.33227
5479.353,0.33215
5477.425,0.33202
5475.496,0.33188
5473.567,0.33168
5471.639,0.33151
5469.710,0.33142
5467.781,0.33132
5465.853,0.33117
5463.924,0.33105
5461.995,0.33100
5460.067,0.33090
5458.138,0.33073
5456.209,0.33058
5454.281,0.33048
5452.352,0.33040
5450.423,0.33031
5448.495,0.33022
5446.566,0.33007
5444.637,0.32985
5442.709,0.32963
5440.780,0.32947
5438.851,0.32938
5436.923,0.32933
5434.994,0.32925
5433.065,0.32908
5431.137,0.32892
5429.208,0.32879
5427.279,0.32866
5425.351,0.32856
5423.422,0.32848
5421.493,0.32837
5419.565,0.32821
5417.636,0.32800
5415.707,0.32784
5413.779,0.32776
5411.850,0.32770
5409.921,0.32761
5407.993,0.32743
5406.064,0.32719
5404.135,0.32701
5402.207,0.32693
5400.278,0.32687
5398.349,0.32676
5396.420,0.32659
5394.492,0.32644
5392.563,0.32631
5390.634,0.32618
5388.706,0.32604
5386.777,0.32592
5384.848,0.32579
5382.920,0.32563
5380.991,0.32547
5379.062,0.32533
5377.134,0.32517
5375.205,0.32499
5373.276,0.32486
5371.348,0.32475
5369.419,0.32457
5367.490,0.32437
5365.562,0.32422
5363.633,0.32407
5361.704,0.32394
5359.776,0.32386
5357.847,0.32380
5355.918,0.32368
5353.990,0.32353
5352.061,0.32342
5350.132,0.32334
5348.204,0.32327
5346.275,0.32313
5344.346,0.32292
5342.418,0.32267
5340.489,0.32250
5338.560,0.32238
5336.632,0.32230
5334.703,0.32226
5332.774,0.32223
5330.846,0.32209
5328.917,0.32182
5326.988,0.32162
5325.060,0.32155
5323.131,0.32154
5321.202,0.32146
5319.274,0.32124
5317.345,0.32102
5315.416,0.32089
5313.488,0.32076
5311.559,0.32059
5309.630,0.32044
5307.702,0.32035
5305.773,0.32024
5303.844,0.32012
5301.916,0.31996
5299.987,0.31978
5298.058,0.31965
5296.130,0.31956
5294.201,0.31948
5292.272,0.31938
5290.344,0.31921
5288.415,0.31898
5286.486,0.31877
5284.558,0.31863
5282.629,0.31855
5280.700,0.31852
5278.772,0.31847
5276.843,0.31834
5274.914,0.31818
5272.986,0.31808
5271.057,0.31806
5269.128,0.31800
5267.200,0.31785
5265.271,0.31764
5263.342,0.31742
5261.414,0.31722
5259.485,0.31708
5257.556,0.31696
5255.628,0.31684
5253.699,0.31675
5251.770,0.31668
5249.842,0.31659
5247.913,0.31645
5245.984,0.31630
5244.056,0.31620
5242.127,0.31610
5240.198,0.31594
5238.269,0.31574
5236.341,0.31556
5234.412,0.31542
5232.483,0.31534
5230.555,0.31527
5228.626,0.31516
5226.697,0.31501
5224.769,0.31488
5222.840,0.31476
5220.911,0.31465
5218.983,0.31456
5217.054,0.31448
5215.125,0.31436
5213.197,0.31420
5211.268,0.31403
5209.339,0.31390
5207.411,0.31381
5205.482,0.31371
5203.553,0.31356
5201.625,0.31338
5199.696,0.31320
5197.767,0.31305
5195.839,0.31297
5193.910,0.31292
5191.981,0.31283
5190.053,0.31269
5188.124,0.31254
5186.195,0.31238
5184.267,0.31221
5182.338,0.31204
5180.409,0.31194
5178.481,0.31194
5176.552,0.31188
5174.623,0.31171
5172.695,0.31152
5170.766,0.31141
5168.837,0.31134
5166.909,0.31127
5164.980,0.31115
5163.051,0.31093
5161.123,0.31073
5159.194,0.31061
5157.265,0.31051
5155.337,0.31043
5153.408,0.31036
5151.479,0.31026
5149.551,0.31010
5147.622,0.30992
5145.693,0.30977
5143.765,0.30963
5141.836,0.30953
5139.907,0.30945
5137.979,0.30935
5136.050,0.30922
5134.121,0.30904
5132.193,0.30883
5130.264,0.30867
5128.335,0.30855
5126.407,0.30846
5124.478,0.30835
5122.549,0.30824
5120.621,0.30812
5118.692,0.30800
5116.763,0.30790
5114.835,0.30781
5112.906,0.30769
5110.977,0.30754
5109.049,0.30736
5107.120,0.30717
5105.191,0.30701
5103.263,0.30691
5101.334,0.30679
5099.405,0.30666
5097.477,0.30653
5095.548,0.30640
5093.619,0.30623
5091.691,0.30605
5089.762,0.30593
5087.833,0.30586
5085.905,0.30578
5083.976,0.30564
5082.047,0.30548
5080.119,0.30534
5078.190,0.30517
5076.261,0.30500
5074.332,0.30492
5072.404,0.30486
5070.475,0.30473
5068.546,0.30459
5066.618,0.30448
5064.689,0.30439
5062.760,0.30428
5060.832,0.30415
5058.903,0.30399
5056.974,0.30377
5055.046,0.30358
5053.117,0.30344
5051.188,0.30333
5049.260,0.30325
5047.331,0.30317
5045.402,0.30301
5043.474,0.30279
5041.545,0.30263
5039.616,0.30251
5037.688,0.30240
5035.759,0.30233
5033.830,0.30224
5031.902,0.30208
5029.973,0.30190
5028.044,0.30171
5026.116,0.30153
5024.187,0.30139
5022.258,0.30129
5020.330,0.30120
5018.401,0.30107
5016.472,0.30086
5014.544,0.30067
5012.615,0.30054
5010.686,0.30047
5008.758,0.30040
5006.829,0.30025
5004.900,0.30007
5002.972,0.29993
5001.043,0.29982
4999.114,0.29971
4997.186,0.29961
4995.257,0.29951
4993.328,0.29940
4991.400,0.29924
4989.471,0.29906
4987.542,0.29895
4985.614,0.29889
4983.685,0.29881
4981.756,0.29868
4979.828,0.29850
4977.899,0.29831
4975.970,0.29813
4974.042,0.29798
4972.113,0.29786
4970.184,0.29775
4968.256,0.29759
4966.327,0.29740
4964.398,0.29726
4962.470,0.29721
4960.541,0.29717
4958.612,0.29706
4956.684,0.29691
4954.755,0.29674
4952.826,0.29658
4950.898,0.29646
4948.969,0.29638
4947.040,0.29630
4945.112,0.29622
4943.183,0.29610
4941.254,0.29593
4939.326,0.29574
4937.397,0.29559
4935.468,0.29547
4933.540,0.29540
4931.611,0.29534
4929.682,0.29522
4927.754,0.29502
4925.825,0.29483
4923.896,0.29470
4921.968,0.29462
4920.039,0.29455
4918.110,0.29444
4916.181,0.29427
4914.253,0.29411
4912.324,0.29396
4910.395,0.29382
4908.467,0.29370
4906.538,0.29359
4904.609,0.29344
4902.681,0.29329
4900.752,0.29313
4898.823,0.29298
4896.895,0.29285
4894.966,0.29274
4893.037,0.29262
4891.109,0.29248
4889.180,0.29231
4887.251,0.29215
4885.323,0.29203
4883.394,0.29195
4881.465,0.29188
4879.537,0.29179
4877.608,0.29162
4875.679,0.29140
4873.751,0.29127
4871.822,0.29122
4869.893,0.29113
4867.965,0.29098
4866.036,0.29081
4864.107,0.29064
4862.179,0.29045
4860.250,0.29026
4858.321,0.29010
4856.393,0.28997
4854.464,0.28984
4852.535,0.28968
4850.607,0.28953
4848.678,0.28941
4846.749,0.28932
4844.821,0.28927
4842.892,0.28923
4840.963,0.28913
4839.035,0.28898
4837.106,0.28882
4835.177,0.28866
4833.249,0.28850
4831.320,0.28833
4829.391,0.28823
4827.463,0.28817
4825.534,0.28809
4823.605,0.28797
4821.677,0.28784
4819.748,0.28770
4817.819,0.28760
4815.891,0.28749
4813.962,0.28735
4812.033,0.28720
4810.105,0.28705
4808.176,0.28690
4806.247,0.28678
4804.319,0.28667
4802.390,0.28656
4800.461,0.28643
4798.533,0.28629
4796.604,0.28614
4794.675,0.28600
4792.747,0.28588
4790.818,0.28579
4788.889,0.28569
4786.961,0.28553
4785.032,0.28536
4783.103,0.28524
4781.175,0.28517
4779.246,0.28508
4777.317,0.28494
4775.389,0.28479
4773.460,0.28465
4771.531,0.28449
4769.603,0.28436
4767.674,0.28427
4765.745,0.28416
4763.817,0.28401
4761.888,0.28388
4759.959,0.28377
4758.031,0.28364
4756.102,0.28348
4754.173,0.28334
4752.244,0.28326
4750.316,0.28319
4748.387,0.28307
4746.458,0.28292
4744.530,0.28276
4742.601,0.28264
4740.672,0.28254
4738.744,0.28243
4736.815,0.28228
4734.886,0.28212
4732.958,0.28194
4731.029,0.28177
4729.100,0.28164
4727.172,0.28155
4725.243,0.28147
4723.314,0.28138
4721.386,0.28127
4719.457,0.28114
4717.528,0.28101
4715.600,0.28089
4713.671,0.28080
4711.742,0.28071
4709.814,0.28063
4707.885,0.28053
4705.956,0.28045
4704.028,0.28038
4702.099,0.28030
4700.170,0.28018
4698.242,0.28002
4696.313,0.27987
4694.384,0.27972
4692.456,0.27954
4690.527,0.27937
4688.598,0.27925
4686.670,0.27916
4684.741,0.27904
4682.812,0.27888
4680.884,0.27871
4678.955,0.27855
4677.026,0.27842
4675.098,0.27831
4673.169,0.27820
4671.240,0.27807
4669.312,0.27794
4667.383,0.27780
4665.454,0.27770
4663.526,0.27763
4661.597,0.27754
4659.668,0.27741
4657.740,0.27727
4655.811,0.27713
4653.882,0.27700
4651.954,0.27693
4650.025,0.27688
4648.096,0.27677
4646.168,0.27663
4644.239,0.27652
4642.310,0.27641
4640.382,0.27628
4638.453,0.27616
4636.524,0.27603
4634.596,0.27587
4632.667,0.27572
4630.738,0.27559
4628.810,0.27547
4626.881,0.27534
4624.952,0.27521
4623.024,0.27505
4621.095,0.27489
4619.166,0.27475
4617.238,0.27461
4615.309,0.27449
4613.380,0.27440
4611.452,0.27430
4609.523,0.27418
4607.594,0.27406
4605.666,0.27396
4603.737,0.27385
4601.808,0.27370
4599.880,0.27356
4597.951,0.27348
4596.022,0.27343
4594.093,0.27333
4592.165,0.27321
4590.236,0.27313
4588.307,0.27308
4586.379,0.27302
4584.450,0.27297
4582.521,0.27291
4580.593,0.27285
4578.664,0.27279
4576.735,0.27273
4574.807,0.27270
4572.878,0.27267
4570.949,0.27258
4569.021,0.27241
4567.092,0.27220
4565.163,0.27199
4563.235,0.27181
4561.306,0.27168
4559.377,0.27157
4557.449,0.27145
4555.520,0.27130
4553.591,0.27114
4551.663,0.27096
4549.734,0.27077
4547.805,0.27061
4545.877,0.27049
4543.948,0.27032
4542.019,0.27012
4540.091,0.26996
4538.162,0.26985
4536.233,0.26974
4534.305,0.26962
4532.376,0.26946
4530.447,0.26931
4528.519,0.26918
4526.590,0.26909
4524.661,0.26900
4522.733,0.26891
4520.804,0.26878
4518.875,0.26865
4516.947,0.26856
4515.018,0.26851
4513.089,0.26845
4511.161,0.26836
4509.232,0.26827
4507.303,0.26819
4505.375,0.26808
4503.446,0.26798
4501.517,0.26791
4499.589,0.26779
4497.660,0.26763
4495.731,0.26751
4493.803,0.26739
4491.874,0.26726
4489.945,0.26712
4488.017,0.26698
4486.088,0.26683
4484.159,0.26670
4482.231,0.26661
4480.302,0.26655
4478.373,0.26647
4476.445,0.26635
4474.516,0.26627
4472.587,0.26623
4470.659,0.26617
4468.730,0.26609
4466.801,0.26599
4464.873,0.26594
4462.944,0.26598
4461.015,0.26605
4459.087,0.26613
4457.158,0.26622
4455.229,0.26629
4453.301,0.26624
4451.372,0.26609
4449.443,0.26592
4447.515,0.26573
4445.586,0.26548
4443.657,0.26521
4441.729,0.26497
4439.800,0.26475
4437.871,0.26457
4435.943,0.26442
4434.014,0.26426
4432.085,0.26408
4430.156,0.26394
4428.228,0.26383
4426.299,0.26371
4424.370,0.26360
4422.442,0.26351
4420.513,0.26340
4418.584,0.26327
4416.656,0.26313
4414.727,0.26301
4412.798,0.26290
4410.870,0.26279
4408.941,0.26265
4407.012,0.26248
4405.084,0.26234
4403.155,0.26223
4401.226,0.26214
4399.298,0.26202
4397.369,0.26192
4395.440,0.26185
4393.512,0.26177
4391.583,0.26170
4389.654,0.26162
4387.726,0.26156
4385.797,0.26158
4383.868,0.26164
4381.940,0.26166
4380.011,0.26164
4378.082,0.26162
4376.154,0.26154
4374.225,0.26138
4372.296,0.26118
4370.368,0.26095
4368.439,0.26070
4366.510,0.26047
4364.582,0.26029
4362.653,0.26010
4360.724,0.25989
4358.796,0.25972
4356.867,0.25956
4354.938,0.25941
4353.010,0.25930
4351.081,0.25920
4349.152,0.25907
4347.224,0.25898
4345.295,0.25894
4343.366,0.25889
4341.438,0.25884
4339.509,0.25880
4337.580,0.25875
4335.652,0.25869
4333.723,0.25867
4331.794,0.25869
4329.866,0.25872
4327.937,0.25875
4326.008,0.25884
4324.080,0.25893
4322.151,0.25886
4320.222,0.25856
4318.294,0.25809
4316.365,0.25755
4314.436,0.25712
4312.508,0.25681
4310.579,0.25659
4308.650,0.25646
4306.722,0.25645
4304.793,0.25644
4302.864,0.25633
4300.936,0.25622
4299.007,0.25612
4297.078,0.25601
4295.150,0.25593
4293.221,0.25585
4291.292,0.25570
4289.364,0.25548
4287.435,0.25527
4285.506,0.25509
4283.578,0.25496
4281.649,0.25491
4279.720,0.25491
4277.792,0.25494
4275.863,0.25501
4273.934,0.25510
4272.005,0.25514
4270.077,0.25514
4268.148,0.25511
4266.219,0.25502
4264.291,0.25488
4262.362,0.25473
4260.433,0.25457
4258.505,0.25442
4256.576,0.25434
4254.647,0.25431
4252.719,0.25421
4250.790,0.25398
4248.861,0.25364
4246.933,0.25324
4245.004,0.25290
4243.075,0.25265
4241.147,0.25246
4239.218,0.25229
4237.289,0.25214
4235.361,0.25204
4233.432,0.25195
4231.503,0.25188
4229.575,0.25184
4227.646,0.25177
4225.717,0.25164
4223.789,0.25147
4221.860,0.25130
4219.931,0.25114
4218.003,0.25098
4216.074,0.25084
4214.145,0.25067
4212.217,0.25046
4210.288,0.25026
4208.359,0.25009
4206.431,0.24993
4204.502,0.24982
4202.573,0.24978
4200.645,0.24973
4198.716,0.24963
4196.787,0.24955
4194.859,0.24952
4192.930,0.24954
4191.001,0.24961
4189.073,0.24969
4187.144,0.24974
4185.215,0.24976
4183.287,0.24976
4181.358,0.24973
4179.429,0.24965
4177.501,0.24955
4175.572,0.24942
4173.643,0.24924
4171.715,0.24902
4169.786,0.24876
4167.857,0.24849
4165.929,0.24824
4164.000,0.24804
4162.071,0.24783
4160.143,0.24758
4158.214,0.24733
4156.285,0.24708
4154.357,0.24686
4152.428,0.24673
4150.499,0.24663
4148.571,0.24649
4146.642,0.24633
4144.713,0.24619
4142.785,0.24606
4140.856,0.24595
4138.927,0.24586
4136.999,0.24576
4135.070,0.24562
4133.141,0.24547
4131.213,0.24531
4129.284,0.24510
4127.355,0.24490
4125.427,0.24475
4123.498,0.24461
4121.569,0.24444
4119.641,0.24426
4117.712,0.24409
4115.783,0.24391
4113.855,0.24377
4111.926,0.24370
4109.997,0.24361
4108.068,0.24347
4106.140,0.24334
4104.211,0.24325
4102.282,0.24318
4100.354,0.24312
4098.425,0.24304
4096.496,0.24289
4094.568,0.24270
4092.639,0.24250
4090.710,0.24230
4088.782,0.24212
4086.853,0.24193
4084.924,0.24174
4082.996,0.24153
4081.067,0.24133
4079.138,0.24114
4077.210,0.24099
4075.281,0.24088
4073.352,0.24081
4071.424,0.24072
4069.495,0.24059
4067.566,0.24045
4065.638,0.24032
4063.709,0.24020
4061.780,0.24013
4059.852,0.24014
4057.923,0.24015
4055.994,0.24011
4054.066,0.24005
4052.137,0.24000
4050.208,0.23999
4048.280,0.24001
4046.351,0.24001
4044.422,0.23997
4042.494,0.23988
4040.565,0.23977
4038.636,0.23967
4036.708,0.23960
4034.779,0.23954
4032.850,0.23940
4030.922,0.23920
4028.993,0.23896
4027.064,0.23872
4025.136,0.23850
4023.207,0.23833
4021.278,0.23816
4019.350,0.23795
4017.421,0.23771
4015.492,0.23746
4013.564,0.23727
4011.635,0.23715
4009.706,0.23712
4007.778,0.23711
4005.849,0.23710
4003.920,0.23712
4001.992,0.23721
4000.063,0.23737
3998.134,0.23752
3996.206,0.23756
3994.277,0.23747
3992.348,0.23726
3990.420,0.23703
3988.491,0.23679
3986.562,0.23658
3984.634,0.23641
3982.705,0.23629
3980.776,0.23618
3978.848,0.23606
3976.919,0.23593
3974.990,0.23583
3973.062,0.23573
3971.133,0.23561
3969.204,0.23544
3967.276,0.23522
3965.347,0.23495
3963.418,0.23463
3961.490,0.23431
3959.561,0.23405
3957.632,0.23382
3955.704,0.23361
3953.775,0.23337
3951.846,0.23310
3949.917,0.23285
3947.989,0.23264
3946.060,0.23249
3944.131,0.23237
3942.203,0.23224
3940.274,0.23208
3938.345,0.23187
3936.417,0.23167
3934.488,0.23155
3932.559,0.23151
3930.631,0.23148
3928.702,0.23141
3926.773,0.23131
3924.845,0.23115
3922.916,0.23097
3920.987,0.23084
3919.059,0.23077
3917.130,0.23067
3915.201,0.23050
3913.273,0.23028
3911.344,0.23007
3909.415,0.22991
3907.487,0.22982
3905.558,0.22979
3903.629,0.22972
3901.701,0.22957
3899.772,0.22941
3897.843,0.22927
3895.915,0.22922
3893.986,0.22925
3892.057,0.22926
3890.129,0.22919
3888.200,0.22906
3886.271,0.22886
3884.343,0.22861
3882.414,0.22842
3880.485,0.22828
3878.557,0.22814
3876.628,0.22802
3874.699,0.22791
3872.771,0.22775
3870.842,0.22757
3868.913,0.22743
3866.985,0.22734
3865.056,0.22725
3863.127,0.22711
3861.199,0.22690
3859.270,0.22669
3857.341,0.22658
3855.413,0.22658
3853.484,0.22655
3851.555,0.22642
3849.627,0.22621
3847.698,0.22600
3845.769,0.22579
3843.841,0.22565
3841.912,0.22559
3839.983,0.22553
3838.055,0.22541
3836.126,0.22523
3834.197,0.22504
3832.269,0.22484
3830.340,0.22470
3828.411,0.22460
3826.483,0.22451
3824.554,0.22441
3822.625,0.22432
3820.697,0.22422
3818.768,0.22413
3816.839,0.22411
3814.911,0.22404
3812.982,0.22388
3811.053,0.22368
3809.125,0.22346
3807.196,0.22323
3805.267,0.22306
3803.339,0.22299
3801.410,0.22292
3799.481,0.22278
3797.553,0.22261
3795.624,0.22242
3793.695,0.22220
3791.767,0.22207
3789.838,0.22201
3787.909,0.22192
3785.980,0.22177
3784.052,0.22160
3782.123,0.22143
3780.194,0.22128
3778.266,0.22118
3776.337,0.22111
3774.408,0.22100
3772.480,0.22089
3770.551,0.22075
3768.622,0.22057
3766.694,0.22041
3764.765,0.22032
3762.836,0.22022
3760.908,0.22010
3758.979,0.21996
3757.050,0.21978
3755.122,0.21959
3753.193,0.21949
3751.264,0.21945
3749.336,0.21933
3747.407,0.21917
3745.478,0.21904
3743.550,0.21883
3741.621,0.21858
3739.692,0.21846
3737.764,0.21844
3735.835,0.21838
3733.906,0.21825
3731.978,0.21807
3730.049,0.21786
3728.120,0.21770
3726.192,0.21764
3724.263,0.21759
3722.334,0.21746
3720.406,0.21731
3718.477,0.21715
3716.548,0.21698
3714.620,0.21689
3712.691,0.21690
3710.762,0.21687
3708.834,0.21674
3706.905,0.21661
3704.976,0.21650
3703.048,0.21639
3701.119,0.21631
3699.190,0.21626
3697.262,0.21617
3695.333,0.21605
3693.404,0.21593
3691.476,0.21580
3689.547,0.21566
3687.618,0.21559
3685.690,0.21559
3683.761,0.21560
3681.832,0.21562
3679.904,0.21564
3677.975,0.21565
3676.046,0.21568
3674.118,0.21577
3672.189,0.21587
3670.260,0.21590
3668.332,0.21585
3666.403,0.21577
3664.474,0.21571
3662.546,0.21575
3660.617,0.21588
3658.688,0.21600
3656.760,0.21604
3654.831,0.21606
3652.902,0.21610
3650.974,0.21616
3649.045,0.21627
3647.116,0.21640
3645.188,0.21648
3643.259,0.21653
3641.330,0.21658
3639.402,0.21659
3637.473,0.21661
3635.544,0.21672
3633.616,0.21688
3631.687,0.21701
3629.758,0.21712
3627.830,0.21713
3625.901,0.21706
3623.972,0.21707
3622.043,0.21725
3620.115,0.21746
3618.186,0.21760
3616.257,0.21770
3614.329,0.21780
3612.400,0.21792
3610.471,0.21813
3608.543,0.21838
3606.614,0.21853
3604.685,0.21859
3602.757,0.21863
3600.828,0.21863
3598.899,0.21865
3596.971,0.21876
3595.042,0.21891
3593.113,0.21898
3591.185,0.21901
3589.256,0.21904
3587.327,0.21900
3585.399,0.21899
3583.470,0.21914
3581.541,0.21934
3579.613,0.21943
3577.684,0.21945
3575.755,0.21947
3573.827,0.21948
3571.898,0.21960
3569.969,0.21983
3568.041,0.22001
3566.112,0.22009
3564.183,0.22014
3562.255,0.22016
3560.326,0.22020
3558.397,0.22034
3556.469,0.22055
3554.540,0.22068
3552.611,0.22074
3550.683,0.22077
3548.754,0.22079
3546.825,0.22083
3544.897,0.22096
3542.968,0.22111
3541.039,0.22120
3539.111,0.22123
3537.182,0.22124
3535.253,0.22123
3533.325,0.22127
3531.396,0.22141
3529.467,0.22155
3527.539,0.22160
3525.610,0.22160
3523.681,0.22160
3521.753,0.22159
3519.824,0.22166
3517.895,0.22181
3515.967,0.22191
3514.038,0.22195
3512.109,0.22197
3510.181,0.22193
3508.252,0.22190
3506.323,0.22199
3504.395,0.22212
3502.466,0.22215
3500.537,0.22212
3498.609,0.22209
3496.680,0.22206
3494.751,0.22208
3492.823,0.22219
3490.894,0.22229
3488.965,0.22227
3487.037,0.22222
3485.108,0.22217
3483.179,0.22211
3481.251,0.22212
3479.322,0.22223
3477.393,0.22231
3475.465,0.22230
3473.536,0.22225
3471.607,0.22219
3469.679,0.22213
3467.750,0.22219
3465.821,0.22234
3463.892,0.22240
3461.964,0.22233
3460.035,0.22223
3458.106,0.22211
3456.178,0.22203
3454.249,0.22207
3452.320,0.22210
3450.392,0.22200
3448.463,0.22184
3446.534,0.22164
3444.606,0.22141
3442.677,0.22127
3440.748,0.22127
3438.820,0.22124
3436.891,0.22107
3434.962,0.22087
3433.034,0.22068
3431.105,0.22046
3429.176,0.22034
3427.248,0.22030
3425.319,0.22015
3423.390,0.21988
3421.462,0.21961
3419.533,0.21936
3417.604,0.21911
3415.676,0.21897
3413.747,0.21886
3411.818,0.21862
3409.890,0.21830
3407.961,0.21800
3406.032,0.21768
3404.104,0.21738
3402.175,0.21717
3400.246,0.21695
3398.318,0.21659
3396.389,0.21620
3394.460,0.21584
3392.532,0.21549
3390.603,0.21519
3388.674,0.21497
3386.746,0.21470
3384.817,0.21433
3382.888,0.21396
3380.960,0.21362
3379.031,0.21328
3377.102,0.21300
3375.174,0.21274
3373.245,0.21238
3371.316,0.21195
3369.388,0.21154
3367.459,0.21113
3365.530,0.21075
3363.602,0.21048
3361.673,0.21020
3359.744,0.20979
3357.816,0.20932
3355.887,0.20889
3353.958,0.20848
3352.030,0.20814
3350.101,0.20789
3348.172,0.20758
3346.244,0.20715
3344.315,0.20672
3342.386,0.20633
3340.458,0.20595
3338.529,0.20565
3336.600,0.20542
3334.672,0.20509
3332.743,0.20467
3330.814,0.20429
3328.886,0.20394
3326.957,0.20359
3325.028,0.20332
3323.100,0.20307
3321.171,0.20271
3319.242,0.20233
3317.314,0.20202
3315.385,0.20172
3313.456,0.20143
3311.528,0.20120
3309.599,0.20097
3307.670,0.20064
3305.742,0.20030
3303.813,0.20000
3301.884,0.19972
3299.955,0.19949
3298.027,0.19931
3296.098,0.19907
3294.169,0.19877
3292.241,0.19851
3290.312,0.19828
3288.383,0.19801
3286.455,0.19776
3284.526,0.19755
3282.597,0.19728
3280.669,0.19694
3278.740,0.19663
3276.811,0.19633
3274.883,0.19603
3272.954,0.19582
3271.025,0.19559
3269.097,0.19525
3267.168,0.19488
3265.239,0.19458
3263.311,0.19427
3261.382,0.19395
3259.453,0.19366
3257.525,0.19336
3255.596,0.19299
3253.667,0.19264
3251.739,0.19231
3249.810,0.19192
3247.881,0.19154
3245.953,0.19118
3244.024,0.19069
3242.095,0.19012
3240.167,0.18963
3238.238,0.18921
3236.309,0.18881
3234.381,0.18853
3232.452,0.18839
3230.523,0.18833
3228.595,0.18832
3226.666,0.18834
3224.737,0.18833
3222.809,0.18827
3220.880,0.18822
3218.951,0.18808
3217.023,0.18777
3215.094,0.18737
3213.165,0.18694
3211.237,0.18649
3209.308,0.18609
3207.379,0.18584
3205.451,0.18561
3203.522,0.18537
3201.593,0.18518
3199.665,0.18503
3197.736,0.18483
3195.807,0.18464
3193.879,0.18443
3191.950,0.18408
3190.021,0.18363
3188.093,0.18325
3186.164,0.18292
3184.235,0.18259
3182.307,0.18229
3180.378,0.18199
3178.449,0.18163
3176.521,0.18127
3174.592,0.18100
3172.663,0.18076
3170.735,0.18055
3168.806,0.18039
3166.877,0.18016
3164.949,0.17987
3163.020,0.17963
3161.091,0.17948
3159.163,0.17935
3157.234,0.17923
3155.305,0.17914
3153.377,0.17903
3151.448,0.17888
3149.519,0.17874
3147.591,0.17856
3145.662,0.17825
3143.733,0.17786
3141.804,0.17739
3139.876,0.17680
3137.947,0.17621
3136.018,0.17571
3134.090,0.17523
3132.161,0.17474
3130.232,0.17430
3128.304,0.17388
3126.375,0.17344
3124.446,0.17308
3122.518,0.17286
3120.589,0.17277
3118.660,0.17299
3116.732,0.17384
3114.803,0.17573
3112.874,0.17963
3110.946,0.18737
3109.017,0.20147
3107.088,0.22359
3105.160,0.25171
3103.231,0.27987
3101.302,0.30356
3099.374,0.32234
3097.445,0.33297
3095.516,0.32927
3093.588,0.31427
3091.659,0.29982
3089.730,0.29351
3087.802,0.29427
3085.873,0.29608
3083.944,0.29330
3082.016,0.28472
3080.087,0.27324
3078.158,0.26237
3076.230,0.25411
3074.301,0.24911
3072.372,0.24721
3070.444,0.24765
3068.515,0.24963
3066.586,0.25289
3064.658,0.25771
3062.729,0.26424
3060.800,0.27195
3058.872,0.27911
3056.943,0.28291
3055.014,0.28119
3053.086,0.27411
3051.157,0.26357
3049.228,0.25183
3047.300,0.24069
3045.371,0.23114
3043.442,0.22338
3041.514,0.21731
3039.585,0.21272
3037.656,0.20928
3035.728,0.20670
3033.799,0.20485
3031.870,0.20366
3029.942,0.20316
3028.013,0.20344
3026.084,0.20460
3024.156,0.20648
3022.227,0.20884
3020.298,0.21138
3018.370,0.21364
3016.441,0.21513
3014.512,0.21568
3012.584,0.21525
3010.655,0.21386
3008.726,0.21167
3006.798,0.20901
3004.869,0.20624
3002.940,0.20372
3001.012,0.20167
2999.083,0.20004
2997.154,0.19869
2995.226,0.19759
2993.297,0.19669
2991.368,0.19593
2989.440,0.19538
2987.511,0.19509
2985.582,0.19502
2983.654,0.19515
2981.725,0.19551
2979.796,0.19610
2977.867,0.19697
2975.939,0.19825
2974.010,0.19996
2972.081,0.20207
2970.153,0.20465
2968.224,0.20774
2966.295,0.21138
2964.367,0.21573
2962.438,0.22094
2960.509,0.22667
2958.581,0.23188
2956.652,0.23488
2954.723,0.23415
2952.795,0.22973
2950.866,0.22368
2948.937,0.21840
2947.009,0.21510
2945.080,0.21388
2943.151,0.21443
2941.223,0.21638
2939.294,0.21953
2937.365,0.22387
2935.437,0.22938
2933.508,0.23597
2931.579,0.24372
2929.651,0.25285
2927.722,0.26368
2925.793,0.27665
2923.865,0.29195
2921.936,0.30866
2920.007,0.32401
2918.079,0.33239
2916.150,0.32732
2914.221,0.30908
2912.293,0.28674
2910.364,0.26868
2908.435,0.25675
2906.507,0.24940
2904.578,0.24500
2902.649,0.24240
2900.721,0.24083
2898.792,0.23986
2896.863,0.23915
2894.935,0.23845
2893.006,0.23771
2891.077,0.23689
2889.149,0.23592
2887.220,0.23486
2885.291,0.23382
2883.363,0.23284
2881.434,0.23189
2879.505,0.23103
2877.577,0.23011
2875.648,0.22871
2873.719,0.22645
2871.791,0.22333
2869.862,0.21983
2867.933,0.21688
2866.005,0.21534
2864.076,0.21554
2862.147,0.21747
2860.219,0.22115
2858.290,0.22694
2856.361,0.23602
2854.433,0.25054
2852.504,0.27075
2850.575,0.28877
2848.647,0.29027
2846.718,0.27212
2844.789,0.24748
2842.861,0.22786
2840.932,0.21507
2839.003,0.20685
2837.075,0.20122
2835.146,0.19725
2833.217,0.19459
2831.289,0.19285
2829.360,0.19168
2827.431,0.19082
2825.503,0.18988
2823.574,0.18858
2821.645,0.18701
2819.716,0.18536
2817.788,0.18365
2815.859,0.18196
2813.930,0.18042
2812.002,0.17895
2810.073,0.17751
2808.144,0.17617
2806.216,0.17494
2804.287,0.17372
2802.358,0.17263
2800.430,0.17174
2798.501,0.17094
2796.572,0.17029
2794.644,0.16988
2792.715,0.16960
2790.786,0.16933
2788.858,0.16912
2786.929,0.16888
2785.000,0.16845
2783.072,0.16799
2781.143,0.16768
2779.214,0.16748
2777.286,0.16738
2775.357,0.16738
2773.428,0.16725
2771.500,0.16682
2769.571,0.16626
2767.642,0.16567
2765.714,0.16499
2763.785,0.16434
2761.856,0.16390
2759.928,0.16361
2757.999,0.16343
2756.070,0.16344
2754.142,0.16348
2752.213,0.16338
2750.284,0.16322
2748.356,0.16305
2746.427,0.16276
2744.498,0.16244
2742.570,0.16223
2740.641,0.16197
2738.712,0.16160
2736.784,0.16130
2734.855,0.16107
2732.926,0.16078
2730.998,0.16055
2729.069,0.16042
2727.140,0.16023
2725.212,0.16002
2723.283,0.15994
2721.354,0.15985
2719.426,0.15971
2717.497,0.15972
2715.568,0.15984
2713.640,0.15991
2711.711,0.16008
2709.782,0.16038
2707.854,0.16061
2705.925,0.16075
2703.996,0.16088
2702.068,0.16073
2700.139,0.16012
2698.210,0.15923
2696.282,0.15817
2694.353,0.15695
2692.424,0.15583
2690.496,0.15498
2688.567,0.15422
2686.638,0.15350
2684.710,0.15302
2682.781,0.15268
2680.852,0.15234
2678.924,0.15216
2676.995,0.15211
2675.066,0.15193
2673.138,0.15172
2671.209,0.15162
2669.280,0.15149
2667.352,0.15129
2665.423,0.15124
2663.494,0.15121
2661.566,0.15102
2659.637,0.15085
2657.708,0.15072
2655.779,0.15046
2653.851,0.15014
2651.922,0.14999
2649.993,0.14986
2648.065,0.14970
2646.136,0.14971
2644.207,0.14979
2642.279,0.14976
2640.350,0.14977
2638.421,0.14988
2636.493,0.14985
2634.564,0.14969
2632.635,0.14960
2630.707,0.14937
2628.778,0.14892
2626.849,0.14853
2624.921,0.14826
2622.992,0.14793
2621.063,0.14770
2619.135,0.14770
2617.206,0.14773
2615.277,0.14774
2613.349,0.14783
2611.420,0.14776
2609.491,0.14739
2607.563,0.14696
2605.634,0.14655
2603.705,0.14603
2601.777,0.14559
2599.848,0.14543
2597.919,0.14531
2595.991,0.14521
2594.062,0.14530
2592.133,0.14540
2590.205,0.14531
2588.276,0.14525
2586.347,0.14533
2584.419,0.14539
2582.490,0.14553
2580.561,0.14587
2578.633,0.14615
2576.704,0.14628
2574.775,0.14646
2572.847,0.14654
2570.918,0.14634
2568.989,0.14614
2567.061,0.14607
2565.132,0.14593
2563.203,0.14577
2561.275,0.14575
2559.346,0.14566
2557.417,0.14534
2555.489,0.14499
2553.560,0.14452
2551.631,0.14377
2549.703,0.14305
2547.774,0.14254
2545.845,0.14201
2543.917,0.14148
2541.988,0.14118
2540.059,0.14097
2538.131,0.14075
2536.202,0.14076
2534.273,0.14097
2532.345,0.14109
2530.416,0.14127
2528.487,0.14158
2526.559,0.14177
2524.630,0.14181
2522.701,0.14183
2520.773,0.14154
2518.844,0.14079
2516.915,0.14000
2514.987,0.13935
2513.058,0.13865
2511.129,0.13806
2509.201,0.13772
2507.272,0.13738
2505.343,0.13696
2503.415,0.13672
2501.486,0.13651
2499.557,0.13621
2497.628,0.13611
2495.700,0.13626
2493.771,0.13635
2491.842,0.13640
2489.914,0.13660
2487.985,0.13674
2486.056,0.13677
2484.128,0.13695
2482.199,0.13714
2480.270,0.13710
2478.342,0.13700
2476.413,0.13696
2474.484,0.13680
2472.556,0.13662
2470.627,0.13662
2468.698,0.13657
2466.770,0.13638
2464.841,0.13629
2462.912,0.13629
2460.984,0.13618
2459.055,0.13616
2457.126,0.13632
2455.198,0.13637
2453.269,0.13633
2451.340,0.13640
2449.412,0.13642
2447.483,0.13633
2445.554,0.13642
2443.626,0.13664
2441.697,0.13668
2439.768,0.13661
2437.840,0.13648
2435.911,0.13604
2433.982,0.13540
2432.054,0.13493
2430.125,0.13458
2428.196,0.13420
2426.268,0.13399
2424.339,0.13390
2422.410,0.13364
2420.482,0.13339
2418.553,0.13337
2416.624,0.13336
2414.696,0.13327
2412.767,0.13333
2410.838,0.13338
2408.910,0.13324
2406.981,0.13323
2405.052,0.13353
2403.124,0.13388
2401.195,0.13405
2399.266,0.13378
2397.338,0.13288
2395.409,0.13171
2393.480,0.13090
2391.552,0.13040
2389.623,0.12994
2387.694,0.12965
2385.766,0.12952
2383.837,0.12931
2381.908,0.12913
2379.980,0.12922
2378.051,0.12932
2376.122,0.12928
2374.194,0.12932
2372.265,0.12938
2370.336,0.12930
2368.408,0.12918
2366.479,0.12905
2364.550,0.12867
2362.622,0.12821
2360.693,0.12798
2358.764,0.12781
2356.836,0.12757
2354.907,0.12745
2352.978,0.12730
2351.050,0.12689
2349.121,0.12643
2347.192,0.12613
2345.264,0.12582
2343.335,0.12560
2341.406,0.12566
2339.478,0.12574
2337.549,0.12556
2335.620,0.12533
2333.691,0.12509
2331.763,0.12468
2329.834,0.12433
2327.905,0.12417
2325.977,0.12391
2324.048,0.12357
2322.119,0.12338
2320.191,0.12321
2318.262,0.12292
2316.333,0.12278
2314.405,0.12278
2312.476,0.12267
2310.547,0.12262
2308.619,0.12282
2306.690,0.12304
2304.761,0.12328
2302.833,0.12375
2300.904,0.12420
2298.975,0.12441
2297.047,0.12462
2295.118,0.12488
2293.189,0.12494
2291.261,0.12488
2289.332,0.12477
2287.403,0.12428
2285.475,0.12348
2283.546,0.12276
2281.617,0.12212
2279.689,0.12146
2277.760,0.12102
2275.831,0.12079
2273.903,0.12045
2271.974,0.12011
2270.045,0.11994
2268.117,0.11975
2266.188,0.11952
2264.259,0.11950
2262.331,0.11951
2260.402,0.11930
2258.473,0.11908
2256.545,0.11892
2254.616,0.11854
2252.687,0.11809
2250.759,0.11783
2248.830,0.11757
2246.901,0.11720
2244.973,0.11696
2243.044,0.11673
2241.115,0.11631
2239.187,0.11595
2237.258,0.11574
2235.329,0.11537
2233.401,0.11494
2231.472,0.11468
2229.543,0.11439
2227.615,0.11401
2225.686,0.11380
2223.757,0.11366
2221.829,0.11331
2219.900,0.11301
2217.971,0.11287
2216.043,0.11262
2214.114,0.11236
2212.185,0.11231
2210.257,0.11224
2208.328,0.11198
2206.399,0.11183
2204.471,0.11175
2202.542,0.11150
2200.613,0.11131
2198.685,0.11128
2196.756,0.11106
2194.827,0.11072
2192.899,0.11055
2190.970,0.11033
2189.041,0.10995
2187.113,0.10974
2185.184,0.10965
2183.255,0.10941
2181.327,0.10928
2179.398,0.10944
2177.469,0.10952
2175.540,0.10948
2173.612,0.10946
2171.683,0.10918
2169.754,0.10856
2167.826,0.10812
2165.897,0.10790
2163.968,0.10754
2162.040,0.10725
2160.111,0.10722
2158.182,0.10708
2156.254,0.10681
2154.325,0.10680
2152.396,0.10683
2150.468,0.10666
2148.539,0.10656
2146.610,0.10652
2144.682,0.10619
2142.753,0.10580
2140.824,0.10562
2138.896,0.10536
2136.967,0.10501
2135.038,0.10495
2133.110,0.10494
2131.181,0.10472
2129.252,0.10463
2127.324,0.10477
2125.395,0.10475
2123.466,0.10471
2121.538,0.10494
2119.609,0.10503
2117.680,0.10489
2115.752,0.10491
2113.823,0.10496
2111.894,0.10474
2109.966,0.10460
2108.037,0.10456
2106.108,0.10417
2104.180,0.10361
2102.251,0.10333
2100.322,0.10302
2098.394,0.10255
2096.465,0.10236
2094.536,0.10226
2092.608,0.10190
2090.679,0.10161
2088.750,0.10158
2086.822,0.10137
2084.893,0.10112
2082.964,0.10116
2081.036,0.10109
2079.107,0.10067
2077.178,0.10037
2075.250,0.10019
2073.321,0.09976
2071.392,0.09941
2069.464,0.09938
2067.535,0.09914
2065.606,0.09874
2063.678,0.09860
2061.749,0.09840
2059.820,0.09791
2057.892,0.09764
2055.963,0.09756
2054.034,0.09720
2052.106,0.09691
2050.177,0.09698
2048.248,0.09683
2046.320,0.09643
2044.391,0.09633
2042.462,0.09624
2040.534,0.09581
2038.605,0.09553
2036.676,0.09547
2034.748,0.09517
2032.819,0.09491
2030.890,0.09502
2028.962,0.09499
2027.033,0.09473
2025.104,0.09476
2023.176,0.09479
2021.247,0.09446
2019.318,0.09425
2017.390,0.09427
2015.461,0.09394
2013.532,0.09349
2011.603,0.09341
2009.675,0.09329
2007.746,0.09304
2005.817,0.09322
2003.889,0.09351
2001.960,0.09331
2000.031,0.09299
1998.103,0.09276
1996.174,0.09218
1994.245,0.09153
1992.317,0.09132
1990.388,0.09101
1988.459,0.09039
1986.531,0.09009
1984.602,0.08998
1982.673,0.08953
1980.745,0.08921
1978.816,0.08928
1976.887,0.08905
1974.959,0.08864
1973.030,0.08860
1971.101,0.08851
1969.173,0.08803
1967.244,0.08780
1965.315,0.08775
1963.387,0.08726
1961.458,0.08680
1959.529,0.08674
1957.601,0.08646
1955.672,0.08599
1953.743,0.08597
1951.815,0.08595
1949.886,0.08550
1947.957,0.08531
1946.029,0.08541
1944.100,0.08514
1942.171,0.08482
1940.243,0.08488
1938.314,0.08465
1936.385,0.08412
1934.457,0.08401
1932.528,0.08397
1930.599,0.08349
1928.671,0.08321
1926.742,0.08322
1924.813,0.08281
1922.885,0.08231
1920.956,0.08232
1919.027,0.08220
1917.099,0.08178
1915.170,0.08176
1913.241,0.08185
1911.313,0.08142
1909.384,0.08114
1907.455,0.08121
1905.527,0.08090
1903.598,0.08045
1901.669,0.08049
1899.741,0.08036
1897.812,0.07981
1895.883,0.07965
1893.955,0.07971
1892.026,0.07929
1890.097,0.07899
1888.169,0.07913
1886.240,0.07893
1884.311,0.07855
1882.383,0.07867
1880.454,0.07869
1878.525,0.07823
1876.597,0.07809
1874.668,0.07815
1872.739,0.07767
1870.811,0.07725
1868.882,0.07735
1866.953,0.07716
1865.025,0.07675
1863.096,0.07689
1861.167,0.07705
1859.239,0.07677
1857.310,0.07693
1855.381,0.07762
1853.452,0.07817
1851.524,0.07933
1849.595,0.08207
1847.666,0.08604
1845.738,0.09058
1843.809,0.09407
1841.880,0.09370
1839.952,0.08960
1838.023,0.08534
1836.094,0.08279
1834.166,0.08109
1832.237,0.08010
1830.308,0.08016
1828.380,0.08037
1826.451,0.08044
1824.522,0.08117
1822.594,0.08231
1820.665,0.08313
1818.736,0.08408
1816.808,0.08534
1814.879,0.08626
1812.950,0.08714
1811.022,0.08825
1809.093,0.08775
1807.164,0.08460
1805.236,0.08074
1803.307,0.07757
1801.378,0.07489
1799.450,0.07317
1797.521,0.07243
1795.592,0.07153
1793.664,0.07053
1791.735,0.07013
1789.806,0.06967
1787.878,0.06879
1785.949,0.06839
1784.020,0.06826
1782.092,0.06756
1780.163,0.06700
1778.234,0.06704
1776.306,0.06676
1774.377,0.06625
1772.448,0.06636
1770.520,0.06639
1768.591,0.06585
1766.662,0.06573
1764.734,0.06600
1762.805,0.06575
1760.876,0.06551
1758.948,0.06584
1757.019,0.06583
1755.090,0.06550
1753.162,0.06584
1751.233,0.06628
1749.304,0.06618
1747.376,0.06645
1745.447,0.06713
1743.518,0.06730
1741.590,0.06748
1739.661,0.06829
1737.732,0.06882
1735.804,0.06900
1733.875,0.06969
1731.946,0.07029
1730.018,0.07012
1728.089,0.07013
1726.160,0.07054
1724.232,0.07048
1722.303,0.07045
1720.374,0.07115
1718.446,0.07167
1716.517,0.07185
1714.588,0.07262
1712.660,0.07357
1710.731,0.07392
1708.802,0.07439
1706.874,0.07508
1704.945,0.07512
1703.016,0.07508
1701.088,0.07579
1699.159,0.07637
1697.230,0.07654
1695.302,0.07726
1693.373,0.07818
1691.444,0.07865
1689.515,0.07956
1687.587,0.08119
1685.658,0.08255
1683.729,0.08387
1681.801,0.08582
1679.872,0.08767
1677.943,0.08920
1676.015,0.09122
1674.086,0.09340
1672.157,0.09514
1670.229,0.09737
1668.300,0.10045
1666.371,0.10347
1664.443,0.10672
1662.514,0.11078
1660.585,0.11452
1658.657,0.11715
1656.728,0.11953
1654.799,0.12196
1652.871,0.12429
1650.942,0.12735
1649.013,0.13134
1647.085,0.13515
1645.156,0.13870
1643.227,0.14246
1641.299,0.14584
1639.370,0.14916
1637.441,0.15413
1635.513,0.16129
1633.584,0.17020
1631.655,0.18117
1629.727,0.19389
1627.798,0.20760
1625.869,0.22461
1623.941,0.25063
1622.012,0.28983
1620.083,0.33586
1618.155,0.36426
1616.226,0.35134
1614.297,0.31051
1612.369,0.27650
1610.440,0.26762
1608.511,0.28185
1606.583,0.30828
1604.654,0.33293
1602.725,0.33981
1600.797,0.31961
1598.868,0.28167
1596.939,0.24466
1595.011,0.21911
1593.082,0.20607
1591.153,0.20290
1589.225,0.20632
1587.296,0.21392
1585.367,0.22401
1583.439,0.23495
1581.510,0.24659
1579.581,0.26013
1577.653,0.27573
1575.724,0.29281
1573.795,0.31171
1571.867,0.33290
1569.938,0.35619
1568.009,0.38172
1566.081,0.40986
1564.152,0.44066
1562.223,0.47535
1560.295,0.51715
1558.366,0.56953
1556.437,0.63515
1554.509,0.71483
1552.580,0.80411
1550.651,0.89260
1548.723,0.97389
1546.794,1.05443
1544.865,1.14093
1542.937,1.22337
1541.008,1.28150
1539.079,1.30312
1537.151,1.28764
1535.222,1.24009
1533.293,1.16937
1531.364,1.08604
1529.436,0.99775
1527.507,0.90935
1525.578,0.82618
1523.650,0.75303
1521.721,0.69172
1519.792,0.64183
1517.864,0.60140
1515.935,0.56795
1514.006,0.54005
1512.078,0.51678
1510.149,0.49655
1508.220,0.47734
1506.292,0.45767
1504.363,0.43711
1502.434,0.41642
1500.506,0.39674
1498.577,0.37836
1496.648,0.36106
1494.720,0.34526
1492.791,0.33133
1490.862,0.31889
1488.934,0.30790
1487.005,0.29832
1485.076,0.28924
1483.148,0.28045
1481.219,0.27293
1479.290,0.26735
1477.362,0.26495
1475.433,0.26707
1473.504,0.26985
1471.576,0.26906
1469.647,0.26985
1467.718,0.27760
1465.790,0.28746
1463.861,0.28977
1461.932,0.27867
1460.004,0.25771
1458.075,0.23647
1456.146,0.22081
1454.218,0.21056
1452.289,0.20349
1450.360,0.19842
1448.432,0.19503
1446.503,0.19329
1444.574,0.19494
1442.646,0.20327
1440.717,0.21917
1438.788,0.23690
1436.860,0.24457
1434.931,0.23477
1433.002,0.21367
1431.074,0.19269
1429.145,0.17731
1427.216,0.16712
1425.288,0.16092
1423.359,0.15842
1421.430,0.15891
1419.502,0.16263
1417.573,0.17196
1415.644,0.18928
1413.716,0.21579
1411.787,0.25129
1409.858,0.29144
1407.930,0.32633
1406.001,0.34465
1404.072,0.34055
1402.144,0.31786
1400.215,0.28694
1398.286,0.25716
1396.358,0.23277
1394.429,0.21462
1392.500,0.20326
1390.572,0.19848
1388.643,0.19907
1386.714,0.20637
1384.786,0.22496
1382.857,0.25284
1380.928,0.27291
1379.000,0.27287
1377.071,0.26662
1375.142,0.27278
1373.214,0.29604
1371.285,0.33420
1369.356,0.38598
1367.427,0.45292
1365.499,0.53788
1363.570,0.64134
1361.641,0.75963
1359.713,0.88707
1357.784,1.01766
1355.855,1.13667
1353.927,1.20748
1351.998,1.19312
1350.069,1.10606
1348.141,0.99063
1346.212,0.87792
1344.283,0.78056
1342.355,0.70139
1340.426,0.63902
1338.497,0.58980
1336.569,0.54905
1334.640,0.51316
1332.711,0.48065
1330.783,0.45106
1328.854,0.42443
1326.925,0.40135
1324.997,0.38172
1323.068,0.36449
1321.139,0.34935
1319.211,0.33654
1317.282,0.32527
1315.353,0.31467
1313.425,0.30507
1311.496,0.29694
1309.567,0.29125
1307.639,0.28945
1305.710,0.28934
1303.781,0.28586
1301.853,0.27870
1299.924,0.27170
1297.995,0.26637
1296.067,0.26236
1294.138,0.25983
1292.209,0.25772
1290.281,0.25421
1288.352,0.24951
1286.423,0.24446
1284.495,0.23866
1282.566,0.23259
1280.637,0.22757
1278.709,0.22344
1276.780,0.21975
1274.851,0.21713
1272.923,0.21518
1270.994,0.21266
1269.065,0.21016
1267.137,0.20854
1265.208,0.20701
1263.279,0.20515
1261.351,0.20327
1259.422,0.20058
1257.493,0.19681
1255.565,0.19329
1253.636,0.19030
1251.707,0.18704
1249.779,0.18417
1247.850,0.18229
1245.921,0.18038
1243.993,0.17848
1242.064,0.17758
1240.135,0.17704
1238.207,0.17611
1236.278,0.17563
1234.349,0.17529
1232.421,0.17379
1230.492,0.17172
1228.563,0.16992
1226.635,0.16762
1224.706,0.16500
1222.777,0.16321
1220.849,0.16166
1218.920,0.15992
1216.991,0.15998
1215.063,0.16357
1213.134,0.17119
1211.205,0.18221
1209.277,0.19216
1207.348,0.19576
1205.419,0.19367
1203.490,0.18919
1201.562,0.18285
1199.633,0.17549
1197.704,0.16959
1195.776,0.16555
1193.847,0.16186
1191.918,0.15862
1189.990,0.15628
1188.061,0.15364
1186.132,0.15065
1184.204,0.14870
1182.275,0.14754
1180.346,0.14711
1178.418,0.15042
1176.489,0.16086
1174.560,0.17946
1172.632,0.20266
1170.703,0.21820
1168.774,0.21406
1166.846,0.19632
1164.917,0.17988
1162.988,0.16922
1161.060,0.16156
1159.131,0.15599
1157.202,0.15218
1155.274,0.14874
1153.345,0.14587
1151.416,0.14435
1149.488,0.14294
1147.559,0.14109
1145.630,0.13985
1143.702,0.13869
1141.773,0.13664
1139.844,0.13490
1137.916,0.13394
1135.987,0.13246
1134.058,0.13090
1132.130,0.13030
1130.201,0.12949
1128.272,0.12800
1126.344,0.12715
1124.415,0.12651
1122.486,0.12500
1120.558,0.12377
1118.629,0.12326
1116.700,0.12202
1114.772,0.12048
1112.843,0.11977
1110.914,0.11876
1108.986,0.11709
1107.057,0.11623
1105.128,0.11584
1103.200,0.11489
1101.271,0.11479
1099.342,0.11662
1097.414,0.12063
1095.485,0.13080
1093.556,0.15265
1091.628,0.18516
1089.699,0.21929
1087.770,0.24436
1085.842,0.25169
1083.913,0.23915
1081.984,0.21609
1080.056,0.19390
1078.127,0.17655
1076.198,0.16431
1074.270,0.15664
1072.341,0.15096
1070.412,0.14557
1068.484,0.14129
1066.555,0.13785
1064.626,0.13414
1062.698,0.13114
1060.769,0.12941
1058.840,0.12738
1056.912,0.12511
1054.983,0.12385
1053.054,0.12262
1051.126,0.12073
1049.197,0.11959
1047.268,0.11900
1045.339,0.11766
1043.411,0.11656
1041.482,0.11645
1039.553,0.11593
1037.625,0.11520
1035.696,0.11557
1033.767,0.11635
1031.839,0.11787
1029.910,0.12323
1027.981,0.13125
1026.053,0.13479
1024.124,0.13112
1022.195,0.12467
1020.267,0.11885
1018.338,0.11466
1016.409,0.11253
1014.481,0.11095
1012.552,0.10892
1010.623,0.10771
1008.695,0.10715
1006.766,0.10587
1004.837,0.10475
1002.909,0.10445
1000.980,0.10351
999.051,0.10201
997.123,0.10138
995.194,0.10075
993.265,0.09934
991.337,0.09855
989.408,0.09830
987.479,0.09721
985.551,0.09618
983.622,0.09603
981.693,0.09533
979.765,0.09413
977.836,0.09381
975.907,0.09346
973.979,0.09229
972.050,0.09171
970.121,0.09165
968.193,0.09074
966.264,0.08989
964.335,0.08986
962.407,0.08924
960.478,0.08810
958.549,0.08780
956.621,0.08743
954.692,0.08626
952.763,0.08580
950.835,0.08606
948.906,0.08612
946.977,0.08826
945.049,0.09725
943.120,0.11804
941.191,0.14971
939.263,0.17515
937.334,0.17283
935.405,0.14847
933.477,0.12443
931.548,0.11006
929.619,0.10564
927.691,0.11433
925.762,0.13088
923.833,0.13567
921.905,0.12533
919.976,0.12283
918.047,0.14473
916.119,0.18646
914.190,0.23477
912.261,0.28526
910.333,0.33841
908.404,0.37912
906.475,0.37420
904.547,0.31695
902.618,0.24906
900.689,0.20204
898.761,0.17466
896.832,0.15720
894.903,0.14557
892.975,0.13782
891.046,0.13147
889.117,0.12628
887.189,0.12260
885.260,0.11910
883.331,0.11567
881.402,0.11344
879.474,0.11154
877.545,0.10911
875.616,0.10742
873.688,0.10649
871.759,0.10489
869.830,0.10331
867.902,0.10249
865.973,0.10123
864.044,0.09959
862.116,0.09887
860.187,0.09832
858.258,0.09710
856.330,0.09649
854.401,0.09637
852.472,0.09544
850.544,0.09443
848.615,0.09404
846.686,0.09301
844.758,0.09147
842.829,0.09071
840.900,0.08992
838.972,0.08851
837.043,0.08773
835.114,0.08749
833.186,0.08649
831.257,0.08561
829.328,0.08638
827.400,0.08850
825.471,0.09036
823.542,0.08979
821.614,0.08644
819.685,0.08279
817.756,0.08109
815.828,0.08040
813.899,0.07924
811.970,0.07841
810.042,0.07818
808.113,0.07741
806.184,0.07660
804.256,0.07676
802.327,0.07736
800.398,0.08026
798.470,0.09454
796.541,0.13619
794.612,0.20501
792.684,0.24750
790.755,0.21706
788.826,0.16091
786.898,0.12410
784.969,0.10553
783.040,0.09491
781.112,0.08803
779.183,0.08408
777.254,0.08210
775.326,0.08336
773.397,0.09221
771.468,0.10668
769.540,0.11657
767.611,0.11531
765.682,0.10676
763.754,0.10259
761.825,0.10958
759.896,0.11603
757.968,0.10763
756.039,0.09101
754.110,0.07928
752.182,0.07418
750.253,0.07290
748.324,0.07609
746.396,0.08541
744.467,0.10305
742.538,0.13554
740.610,0.19253
738.681,0.27471
736.752,0.35699
734.824,0.39323
732.895,0.36561
730.966,0.30834
729.038,0.26130
727.109,0.24347
725.180,0.26481
723.251,0.33451
721.323,0.43845
719.394,0.51326
717.465,0.50632
715.537,0.44246
713.608,0.36553
711.679,0.30864
709.751,0.28804
707.822,0.29936
705.893,0.32283
703.965,0.32973
702.036,0.30534
700.107,0.26437
698.179,0.22750
696.250,0.20167
694.321,0.18420
692.393,0.17141
690.464,0.16208
688.535,0.15533
686.607,0.14945
684.678,0.14443
682.749,0.14067
680.821,0.13709
678.892,0.13351
676.963,0.13095
675.035,0.12891
673.106,0.12680
671.177,0.12574
669.249,0.12602
667.320,0.12707
665.391,0.12943
663.463,0.13219
661.534,0.13236
659.605,0.12948
657.677,0.12575
655.748,0.12206
653.819,0.11897
651.891,0.11801
649.962,0.11954
648.033,0.12405
646.105,0.13463
644.176,0.15395
642.247,0.17958
640.319,0.20265
638.390,0.21165
636.461,0.20268
634.533,0.18408
632.604,0.16607
630.675,0.15181
628.747,0.14071
626.818,0.13288
624.889,0.12739
622.961,0.12256
621.032,0.11877
619.103,0.11628
617.175,0.11373
615.246,0.11123
613.317,0.10976
611.389,0.10834
609.460,0.10645
607.531,0.10529
605.603,0.10444
603.674,0.10294
601.745,0.10184
599.817,0.10142
597.888,0.10042
595.959,0.09938
594.031,0.09917
592.102,0.09868
590.173,0.09792
588.245,0.09823
586.316,0.09924
584.387,0.10083
582.459,0.10443
580.530,0.10858
578.601,0.10974
576.673,0.10804
574.744,0.10556
572.815,0.10315
570.887,0.10251
568.958,0.10484
567.029,0.10755
565.101,0.10798
563.172,0.10656
561.243,0.10374
559.314,0.10010
557.386,0.09765
555.457,0.09631
553.528,0.09447
551.600,0.09300
549.671,0.09262
547.742,0.09180
545.814,0.09071
543.885,0.09055
541.956,0.09006
540.028,0.08882
538.099,0.08839
536.170,0.08813
534.242,0.08686
532.313,0.08616
530.384,0.08631
528.456,0.08567
526.527,0.08515
524.598,0.08564
522.670,0.08548
520.741,0.08493
518.812,0.08562
516.884,0.08647
514.955,0.08719
513.026,0.09005
511.098,0.09512
509.169,0.10103
507.240,0.10779
505.312,0.11346
503.383,0.11494
501.454,0.11356
499.526,0.11151
497.597,0.10789
495.668,0.10365
493.740,0.10104
491.811,0.09882
489.882,0.09618
487.954,0.09514
486.025,0.09506
484.096,0.09394
482.168,0.09319
480.239,0.09347
478.310,0.09302
476.382,0.09299
474.453,0.09488
472.524,0.09679
470.596,0.09920
468.667,0.10531
466.738,0.11470
464.810,0.12499
462.881,0.13377
460.952,0.13605
459.024,0.13047
457.095,0.12304
455.166,0.11716
453.238,0.11146
451.309,0.10686
449.380,0.10402
447.452,0.10065
445.523,0.09762
443.594,0.09695
441.666,0.09604
439.737,0.09368
437.808,0.09269
435.880,0.09249
433.951,0.09131
432.022,0.09111
430.094,0.09174
428.165,0.09113
426.236,0.09168
424.308,0.09429
422.379,0.09521
420.450,0.09560
418.522,0.09860
416.593,0.10194
414.664,0.10483
412.736,0.11001
410.807,0.11659
408.878,0.12364
406.950,0.13547
405.021,0.15205
403.092,0.17067
401.163,0.19821
399.235,0.23650
