6999.146,0.44972
6997.217,0.44940
6995.288,0.44916
6993.360,0.44923
6991.431,0.44933
6989.502,0.44907
6987.574,0.44858
6985.645,0.44814
6983.716,0.44798
6981.788,0.44816
6979.859,0.44840
6977.930,0.44835
6976.002,0.44809
6974.073,0.44786
6972.144,0.44782
6970.216,0.44798
6968.287,0.44811
6966.358,0.44794
6964.430,0.44744
6962.501,0.44680
6960.572,0.44647
6958.644,0.44652
6956.715,0.44656
6954.786,0.44651
6952.858,0.44651
6950.929,0.44659
6949.000,0.44661
6947.072,0.44635
6945.143,0.44596
6943.214,0.44577
6941.286,0.44573
6939.357,0.44562
6937.428,0.44550
6935.500,0.44546
6933.571,0.44532
6931.642,0.44492
6929.714,0.44443
6927.785,0.44414
6925.856,0.44410
6923.928,0.44416
6921.999,0.44429
6920.070,0.44441
6918.142,0.44426
6916.213,0.44383
6914.284,0.44350
6912.356,0.44340
6910.427,0.44325
6908.498,0.44303
6906.570,0.44294
6904.641,0.44302
6902.712,0.44311
6900.784,0.44303
6898.855,0.44279
6896.926,0.44250
6894.998,0.44218
6893.069,0.44184
6891.140,0.44157
6889.212,0.44153
6887.283,0.44164
6885.354,0.44164
6883.426,0.44154
6881.497,0.44142
6879.568,0.44122
6877.640,0.44099
6875.711,0.44082
6873.782,0.44065
6871.854,0.44044
6869.925,0.44033
6867.996,0.44023
6866.068,0.44001
6864.139,0.43985
6862.210,0.43975
6860.282,0.43948
6858.353,0.43912
6856.424,0.43882
6854.496,0.43855
6852.567,0.43833
6850.638,0.43827
6848.709,0.43834
6846.781,0.43830
6844.852,0.43803
6842.923,0.43774
6840.995,0.43764
6839.066,0.43768
6837.137,0.43773
6835.209,0.43764
6833.280,0.43736
6831.351,0.43706
6829.423,0.43678
6827.494,0.43648
6825.565,0.43638
6823.637,0.43641
6821.708,0.43631
6819.779,0.43616
6817.851,0.43587
6815.922,0.43542
6813.993,0.43514
6812.065,0.43511
6810.136,0.43509
6808.207,0.43504
6806.279,0.43509
6804.350,0.43528
6802.421,0.43530
6800.493,0.43498
6798.564,0.43455
6796.635,0.43419
6794.707,0.43391
6792.778,0.43375
6790.849,0.43377
6788.921,0.43385
6786.992,0.43366
6785.063,0.43324
6783.135,0.43308
6781.206,0.43317
6779.277,0.43306
6777.349,0.43262
6775.420,0.43220
6773.491,0.43206
6771.563,0.43210
6769.634,0.43215
6767.705,0.43210
6765.777,0.43185
6763.848,0.43157
6761.919,0.43146
6759.991,0.43139
6758.062,0.43113
6756.133,0.43088
6754.205,0.43086
6752.276,0.43086
6750.347,0.43075
6748.419,0.43065
6746.490,0.43059
6744.561,0.43050
6742.633,0.43035
6740.704,0.43017
6738.775,0.42997
6736.847,0.42974
6734.918,0.42954
6732.989,0.42937
6731.061,0.42916
6729.132,0.42888
6727.203,0.42858
6725.275,0.42831
6723.346,0.42815
6721.417,0.42811
6719.489,0.42814
6717.560,0.42819
6715.631,0.42815
6713.703,0.42786
6711.774,0.42741
6709.845,0.42708
6707.917,0.42693
6705.988,0.42692
6704.059,0.42693
6702.131,0.42680
6700.202,0.42662
6698.273,0.42649
6696.345,0.42642
6694.416,0.42632
6692.487,0.42619
6690.558,0.42605
6688.630,0.42591
6686.701,0.42577
6684.772,0.42574
6682.844,0.42572
6680.915,0.42553
6678.986,0.42526
6677.058,0.42504
6675.129,0.42481
6673.200,0.42461
6671.272,0.42451
6669.343,0.42435
6667.414,0.42413
6665.486,0.42399
6663.557,0.42397
6661.628,0.42392
6659.700,0.42377
6657.771,0.42357
6655.842,0.42336
6653.914,0.42313
6651.985,0.42296
6650.056,0.42284
6648.128,0.42277
6646.199,0.42273
6644.270,0.42259
6642.342,0.42229
6640.413,0.42201
6638.484,0.42183
6636.556,0.42171
6634.627,0.42161
6632.698,0.42136
6630.770,0.42108
6628.841,0.42101
6626.912,0.42106
6624.984,0.42094
6623.055,0.42073
6621.126,0.42063
6619.198,0.42057
6617.269,0.42043
6615.340,0.42029
6613.412,0.42016
6611.483,0.41992
6609.554,0.41968
6607.626,0.41950
6605.697,0.41933
6603.768,0.41922
6601.840,0.41927
6599.911,0.41931
6597.982,0.41917
6596.054,0.41889
6594.125,0.41867
6592.196,0.41852
6590.268,0.41835
6588.339,0.41824
6586.410,0.41824
6584.482,0.41820
6582.553,0.41794
6580.624,0.41764
6578.696,0.41746
6576.767,0.41731
6574.838,0.41714
6572.910,0.41708
6570.981,0.41713
6569.052,0.41718
6567.124,0.41708
6565.195,0.41684
6563.266,0.41664
6561.338,0.41648
6559.409,0.41631
6557.480,0.41610
6555.552,0.41591
6553.623,0.41580
6551.694,0.41572
6549.766,0.41559
6547.837,0.41544
6545.908,0.41528
6543.980,0.41514
6542.051,0.41506
6540.122,0.41494
6538.194,0.41482
6536.265,0.41470
6534.336,0.41447
6532.408,0.41417
6530.479,0.41393
6528.550,0.41368
6526.621,0.41345
6524.693,0.41338
6522.764,0.41343
6520.835,0.41342
6518.907,0.41324
6516.978,0.41299
6515.049,0.41275
6513.121,0.41262
6511.192,0.41258
6509.263,0.41249
6507.335,0.41231
6505.406,0.41211
6503.477,0.41189
6501.549,0.41170
6499.620,0.41160
6497.691,0.41159
6495.763,0.41150
6493.834,0.41126
6491.905,0.41100
6489.977,0.41085
6488.048,0.41078
6486.119,0.41064
6484.191,0.41040
6482.262,0.41017
6480.333,0.41003
6478.405,0.40991
6476.476,0.40968
6474.547,0.40943
6472.619,0.40940
6470.690,0.40953
6468.761,0.40950
6466.833,0.40931
6464.904,0.40917
6462.975,0.40899
6461.047,0.40869
6459.118,0.40845
6457.189,0.40834
6455.261,0.40831
6453.332,0.40827
6451.403,0.40814
6449.475,0.40791
6447.546,0.40761
6445.617,0.40738
6443.689,0.40723
6441.760,0.40704
6439.831,0.40679
6437.903,0.40657
6435.974,0.40646
6434.045,0.40638
6432.117,0.40623
6430.188,0.40603
6428.259,0.40579
6426.331,0.40566
6424.402,0.40570
6422.473,0.40567
6420.545,0.40555
6418.616,0.40550
6416.687,0.40546
6414.759,0.40524
6412.830,0.40490
6410.901,0.40458
6408.973,0.40431
6407.044,0.40413
6405.115,0.40397
6403.187,0.40378
6401.258,0.40359
6399.329,0.40350
6397.401,0.40350
6395.472,0.40346
6393.543,0.40327
6391.615,0.40303
6389.686,0.40286
6387.757,0.40273
6385.829,0.40255
6383.900,0.40237
6381.971,0.40224
6380.043,0.40197
6378.114,0.40158
6376.185,0.40132
6374.257,0.40129
6372.328,0.40131
6370.399,0.40128
6368.471,0.40111
6366.542,0.40088
6364.613,0.40063
6362.684,0.40035
6360.756,0.40014
6358.827,0.40007
6356.898,0.40013
6354.970,0.40022
6353.041,0.40019
6351.112,0.39993
6349.184,0.39958
6347.255,0.39938
6345.326,0.39933
6343.398,0.39918
6341.469,0.39895
6339.540,0.39883
6337.612,0.39878
6335.683,0.39862
6333.754,0.39841
6331.826,0.39824
6329.897,0.39809
6327.968,0.39794
6326.040,0.39775
6324.111,0.39760
6322.182,0.39754
6320.254,0.39750
6318.325,0.39740
6316.396,0.39719
6314.468,0.39691
6312.539,0.39657
6310.610,0.39626
6308.682,0.39614
6306.753,0.39619
6304.824,0.39619
6302.896,0.39607
6300.967,0.39587
6299.038,0.39562
6297.110,0.39539
6295.181,0.39519
6293.252,0.39503
6291.324,0.39488
6289.395,0.39480
6287.466,0.39480
6285.538,0.39467
6283.609,0.39441
6281.680,0.39417
6279.752,0.39402
6277.823,0.39395
6275.894,0.39387
6273.966,0.39371
6272.037,0.39350
6270.108,0.39328
6268.180,0.39306
6266.251,0.39290
6264.322,0.39279
6262.394,0.39268
6260.465,0.39253
6258.536,0.39232
6256.608,0.39212
6254.679,0.39200
6252.750,0.39192
6250.822,0.39180
6248.893,0.39158
6246.964,0.39137
6245.036,0.39131
6243.107,0.39131
6241.178,0.39127
6239.250,0.39116
6237.321,0.39097
6235.392,0.39072
6233.464,0.39052
6231.535,0.39036
6229.606,0.39019
6227.678,0.39013
6225.749,0.39011
6223.820,0.38999
6221.892,0.38995
6219.963,0.39017
6218.034,0.39055
6216.106,0.39100
6214.177,0.39147
6212.248,0.39196
6210.320,0.39255
6208.391,0.39315
6206.462,0.39359
6204.533,0.39379
6202.605,0.39389
6200.676,0.39410
6198.747,0.39441
6196.819,0.39458
6194.890,0.39448
6192.961,0.39416
6191.033,0.39379
6189.104,0.39346
6187.175,0.39314
6185.247,0.39277
6183.318,0.39240
6181.389,0.39202
6179.461,0.39164
6177.532,0.39144
6175.603,0.39150
6173.675,0.39167
6171.746,0.39173
6169.817,0.39154
6167.889,0.39119
6165.960,0.39082
6164.031,0.39047
6162.103,0.39017
6160.174,0.38987
6158.245,0.38945
6156.317,0.38894
6154.388,0.38848
6152.459,0.38817
6150.531,0.38793
6148.602,0.38779
6146.673,0.38773
6144.745,0.38763
6142.816,0.38749
6140.887,0.38735
6138.959,0.38722
6137.030,0.38712
6135.101,0.38712
6133.173,0.38713
6131.244,0.38703
6129.315,0.38691
6127.387,0.38698
6125.458,0.38713
6123.529,0.38717
6121.601,0.38720
6119.672,0.38726
6117.743,0.38716
6115.815,0.38693
6113.886,0.38682
6111.957,0.38688
6110.029,0.38688
6108.100,0.38663
6106.171,0.38618
6104.243,0.38574
6102.314,0.38538
6100.385,0.38508
6098.457,0.38480
6096.528,0.38450
6094.599,0.38413
6092.671,0.38377
6090.742,0.38347
6088.813,0.38322
6086.885,0.38298
6084.956,0.38269
6083.027,0.38238
6081.099,0.38216
6079.170,0.38203
6077.241,0.38187
6075.313,0.38165
6073.384,0.38141
6071.455,0.38119
6069.527,0.38102
6067.598,0.38086
6065.669,0.38073
6063.741,0.38069
6061.812,0.38068
6059.883,0.38056
6057.955,0.38031
6056.026,0.38004
6054.097,0.37988
6052.169,0.37982
6050.240,0.37976
6048.311,0.37963
6046.383,0.37947
6044.454,0.37935
6042.525,0.37926
6040.596,0.37920
6038.668,0.37919
6036.739,0.37912
6034.810,0.37900
6032.882,0.37890
6030.953,0.37878
6029.024,0.37859
6027.096,0.37841
6025.167,0.37830
6023.238,0.37820
6021.310,0.37806
6019.381,0.37782
6017.452,0.37754
6015.524,0.37731
6013.595,0.37715
6011.666,0.37698
6009.738,0.37681
6007.809,0.37668
6005.880,0.37652
6003.952,0.37633
6002.023,0.37613
6000.094,0.37592
5998.166,0.37572
5996.237,0.37559
5994.308,0.37548
5992.380,0.37531
5990.451,0.37512
5988.522,0.37492
5986.594,0.37472
5984.665,0.37460
5982.736,0.37458
5980.808,0.37452
5978.879,0.37438
5976.950,0.37420
5975.022,0.37405
5973.093,0.37397
5971.164,0.37390
5969.236,0.37379
5967.307,0.37362
5965.378,0.37345
5963.450,0.37337
5961.521,0.37330
5959.592,0.37312
5957.664,0.37287
5955.735,0.37264
5953.806,0.37250
5951.878,0.37238
5949.949,0.37219
5948.020,0.37207
5946.092,0.37214
5944.163,0.37223
5942.234,0.37218
5940.306,0.37203
5938.377,0.37188
5936.448,0.37172
5934.520,0.37162
5932.591,0.37160
5930.662,0.37159
5928.734,0.37156
5926.805,0.37149
5924.876,0.37142
5922.948,0.37140
5921.019,0.37141
5919.090,0.37142
5917.162,0.37140
5915.233,0.37133
5913.304,0.37127
5911.376,0.37123
5909.447,0.37111
5907.518,0.37085
5905.590,0.37056
5903.661,0.37030
5901.732,0.37001
5899.804,0.36966
5897.875,0.36933
5895.946,0.36910
5894.018,0.36894
5892.089,0.36884
5890.160,0.36879
5888.232,0.36867
5886.303,0.36845
5884.374,0.36829
5882.445,0.36826
5880.517,0.36822
5878.588,0.36812
5876.659,0.36806
5874.731,0.36806
5872.802,0.36804
5870.873,0.36803
5868.945,0.36806
5867.016,0.36809
5865.087,0.36807
5863.159,0.36798
5861.230,0.36791
5859.301,0.36792
5857.373,0.36793
5855.444,0.36796
5853.515,0.36806
5851.587,0.36822
5849.658,0.36831
5847.729,0.36833
5845.801,0.36841
5843.872,0.36855
5841.943,0.36870
5840.015,0.36876
5838.086,0.36871
5836.157,0.36856
5834.229,0.36836
5832.300,0.36812
5830.371,0.36777
5828.443,0.36732
5826.514,0.36688
5824.585,0.36657
5822.657,0.36627
5820.728,0.36586
5818.799,0.36548
5816.871,0.36520
5814.942,0.36498
5813.013,0.36479
5811.085,0.36459
5809.156,0.36438
5807.227,0.36418
5805.299,0.36395
5803.370,0.36375
5801.441,0.36365
5799.513,0.36359
5797.584,0.36352
5795.655,0.36344
5793.727,0.36330
5791.798,0.36312
5789.869,0.36296
5787.941,0.36273
5786.012,0.36247
5784.083,0.36231
5782.155,0.36216
5780.226,0.36199
5778.297,0.36187
5776.369,0.36179
5774.440,0.36162
5772.511,0.36140
5770.583,0.36125
5768.654,0.36116
5766.725,0.36101
5764.797,0.36082
5762.868,0.36067
5760.939,0.36054
5759.011,0.36035
5757.082,0.36017
5755.153,0.36007
5753.225,0.35997
5751.296,0.35977
5749.367,0.35957
5747.439,0.35942
5745.510,0.35924
5743.581,0.35904
5741.653,0.35881
5739.724,0.35858
5737.795,0.35838
5735.867,0.35817
5733.938,0.35799
5732.009,0.35783
5730.081,0.35762
5728.152,0.35740
5726.223,0.35732
5724.295,0.35734
5722.366,0.35733
5720.437,0.35725
5718.508,0.35716
5716.580,0.35709
5714.651,0.35708
5712.722,0.35711
5710.794,0.35716
5708.865,0.35726
5706.936,0.35742
5705.008,0.35759
5703.079,0.35775
5701.150,0.35791
5699.222,0.35799
5697.293,0.35787
5695.364,0.35749
5693.436,0.35693
5691.507,0.35631
5689.578,0.35574
5687.650,0.35522
5685.721,0.35482
5683.792,0.35450
5681.864,0.35423
5679.935,0.35398
5678.006,0.35371
5676.078,0.35347
5674.149,0.35324
5672.220,0.35300
5670.292,0.35282
5668.363,0.35272
5666.434,0.35258
5664.506,0.35235
5662.577,0.35211
5660.648,0.35194
5658.720,0.35180
5656.791,0.35161
5654.862,0.35138
5652.934,0.35119
5651.005,0.35104
5649.076,0.35092
5647.148,0.35082
5645.219,0.35068
5643.290,0.35048
5641.362,0.35029
5639.433,0.35009
5637.504,0.34988
5635.576,0.34970
5633.647,0.34957
5631.718,0.34945
5629.790,0.34926
5627.861,0.34907
5625.932,0.34892
5624.004,0.34875
5622.075,0.34857
5620.146,0.34841
5618.218,0.34832
5616.289,0.34819
5614.360,0.34797
5612.432,0.34772
5610.503,0.34755
5608.574,0.34745
5606.646,0.34733
5604.717,0.34715
5602.788,0.34697
5600.860,0.34682
5598.931,0.34669
5597.002,0.34658
5595.074,0.34646
5593.145,0.34632
5591.216,0.34617
5589.288,0.34598
5587.359,0.34577
5585.430,0.34563
5583.502,0.34554
5581.573,0.34545
5579.644,0.34529
5577.716,0.34509
5575.787,0.34488
5573.858,0.34471
5571.930,0.34461
5570.001,0.34457
5568.072,0.34451
5566.144,0.34439
5564.215,0.34421
5562.286,0.34400
5560.357,0.34377
5558.429,0.34360
5556.500,0.34353
5554.571,0.34349
5552.643,0.34338
5550.714,0.34320
5548.785,0.34299
5546.857,0.34281
5544.928,0.34266
5542.999,0.34253
5541.071,0.34242
5539.142,0.34226
5537.213,0.34207
5535.285,0.34196
5533.356,0.34189
5531.427,0.34175
5529.499,0.34157
5527.570,0.34140
5525.641,0.34126
5523.713,0.34112
5521.784,0.34092
5519.855,0.34073
5517.927,0.34065
5515.998,0.34064
5514.069,0.34055
5512.141,0.34031
5510.212,0.34011
5508.283,0.34008
5506.355,0.34006
5504.426,0.33995
5502.497,0.33981
5500.569,0.33966
5498.640,0.33950
5496.711,0.33934
5494.783,0.33916
5492.854,0.33902
5490.925,0.33894
5488.997,0.33886
5487.068,0.33872
5485.139,0.33852
5483.211,0.33836
5481.282,0.33822
5479.353,0.33806
5477.425,0.33795
5475.496,0.33788
5473.567,0.33777
5471.639,0.33756
5469.710,0.33735
5467.781,0.33723
5465.853,0.33715
5463.924,0.33712
5461.995,0.33708
5460.067,0.33691
5458.138,0.33666
5456.209,0.33650
5454.281,0.33642
5452.352,0.33636
5450.423,0.33626
5448.495,0.33611
5446.566,0.33594
5444.637,0.33575
5442.709,0.33554
5440.780,0.33537
5438.851,0.33528
5436.923,0.33520
5434.994,0.33508
5433.065,0.33496
5431.137,0.33485
5429.208,0.33474
5427.279,0.33461
5425.351,0.33446
5423.422,0.33431
5421.493,0.33420
5419.565,0.33409
5417.636,0.33395
5415.707,0.33380
5413.779,0.33366
5411.850,0.33352
5409.921,0.33341
5407.993,0.33332
5406.064,0.33319
5404.135,0.33302
5402.207,0.33286
5400.278,0.33274
5398.349,0.33261
5396.420,0.33245
5394.492,0.33225
5392.563,0.33204
5390.634,0.33187
5388.706,0.33178
5386.777,0.33174
5384.848,0.33164
5382.920,0.33146
5380.991,0.33127
5379.062,0.33112
5377.134,0.33098
5375.205,0.33083
5373.276,0.33073
5371.348,0.33063
5369.419,0.33049
5367.490,0.33033
5365.562,0.33015
5363.633,0.32993
5361.704,0.32970
5359.776,0.32955
5357.847,0.32945
5355.918,0.32935
5353.990,0.32923
5352.061,0.32909
5350.132,0.32896
5348.204,0.32887
5346.275,0.32883
5344.346,0.32873
5342.418,0.32854
5340.489,0.32834
5338.560,0.32818
5336.632,0.32806
5334.703,0.32793
5332.774,0.32782
5330.846,0.32771
5328.917,0.32755
5326.988,0.32738
5325.060,0.32726
5323.131,0.32718
5321.202,0.32708
5319.274,0.32692
5317.345,0.32674
5315.416,0.32656
5313.488,0.32639
5311.559,0.32623
5309.630,0.32610
5307.702,0.32599
5305.773,0.32588
5303.844,0.32573
5301.916,0.32554
5299.987,0.32539
5298.058,0.32532
5296.130,0.32527
5294.201,0.32520
5292.272,0.32506
5290.344,0.32483
5288.415,0.32460
5286.486,0.32446
5284.558,0.32436
5282.629,0.32425
5280.700,0.32417
5278.772,0.32411
5276.843,0.32400
5274.914,0.32385
5272.986,0.32372
5271.057,0.32359
5269.128,0.32342
5267.200,0.32325
5265.271,0.32311
5263.342,0.32299
5261.414,0.32287
5259.485,0.32273
5257.556,0.32259
5255.628,0.32249
5253.699,0.32238
5251.770,0.32223
5249.842,0.32205
5247.913,0.32187
5245.984,0.32177
5244.056,0.32171
5242.127,0.32162
5240.198,0.32145
5238.269,0.32129
5236.341,0.32116
5234.412,0.32103
5232.483,0.32090
5230.555,0.32083
5228.626,0.32077
5226.697,0.32062
5224.769,0.32042
5222.840,0.32025
5220.911,0.32013
5218.983,0.32003
5217.054,0.31990
5215.125,0.31969
5213.197,0.31948
5211.268,0.31933
5209.339,0.31925
5207.411,0.31917
5205.482,0.31905
5203.553,0.31890
5201.625,0.31872
5199.696,0.31855
5197.767,0.31842
5195.839,0.31834
5193.910,0.31830
5191.981,0.31826
5190.053,0.31814
5188.124,0.31793
5186.195,0.31774
5184.267,0.31758
5182.338,0.31744
5180.409,0.31733
5178.481,0.31727
5176.552,0.31719
5174.623,0.31701
5172.695,0.31684
5170.766,0.31672
5168.837,0.31664
5166.909,0.31655
5164.980,0.31644
5163.051,0.31627
5161.123,0.31610
5159.194,0.31591
5157.265,0.31573
5155.337,0.31564
5153.408,0.31562
5151.479,0.31557
5149.551,0.31544
5147.622,0.31524
5145.693,0.31502
5143.765,0.31488
5141.836,0.31485
5139.907,0.31483
5137.979,0.31472
5136.050,0.31451
5134.121,0.31428
5132.193,0.31411
5130.264,0.31399
5128.335,0.31386
5126.407,0.31374
5124.478,0.31363
5122.549,0.31351
5120.621,0.31337
5118.692,0.31323
5116.763,0.31309
5114.835,0.31295
5112.906,0.31279
5110.977,0.31262
5109.049,0.31245
5107.120,0.31233
5105.191,0.31223
5103.263,0.31213
5101.334,0.31204
5099.405,0.31194
5097.477,0.31177
5095.548,0.31153
5093.619,0.31130
5091.691,0.31116
5089.762,0.31111
5087.833,0.31104
5085.905,0.31090
5083.976,0.31072
5082.047,0.31056
5080.119,0.31042
5078.190,0.31030
5076.261,0.31019
5074.332,0.31008
5072.404,0.30994
5070.475,0.30977
5068.546,0.30964
5066.618,0.30952
5064.689,0.30940
5062.760,0.30930
5060.832,0.30922
5058.903,0.30914
5056.974,0.30901
5055.046,0.30884
5053.117,0.30868
5051.188,0.30853
5049.260,0.30842
5047.331,0.30832
5045.402,0.30816
5043.474,0.30793
5041.545,0.30776
5039.616,0.30766
5037.688,0.30756
5035.759,0.30743
5033.830,0.30728
5031.902,0.30712
5029.973,0.30698
5028.044,0.30685
5026.116,0.30673
5024.187,0.30662
5022.258,0.30650
5020.330,0.30632
5018.401,0.30612
5016.472,0.30592
5014.544,0.30578
5012.615,0.30567
5010.686,0.30556
5008.758,0.30541
5006.829,0.30524
5004.900,0.30507
5002.972,0.30493
5001.043,0.30481
4999.114,0.30468
4997.186,0.30457
4995.257,0.30449
4993.328,0.30438
4991.400,0.30420
4989.471,0.30404
4987.542,0.30394
4985.614,0.30387
4983.685,0.30378
4981.756,0.30365
4979.828,0.30346
4977.899,0.30327
4975.970,0.30311
4974.042,0.30299
4972.113,0.30288
4970.184,0.30274
4968.256,0.30257
4966.327,0.30239
4964.398,0.30227
4962.470,0.30223
4960.541,0.30220
4958.612,0.30211
4956.684,0.30193
4954.755,0.30171
4952.826,0.30155
4950.898,0.30144
4948.969,0.30131
4947.040,0.30118
4945.112,0.30108
4943.183,0.30095
4941.254,0.30077
4939.326,0.30056
4937.397,0.30039
4935.468,0.30027
4933.540,0.30018
4931.611,0.30012
4929.682,0.30001
4927.754,0.29982
4925.825,0.29966
4923.896,0.29957
4921.968,0.29948
4920.039,0.29938
4918.110,0.29925
4916.181,0.29910
4914.253,0.29893
4912.324,0.29878
4910.395,0.29869
4908.467,0.29862
4906.538,0.29851
4904.609,0.29833
4902.681,0.29814
4900.752,0.29797
4898.823,0.29781
4896.895,0.29767
4894.966,0.29761
4893.037,0.29755
4891.109,0.29742
4889.180,0.29724
4887.251,0.29707
4885.323,0.29693
4883.394,0.29683
4881.465,0.29675
4879.537,0.29662
4877.608,0.29637
4875.679,0.29613
4873.751,0.29602
4871.822,0.29597
4869.893,0.29589
4867.965,0.29578
4866.036,0.29563
4864.107,0.29546
4862.179,0.29525
4860.250,0.29505
4858.321,0.29488
4856.393,0.29475
4854.464,0.29462
4852.535,0.29444
4850.607,0.29424
4848.678,0.29407
4846.749,0.29396
4844.821,0.29391
4842.892,0.29386
4840.963,0.29376
4839.035,0.29362
4837.106,0.29351
4835.177,0.29342
4833.249,0.29327
4831.320,0.29309
4829.391,0.29296
4827.463,0.29288
4825.534,0.29278
4823.605,0.29267
4821.677,0.29255
4819.748,0.29237
4817.819,0.29218
4815.891,0.29207
4813.962,0.29197
4812.033,0.29182
4810.105,0.29166
4808.176,0.29154
4806.247,0.29143
4804.319,0.29135
4802.390,0.29127
4800.461,0.29115
4798.533,0.29100
4796.604,0.29083
4794.675,0.29067
4792.747,0.29055
4790.818,0.29043
4788.889,0.29029
4786.961,0.29014
4785.032,0.28997
4783.103,0.28982
4781.175,0.28973
4779.246,0.28968
4777.317,0.28957
4775.389,0.28939
4773.460,0.28922
4771.531,0.28910
4769.603,0.28901
4767.674,0.28890
4765.745,0.28880
4763.817,0.28868
4761.888,0.28854
4759.959,0.28839
4758.031,0.28821
4756.102,0.28800
4754.173,0.28782
4752.244,0.28770
4750.316,0.28762
4748.387,0.28755
4746.458,0.28747
4744.530,0.28735
4742.601,0.28720
4740.672,0.28705
4738.744,0.28691
4736.815,0.28676
4734.886,0.28660
4732.958,0.28642
4731.029,0.28627
4729.100,0.28616
4727.172,0.28608
4725.243,0.28601
4723.314,0.28592
4721.386,0.28579
4719.457,0.28566
4717.528,0.28554
4715.600,0.28540
4713.671,0.28527
4711.742,0.28517
4709.814,0.28507
4707.885,0.28493
4705.956,0.28480
4704.028,0.28473
4702.099,0.28469
4700.170,0.28458
4698.242,0.28443
4696.313,0.28429
4694.384,0.28414
4692.456,0.28397
4690.527,0.28381
4688.598,0.28368
4686.670,0.28356
4684.741,0.28342
4682.812,0.28329
4680.884,0.28318
4678.955,0.28307
4677.026,0.28292
4675.098,0.28276
4673.169,0.28258
4671.240,0.28244
4669.312,0.28235
4667.383,0.28224
4665.454,0.28211
4663.526,0.28202
4661.597,0.28191
4659.668,0.28177
4657.740,0.28162
4655.811,0.28151
4653.882,0.28141
4651.954,0.28136
4650.025,0.28131
4648.096,0.28119
4646.168,0.28100
4644.239,0.28083
4642.310,0.28069
4640.382,0.28056
4638.453,0.28046
4636.524,0.28035
4634.596,0.28018
4632.667,0.27998
4630.738,0.27983
4628.810,0.27974
4626.881,0.27966
4624.952,0.27955
4623.024,0.27941
4621.095,0.27928
4619.166,0.27914
4617.238,0.27898
4615.309,0.27882
4613.380,0.27870
4611.452,0.27859
4609.523,0.27845
4607.594,0.27831
4605.666,0.27820
4603.737,0.27812
4601.808,0.27799
4599.880,0.27784
4597.951,0.27773
4596.022,0.27765
4594.093,0.27756
4592.165,0.27747
4590.236,0.27737
4588.307,0.27731
4586.379,0.27727
4584.450,0.27722
4582.521,0.27714
4580.593,0.27705
4578.664,0.27698
4576.735,0.27692
4574.807,0.27688
4572.878,0.27682
4570.949,0.27671
4569.021,0.27655
4567.092,0.27637
4565.163,0.27619
4563.235,0.27603
4561.306,0.27589
4559.377,0.27573
4557.449,0.27553
4555.520,0.27535
4553.591,0.27522
4551.663,0.27510
4549.734,0.27496
4547.805,0.27482
4545.877,0.27466
4543.948,0.27445
4542.019,0.27423
4540.091,0.27406
4538.162,0.27395
4536.233,0.27382
4534.305,0.27368
4532.376,0.27355
4530.447,0.27340
4528.519,0.27327
4526.590,0.27319
4524.661,0.27311
4522.733,0.27303
4520.804,0.27292
4518.875,0.27278
4516.947,0.27267
4515.018,0.27261
4513.089,0.27254
4511.161,0.27244
4509.232,0.27237
4507.303,0.27231
4505.375,0.27218
4503.446,0.27205
4501.517,0.27195
4499.589,0.27183
4497.660,0.27166
4495.731,0.27152
4493.803,0.27140
4491.874,0.27128
4489.945,0.27115
4488.017,0.27100
4486.088,0.27085
4484.159,0.27070
4482.231,0.27059
4480.302,0.27052
4478.373,0.27045
4476.445,0.27035
4474.516,0.27026
4472.587,0.27021
4470.659,0.27015
4468.730,0.27007
4466.801,0.27000
4464.873,0.26998
4462.944,0.27002
4461.015,0.27008
4459.087,0.27014
4457.158,0.27020
4455.229,0.27020
4453.301,0.27012
4451.372,0.26998
4449.443,0.26982
4447.515,0.26964
4445.586,0.26942
4443.657,0.26919
4441.729,0.26895
4439.800,0.26869
4437.871,0.26847
4435.943,0.26831
4434.014,0.26817
4432.085,0.26802
4430.156,0.26787
4428.228,0.26774
4426.299,0.26763
4424.370,0.26753
4422.442,0.26744
4420.513,0.26732
4418.584,0.26715
4416.656,0.26697
4414.727,0.26679
4412.798,0.26665
4410.870,0.26655
4408.941,0.26646
4407.012,0.26634
4405.084,0.26620
4403.155,0.26606
4401.226,0.26594
4399.298,0.26586
4397.369,0.26580
4395.440,0.26570
4393.512,0.26557
4391.583,0.26548
4389.654,0.26542
4387.726,0.26540
4385.797,0.26543
4383.868,0.26551
4381.940,0.26556
4380.011,0.26553
4378.082,0.26543
4376.154,0.26528
4374.225,0.26510
4372.296,0.26491
4370.368,0.26472
4368.439,0.26449
4366.510,0.26427
4364.582,0.26409
4362.653,0.26388
4360.724,0.26366
4358.796,0.26350
4356.867,0.26334
4354.938,0.26317
4353.010,0.26302
4351.081,0.26288
4349.152,0.26275
4347.224,0.26267
4345.295,0.26264
4343.366,0.26257
4341.438,0.26249
4339.509,0.26247
4337.580,0.26245
4335.652,0.26239
4333.723,0.26238
4331.794,0.26241
4329.866,0.26247
4327.937,0.26254
4326.008,0.26264
4324.080,0.26270
4322.151,0.26259
4320.222,0.26225
4318.294,0.26174
4316.365,0.26121
4314.436,0.26081
4312.508,0.26053
4310.579,0.26032
4308.650,0.26018
4306.722,0.26012
4304.793,0.26006
4302.864,0.25995
4300.936,0.25987
4299.007,0.25979
4297.078,0.25968
4295.150,0.25959
4293.221,0.25952
4291.292,0.25936
4289.364,0.25912
4287.435,0.25889
4285.506,0.25872
4283.578,0.25858
4281.649,0.25852
4279.720,0.25852
4277.792,0.25855
4275.863,0.25862
4273.934,0.25871
4272.005,0.25874
4270.077,0.25872
4268.148,0.25866
4266.219,0.25858
4264.291,0.25846
4262.362,0.25831
4260.433,0.25815
4258.505,0.25802
4256.576,0.25795
4254.647,0.25789
4252.719,0.25775
4250.790,0.25750
4248.861,0.25716
4246.933,0.25678
4245.004,0.25641
4243.075,0.25614
4241.147,0.25598
4239.218,0.25585
4237.289,0.25572
4235.361,0.25562
4233.432,0.25553
4231.503,0.25544
4229.575,0.25539
4227.646,0.25535
4225.717,0.25522
4223.789,0.25502
4221.860,0.25482
4219.931,0.25465
4218.003,0.25449
4216.074,0.25433
4214.145,0.25415
4212.217,0.25393
4210.288,0.25373
4208.359,0.25354
4206.431,0.25337
4204.502,0.25327
4202.573,0.25322
4200.645,0.25315
4198.716,0.25305
4196.787,0.25297
4194.859,0.25294
4192.930,0.25297
4191.001,0.25307
4189.073,0.25317
4187.144,0.25321
4185.215,0.25319
4183.287,0.25315
4181.358,0.25310
4179.429,0.25301
4177.501,0.25291
4175.572,0.25278
4173.643,0.25261
4171.715,0.25240
4169.786,0.25217
4167.857,0.25192
4165.929,0.25170
4164.000,0.25152
4162.071,0.25129
4160.143,0.25099
4158.214,0.25068
4156.285,0.25042
4154.357,0.25024
4152.428,0.25013
4150.499,0.25004
4148.571,0.24991
4146.642,0.24974
4144.713,0.24959
4142.785,0.24944
4140.856,0.24932
4138.927,0.24924
4136.999,0.24916
4135.070,0.24902
4133.141,0.24881
4131.213,0.24859
4129.284,0.24839
4127.355,0.24823
4125.427,0.24811
4123.498,0.24796
4121.569,0.24774
4119.641,0.24753
4117.712,0.24735
4115.783,0.24719
4113.855,0.24707
4111.926,0.24702
4109.997,0.24695
4108.068,0.24683
4106.140,0.24670
4104.211,0.24658
4102.282,0.24646
4100.354,0.24638
4098.425,0.24632
4096.496,0.24620
4094.568,0.24601
4092.639,0.24580
4090.710,0.24558
4088.782,0.24537
4086.853,0.24519
4084.924,0.24500
4082.996,0.24478
4081.067,0.24456
4079.138,0.24437
4077.210,0.24422
4075.281,0.24409
4073.352,0.24398
4071.424,0.24387
4069.495,0.24376
4067.566,0.24362
4065.638,0.24348
4063.709,0.24339
4061.780,0.24337
4059.852,0.24341
4057.923,0.24342
4055.994,0.24338
4054.066,0.24329
4052.137,0.24318
4050.208,0.24315
4048.280,0.24316
4046.351,0.24317
4044.422,0.24312
4042.494,0.24304
4040.565,0.24294
4038.636,0.24285
4036.708,0.24279
4034.779,0.24271
4032.850,0.24257
4030.922,0.24235
4028.993,0.24211
4027.064,0.24187
4025.136,0.24166
4023.207,0.24149
4021.278,0.24132
4019.350,0.24109
4017.421,0.24082
4015.492,0.24057
4013.564,0.24039
4011.635,0.24027
4009.706,0.24020
4007.778,0.24017
4005.849,0.24018
4003.920,0.24024
4001.992,0.24032
4000.063,0.24046
3998.134,0.24060
3996.206,0.24063
3994.277,0.24053
3992.348,0.24033
3990.420,0.24011
3988.491,0.23989
3986.562,0.23966
3984.634,0.23947
3982.705,0.23934
3980.776,0.23920
3978.848,0.23906
3976.919,0.23893
3974.990,0.23883
3973.062,0.23875
3971.133,0.23865
3969.204,0.23849
3967.276,0.23826
3965.347,0.23795
3963.418,0.23761
3961.490,0.23729
3959.561,0.23701
3957.632,0.23678
3955.704,0.23657
3953.775,0.23636
3951.846,0.23612
3949.917,0.23585
3947.989,0.23559
3946.060,0.23540
3944.131,0.23527
3942.203,0.23517
3940.274,0.23503
3938.345,0.23483
3936.417,0.23463
3934.488,0.23450
3932.559,0.23447
3930.631,0.23444
3928.702,0.23437
3926.773,0.23425
3924.845,0.23410
3922.916,0.23394
3920.987,0.23381
3919.059,0.23369
3917.130,0.23355
3915.201,0.23337
3913.273,0.23319
3911.344,0.23301
3909.415,0.23285
3907.487,0.23274
3905.558,0.23264
3903.629,0.23251
3901.701,0.23236
3899.772,0.23221
3897.843,0.23209
3895.915,0.23207
3893.986,0.23210
3892.057,0.23211
3890.129,0.23205
3888.200,0.23192
3886.271,0.23170
3884.343,0.23143
3882.414,0.23124
3880.485,0.23112
3878.557,0.23102
3876.628,0.23089
3874.699,0.23074
3872.771,0.23054
3870.842,0.23034
3868.913,0.23018
3866.985,0.23008
3865.056,0.22999
3863.127,0.22987
3861.199,0.22970
3859.270,0.22950
3857.341,0.22938
3855.413,0.22933
3853.484,0.22928
3851.555,0.22916
3849.627,0.22899
3847.698,0.22877
3845.769,0.22856
3843.841,0.22841
3841.912,0.22834
3839.983,0.22825
3838.055,0.22812
3836.126,0.22797
3834.197,0.22779
3832.269,0.22758
3830.340,0.22742
3828.411,0.22731
3826.483,0.22721
3824.554,0.22711
3822.625,0.22699
3820.697,0.22686
3818.768,0.22677
3816.839,0.22672
3814.911,0.22664
3812.982,0.22651
3811.053,0.22633
3809.125,0.22612
3807.196,0.22590
3805.267,0.22575
3803.339,0.22568
3801.410,0.22559
3799.481,0.22543
3797.553,0.22527
3795.624,0.22509
3793.695,0.22490
3791.767,0.22477
3789.838,0.22472
3787.909,0.22462
3785.980,0.22443
3784.052,0.22424
3782.123,0.22408
3780.194,0.22394
3778.266,0.22385
3776.337,0.22376
3774.408,0.22363
3772.480,0.22349
3770.551,0.22335
3768.622,0.22317
3766.694,0.22302
3764.765,0.22295
3762.836,0.22287
3760.908,0.22274
3758.979,0.22255
3757.050,0.22233
3755.122,0.22211
3753.193,0.22199
3751.264,0.22193
3749.336,0.22183
3747.407,0.22169
3745.478,0.22155
3743.550,0.22135
3741.621,0.22113
3739.692,0.22102
3737.764,0.22098
3735.835,0.22088
3733.906,0.22073
3731.978,0.22057
3730.049,0.22038
3728.120,0.22022
3726.192,0.22014
3724.263,0.22009
3722.334,0.21998
3720.406,0.21983
3718.477,0.21967
3716.548,0.21951
3714.620,0.21942
3712.691,0.21942
3710.762,0.21940
3708.834,0.21929
3706.905,0.21915
3704.976,0.21900
3703.048,0.21884
3701.119,0.21875
3699.190,0.21872
3697.262,0.21864
3695.333,0.21848
3693.404,0.21833
3691.476,0.21818
3689.547,0.21805
3687.618,0.21799
3685.690,0.21798
3683.761,0.21797
3681.832,0.21796
3679.904,0.21793
3677.975,0.21788
3676.046,0.21786
3674.118,0.21792
3672.189,0.21799
3670.260,0.21801
3668.332,0.21800
3666.403,0.21797
3664.474,0.21791
3662.546,0.21793
3660.617,0.21803
3658.688,0.21811
3656.760,0.21811
3654.831,0.21808
3652.902,0.21804
3650.974,0.21805
3649.045,0.21816
3647.116,0.21831
3645.188,0.21840
3643.259,0.21844
3641.330,0.21845
3639.402,0.21841
3637.473,0.21839
3635.544,0.21848
3633.616,0.21860
3631.687,0.21868
3629.758,0.21872
3627.830,0.21871
3625.901,0.21865
3623.972,0.21864
3622.043,0.21879
3620.115,0.21896
3618.186,0.21905
3616.257,0.21911
3614.329,0.21918
3612.400,0.21927
3610.471,0.21943
3608.543,0.21965
3606.614,0.21979
3604.685,0.21984
3602.757,0.21984
3600.828,0.21981
3598.899,0.21979
3596.971,0.21986
3595.042,0.21995
3593.113,0.21998
3591.185,0.21998
3589.256,0.21998
3587.327,0.21996
3585.399,0.21996
3583.470,0.22007
3581.541,0.22022
3579.613,0.22029
3577.684,0.22032
3575.755,0.22033
3573.827,0.22033
3571.898,0.22040
3569.969,0.22058
3568.041,0.22074
3566.112,0.22081
3564.183,0.22083
3562.255,0.22081
3560.326,0.22079
3558.397,0.22088
3556.469,0.22106
3554.540,0.22117
3552.611,0.22118
3550.683,0.22118
3548.754,0.22118
3546.825,0.22124
3544.897,0.22138
3542.968,0.22152
3541.039,0.22155
3539.111,0.22153
3537.182,0.22151
3535.253,0.22148
3533.325,0.22151
3531.396,0.22165
3529.467,0.22176
3527.539,0.22177
3525.610,0.22176
3523.681,0.22175
3521.753,0.22171
3519.824,0.22175
3517.895,0.22191
3515.967,0.22203
3514.038,0.22203
3512.109,0.22199
3510.181,0.22193
3508.252,0.22190
3506.323,0.22197
3504.395,0.22207
3502.466,0.22207
3500.537,0.22202
3498.609,0.22199
3496.680,0.22195
3494.751,0.22194
3492.823,0.22202
3490.894,0.22210
3488.965,0.22209
3487.037,0.22204
3485.108,0.22197
3483.179,0.22188
3481.251,0.22186
3479.322,0.22197
3477.393,0.22207
3475.465,0.22206
3473.536,0.22198
3471.607,0.22188
3469.679,0.22182
3467.750,0.22188
3465.821,0.22200
3463.892,0.22205
3461.964,0.22201
3460.035,0.22194
3458.106,0.22183
3456.178,0.22174
3454.249,0.22178
3452.320,0.22180
3450.392,0.22169
3448.463,0.22152
3446.534,0.22134
3444.606,0.22113
3442.677,0.22098
3440.748,0.22095
3438.820,0.22088
3436.891,0.22070
3434.962,0.22051
3433.034,0.22034
3431.105,0.22017
3429.176,0.22006
3427.248,0.22000
3425.319,0.21988
3423.390,0.21965
3421.462,0.21942
3419.533,0.21919
3417.604,0.21897
3415.676,0.21883
3413.747,0.21869
3411.818,0.21844
3409.890,0.21812
3407.961,0.21783
3406.032,0.21754
3404.104,0.21729
3402.175,0.21712
3400.246,0.21690
3398.318,0.21655
3396.389,0.21616
3394.460,0.21582
3392.532,0.21549
3390.603,0.21523
3388.674,0.21506
3386.746,0.21481
3384.817,0.21442
3382.888,0.21404
3380.960,0.21371
3379.031,0.21339
3377.102,0.21314
3375.174,0.21288
3373.245,0.21253
3371.316,0.21212
3369.388,0.21175
3367.459,0.21138
3365.530,0.21104
3363.602,0.21079
3361.673,0.21053
3359.744,0.21012
3357.816,0.20967
3355.887,0.20928
3353.958,0.20891
3352.030,0.20856
3350.101,0.20832
3348.172,0.20805
3346.244,0.20767
3344.315,0.20724
3342.386,0.20685
3340.458,0.20649
3338.529,0.20623
3336.600,0.20602
3334.672,0.20572
3332.743,0.20532
3330.814,0.20495
3328.886,0.20462
3326.957,0.20429
3325.028,0.20405
3323.100,0.20384
3321.171,0.20353
3319.242,0.20318
3317.314,0.20287
3315.385,0.20257
3313.456,0.20230
3311.528,0.20210
3309.599,0.20187
3307.670,0.20153
3305.742,0.20122
3303.813,0.20099
3301.884,0.20075
3299.955,0.20054
3298.027,0.20035
3296.098,0.20011
3294.169,0.19982
3292.241,0.19956
3290.312,0.19933
3288.383,0.19909
3286.455,0.19889
3284.526,0.19870
3282.597,0.19844
3280.669,0.19812
3278.740,0.19783
3276.811,0.19756
3274.883,0.19730
3272.954,0.19709
3271.025,0.19687
3269.097,0.19652
3267.168,0.19615
3265.239,0.19585
3263.311,0.19554
3261.382,0.19522
3259.453,0.19495
3257.525,0.19468
3255.596,0.19434
3253.667,0.19398
3251.739,0.19363
3249.810,0.19325
3247.881,0.19289
3245.953,0.19254
3244.024,0.19207
3242.095,0.19153
3240.167,0.19104
3238.238,0.19062
3236.309,0.19023
3234.381,0.18999
3232.452,0.18988
3230.523,0.18977
3228.595,0.18973
3226.666,0.18976
3224.737,0.18976
3222.809,0.18969
3220.880,0.18960
3218.951,0.18944
3217.023,0.18913
3215.094,0.18875
3213.165,0.18836
3211.237,0.18794
3209.308,0.18756
3207.379,0.18730
3205.451,0.18706
3203.522,0.18683
3201.593,0.18667
3199.665,0.18653
3197.736,0.18633
3195.807,0.18614
3193.879,0.18591
3191.950,0.18555
3190.021,0.18512
3188.093,0.18476
3186.164,0.18444
3184.235,0.18412
3182.307,0.18384
3180.378,0.18354
3178.449,0.18315
3176.521,0.18279
3174.592,0.18253
3172.663,0.18229
3170.735,0.18206
3168.806,0.18188
3166.877,0.18168
3164.949,0.18142
3163.020,0.18119
3161.091,0.18102
3159.163,0.18086
3157.234,0.18073
3155.305,0.18066
3153.377,0.18057
3151.448,0.18042
3149.519,0.18027
3147.591,0.18008
3145.662,0.17978
3143.733,0.17940
3141.804,0.17894
3139.876,0.17835
3137.947,0.17774
3136.018,0.17721
3134.090,0.17672
3132.161,0.17623
3130.232,0.17581
3128.304,0.17541
3126.375,0.17499
3124.446,0.17460
3122.518,0.17436
3120.589,0.17428
3118.660,0.17451
3116.732,0.17535
3114.803,0.17725
3112.874,0.18113
3110.946,0.18881
3109.017,0.20283
3107.088,0.22485
3105.160,0.25289
3103.231,0.28098
3101.302,0.30458
3099.374,0.32326
3097.445,0.33376
3095.516,0.32996
3093.588,0.31497
3091.659,0.30058
3089.730,0.29429
3087.802,0.29502
3085.873,0.29682
3083.944,0.29407
3082.016,0.28556
3080.087,0.27415
3078.158,0.26332
3076.230,0.25508
3074.301,0.25009
3072.372,0.24816
3070.444,0.24856
3068.515,0.25053
3066.586,0.25382
3064.658,0.25864
3062.729,0.26514
3060.800,0.27281
3058.872,0.27992
3056.943,0.28367
3055.014,0.28192
3053.086,0.27484
3051.157,0.26432
3049.228,0.25263
3047.300,0.24155
3045.371,0.23205
3043.442,0.22434
3041.514,0.21831
3039.585,0.21375
3037.656,0.21032
3035.728,0.20774
3033.799,0.20590
3031.870,0.20473
3029.942,0.20423
3028.013,0.20452
3026.084,0.20566
3024.156,0.20753
3022.227,0.20988
3020.298,0.21242
3018.370,0.21466
3016.441,0.21616
3014.512,0.21672
3012.584,0.21631
3010.655,0.21493
3008.726,0.21274
3006.798,0.21007
3004.869,0.20728
3002.940,0.20477
3001.012,0.20271
2999.083,0.20107
2997.154,0.19973
2995.226,0.19865
2993.297,0.19775
2991.368,0.19699
2989.440,0.19645
2987.511,0.19618
2985.582,0.19613
2983.654,0.19626
2981.725,0.19661
2979.796,0.19721
2977.867,0.19809
2975.939,0.19937
2974.010,0.20108
2972.081,0.20320
2970.153,0.20578
2968.224,0.20886
2966.295,0.21248
2964.367,0.21682
2962.438,0.22201
2960.509,0.22773
2958.581,0.23292
2956.652,0.23588
2954.723,0.23511
2952.795,0.23071
2950.866,0.22470
2948.937,0.21944
2947.009,0.21614
2945.080,0.21492
2943.151,0.21547
2941.223,0.21744
2939.294,0.22063
2937.365,0.22498
2935.437,0.23049
2933.508,0.23708
2931.579,0.24480
2929.651,0.25389
2927.722,0.26469
2925.793,0.27763
2923.865,0.29289
2921.936,0.30959
2920.007,0.32493
2918.079,0.33330
2916.150,0.32822
2914.221,0.30998
2912.293,0.28764
2910.364,0.26958
2908.435,0.25767
2906.507,0.25034
2904.578,0.24595
2902.649,0.24332
2900.721,0.24171
2898.792,0.24074
2896.863,0.24006
2894.935,0.23937
2893.006,0.23861
2891.077,0.23776
2889.149,0.23678
2887.220,0.23571
2885.291,0.23468
2883.363,0.23369
2881.434,0.23277
2879.505,0.23193
2877.577,0.23098
2875.648,0.22952
2873.719,0.22725
2871.791,0.22419
2869.862,0.22075
2867.933,0.21781
2866.005,0.21624
2864.076,0.21640
2862.147,0.21833
2860.219,0.22205
2858.290,0.22785
2856.361,0.23693
2854.433,0.25142
2852.504,0.27159
2850.575,0.28957
2848.647,0.29106
2846.718,0.27292
2844.789,0.24833
2842.861,0.22876
2840.932,0.21601
2839.003,0.20778
2837.075,0.20214
2835.146,0.19819
2833.217,0.19553
2831.289,0.19378
2829.360,0.19259
2827.431,0.19172
2825.503,0.19076
2823.574,0.18945
2821.645,0.18789
2819.716,0.18625
2817.788,0.18455
2815.859,0.18286
2813.930,0.18131
2812.002,0.17983
2810.073,0.17838
2808.144,0.17708
2806.216,0.17587
2804.287,0.17466
2802.358,0.17357
2800.430,0.17265
2798.501,0.17185
2796.572,0.17120
2794.644,0.17080
2792.715,0.17051
2790.786,0.17023
2788.858,0.17001
2786.929,0.16975
2785.000,0.16933
2783.072,0.16888
2781.143,0.16857
2779.214,0.16836
2777.286,0.16826
2775.357,0.16828
2773.428,0.16815
2771.500,0.16771
2769.571,0.16713
2767.642,0.16653
2765.714,0.16584
2763.785,0.16520
2761.856,0.16477
2759.928,0.16449
2757.999,0.16432
2756.070,0.16433
2754.142,0.16434
2752.213,0.16422
2750.284,0.16408
2748.356,0.16390
2746.427,0.16360
2744.498,0.16330
2742.570,0.16312
2740.641,0.16286
2738.712,0.16247
2736.784,0.16216
2734.855,0.16191
2732.926,0.16162
2730.998,0.16139
2729.069,0.16126
2727.140,0.16106
2725.212,0.16085
2723.283,0.16076
2721.354,0.16067
2719.426,0.16055
2717.497,0.16058
2715.568,0.16069
2713.640,0.16075
2711.711,0.16089
2709.782,0.16118
2707.854,0.16141
2705.925,0.16157
2703.996,0.16170
2702.068,0.16155
2700.139,0.16094
2698.210,0.16004
2696.282,0.15897
2694.353,0.15774
2692.424,0.15663
2690.496,0.15577
2688.567,0.15500
2686.638,0.15429
2684.710,0.15381
2682.781,0.15345
2680.852,0.15311
2678.924,0.15292
2676.995,0.15285
2675.066,0.15268
2673.138,0.15248
2671.209,0.15240
2669.280,0.15228
2667.352,0.15210
2665.423,0.15203
2663.494,0.15196
2661.566,0.15177
2659.637,0.15162
2657.708,0.15150
2655.779,0.15122
2653.851,0.15091
2651.922,0.15077
2649.993,0.15064
2648.065,0.15048
2646.136,0.15049
2644.207,0.15057
2642.279,0.15053
2640.350,0.15054
2638.421,0.15065
2636.493,0.15063
2634.564,0.15047
2632.635,0.15035
2630.707,0.15012
2628.778,0.14968
2626.849,0.14931
2624.921,0.14902
2622.992,0.14868
2621.063,0.14846
2619.135,0.14846
2617.206,0.14848
2615.277,0.14849
2613.349,0.14857
2611.420,0.14849
2609.491,0.14811
2607.563,0.14768
2605.634,0.14727
2603.705,0.14675
2601.777,0.14632
2599.848,0.14615
2597.919,0.14603
2595.991,0.14593
2594.062,0.14602
2592.133,0.14610
2590.205,0.14600
2588.276,0.14595
2586.347,0.14604
2584.419,0.14610
2582.490,0.14625
2580.561,0.14659
2578.633,0.14687
2576.704,0.14699
2574.775,0.14713
2572.847,0.14719
2570.918,0.14700
2568.989,0.14681
2567.061,0.14675
2565.132,0.14661
2563.203,0.14643
2561.275,0.14639
2559.346,0.14628
2557.417,0.14597
2555.489,0.14563
2553.560,0.14516
2551.631,0.14443
2549.703,0.14371
2547.774,0.14320
2545.845,0.14266
2543.917,0.14214
2541.988,0.14184
2540.059,0.14163
2538.131,0.14141
2536.202,0.14142
2534.273,0.14160
2532.345,0.14173
2530.416,0.14191
2528.487,0.14224
2526.559,0.14244
2524.630,0.14249
2522.701,0.14248
2520.773,0.14216
2518.844,0.14141
2516.915,0.14061
2514.987,0.13995
2513.058,0.13926
2511.129,0.13867
2509.201,0.13833
2507.272,0.13798
2505.343,0.13757
2503.415,0.13731
2501.486,0.13711
2499.557,0.13684
2497.628,0.13675
2495.700,0.13687
2493.771,0.13694
2491.842,0.13700
2489.914,0.13719
2487.985,0.13732
2486.056,0.13735
2484.128,0.13752
2482.199,0.13772
2480.270,0.13769
2478.342,0.13761
2476.413,0.13757
2474.484,0.13741
2472.556,0.13722
2470.627,0.13720
2468.698,0.13715
2466.770,0.13695
2464.841,0.13686
2462.912,0.13686
2460.984,0.13677
2459.055,0.13676
2457.126,0.13690
2455.198,0.13693
2453.269,0.13688
2451.340,0.13695
2449.412,0.13699
2447.483,0.13692
2445.554,0.13702
2443.626,0.13722
2441.697,0.13724
2439.768,0.13716
2437.840,0.13703
2435.911,0.13660
2433.982,0.13596
2432.054,0.13548
2430.125,0.13511
2428.196,0.13474
2426.268,0.13453
2424.339,0.13442
2422.410,0.13415
2420.482,0.13391
2418.553,0.13391
2416.624,0.13389
2414.696,0.13381
2412.767,0.13385
2410.838,0.13389
2408.910,0.13376
2406.981,0.13376
2405.052,0.13404
2403.124,0.13438
2401.195,0.13454
2399.266,0.13428
2397.338,0.13338
2395.409,0.13221
2393.480,0.13139
2391.552,0.13089
2389.623,0.13045
2387.694,0.13017
2385.766,0.13003
2383.837,0.12980
2381.908,0.12963
2379.980,0.12972
2378.051,0.12981
2376.122,0.12975
2374.194,0.12978
2372.265,0.12985
2370.336,0.12978
2368.408,0.12967
2366.479,0.12954
2364.550,0.12915
2362.622,0.12869
2360.693,0.12845
2358.764,0.12827
2356.836,0.12803
2354.907,0.12792
2352.978,0.12779
2351.050,0.12738
2349.121,0.12690
2347.192,0.12656
2345.264,0.12625
2343.335,0.12605
2341.406,0.12612
2339.478,0.12617
2337.549,0.12599
2335.620,0.12577
2333.691,0.12553
2331.763,0.12513
2329.834,0.12475
2327.905,0.12456
2325.977,0.12430
2324.048,0.12397
2322.119,0.12379
2320.191,0.12362
2318.262,0.12334
2316.333,0.12320
2314.405,0.12320
2312.476,0.12310
2310.547,0.12306
2308.619,0.12324
2306.690,0.12344
2304.761,0.12369
2302.833,0.12416
2300.904,0.12460
2298.975,0.12480
2297.047,0.12500
2295.118,0.12527
2293.189,0.12533
2291.261,0.12528
2289.332,0.12515
2287.403,0.12467
2285.475,0.12387
2283.546,0.12314
2281.617,0.12250
2279.689,0.12183
2277.760,0.12137
2275.831,0.12114
2273.903,0.12081
2271.974,0.12046
2270.045,0.12029
2268.117,0.12010
2266.188,0.11987
2264.259,0.11985
2262.331,0.11987
2260.402,0.11967
2258.473,0.11946
2256.545,0.11927
2254.616,0.11887
2252.687,0.11842
2250.759,0.11817
2248.830,0.11791
2246.901,0.11755
2244.973,0.11733
2243.044,0.11709
2241.115,0.11665
2239.187,0.11629
2237.258,0.11608
2235.329,0.11574
2233.401,0.11533
2231.472,0.11506
2229.543,0.11475
2227.615,0.11434
2225.686,0.11412
2223.757,0.11397
2221.829,0.11364
2219.900,0.11334
2217.971,0.11321
2216.043,0.11296
2214.114,0.11269
2212.185,0.11263
2210.257,0.11255
2208.328,0.11230
2206.399,0.11215
2204.471,0.11206
2202.542,0.11181
2200.613,0.11164
2198.685,0.11161
2196.756,0.11139
2194.827,0.11104
2192.899,0.11085
2190.970,0.11063
2189.041,0.11025
2187.113,0.11005
2185.184,0.10996
2183.255,0.10971
2181.327,0.10957
2179.398,0.10971
2177.469,0.10979
2175.540,0.10976
2173.612,0.10975
2171.683,0.10947
2169.754,0.10886
2167.826,0.10842
2165.897,0.10818
2163.968,0.10783
2162.040,0.10753
2160.111,0.10748
2158.182,0.10733
2156.254,0.10708
2154.325,0.10707
2152.396,0.10710
2150.468,0.10692
2148.539,0.10681
2146.610,0.10676
2144.682,0.10643
2142.753,0.10604
2140.824,0.10587
2138.896,0.10561
2136.967,0.10525
2135.038,0.10517
2133.110,0.10516
2131.181,0.10495
2129.252,0.10487
2127.324,0.10501
2125.395,0.10498
2123.466,0.10495
2121.538,0.10517
2119.609,0.10526
2117.680,0.10511
2115.752,0.10512
2113.823,0.10516
2111.894,0.10497
2109.966,0.10484
2108.037,0.10480
2106.108,0.10441
2104.180,0.10387
2102.251,0.10357
2100.322,0.10324
2098.394,0.10278
2096.465,0.10257
2094.536,0.10246
2092.608,0.10208
2090.679,0.10179
2088.750,0.10177
2086.822,0.10158
2084.893,0.10134
2082.964,0.10138
2081.036,0.10130
2079.107,0.10088
2077.178,0.10060
2075.250,0.10042
2073.321,0.09998
2071.392,0.09965
2069.464,0.09960
2067.535,0.09936
2065.606,0.09895
2063.678,0.09878
2061.749,0.09858
2059.820,0.09811
2057.892,0.09787
2055.963,0.09779
2054.034,0.09743
2052.106,0.09713
2050.177,0.09716
2048.248,0.09700
2046.320,0.09662
2044.391,0.09653
2042.462,0.09643
2040.534,0.09599
2038.605,0.09572
2036.676,0.09567
2034.748,0.09536
2032.819,0.09511
2030.890,0.09523
2028.962,0.09519
2027.033,0.09491
2025.104,0.09493
2023.176,0.09497
2021.247,0.09464
2019.318,0.09444
2017.390,0.09445
2015.461,0.09412
2013.532,0.09369
2011.603,0.09361
2009.675,0.09348
2007.746,0.09322
2005.817,0.09340
2003.889,0.09370
2001.960,0.09351
2000.031,0.09319
1998.103,0.09294
1996.174,0.09235
1994.245,0.09171
1992.317,0.09149
1990.388,0.09119
1988.459,0.09057
1986.531,0.09028
1984.602,0.09017
1982.673,0.08972
1980.745,0.08940
1978.816,0.08946
1976.887,0.08923
1974.959,0.08882
1973.030,0.08880
1971.101,0.08869
1969.173,0.08822
1967.244,0.08801
1965.315,0.08796
1963.387,0.08747
1961.458,0.08701
1959.529,0.08693
1957.601,0.08663
1955.672,0.08618
1953.743,0.08617
1951.815,0.08616
1949.886,0.08571
1947.957,0.08552
1946.029,0.08561
1944.100,0.08532
1942.171,0.08500
1940.243,0.08507
1938.314,0.08486
1936.385,0.08435
1934.457,0.08423
1932.528,0.08417
1930.599,0.08368
1928.671,0.08340
1926.742,0.08341
1924.813,0.08300
1922.885,0.08252
1920.956,0.08252
1919.027,0.08240
1917.099,0.08199
1915.170,0.08199
1913.241,0.08206
1911.313,0.08162
1909.384,0.08133
1907.455,0.08141
1905.527,0.08112
1903.598,0.08070
1901.669,0.08073
1899.741,0.08058
1897.812,0.08004
1895.883,0.07989
1893.955,0.07992
1892.026,0.07949
1890.097,0.07921
1888.169,0.07937
1886.240,0.07917
1884.311,0.07878
1882.383,0.07888
1880.454,0.07889
1878.525,0.07844
1876.597,0.07832
1874.668,0.07837
1872.739,0.07788
1870.811,0.07746
1868.882,0.07755
1866.953,0.07736
1865.025,0.07698
1863.096,0.07713
1861.167,0.07728
1859.239,0.07700
1857.310,0.07717
1855.381,0.07784
1853.452,0.07840
1851.524,0.07957
1849.595,0.08230
1847.666,0.08623
1845.738,0.09075
1843.809,0.09424
1841.880,0.09389
1839.952,0.08981
1838.023,0.08557
1836.094,0.08301
1834.166,0.08130
1832.237,0.08031
1830.308,0.08035
1828.380,0.08056
1826.451,0.08064
1824.522,0.08137
1822.594,0.08251
1820.665,0.08333
1818.736,0.08427
1816.808,0.08551
1814.879,0.08643
1812.950,0.08733
1811.022,0.08844
1809.093,0.08793
1807.164,0.08479
1805.236,0.08096
1803.307,0.07779
1801.378,0.07512
1799.450,0.07342
1797.521,0.07267
1795.592,0.07177
1793.664,0.07076
1791.735,0.07035
1789.806,0.06988
1787.878,0.06902
1785.949,0.06864
1784.020,0.06851
1782.092,0.06782
1780.163,0.06728
1778.234,0.06732
1776.306,0.06703
1774.377,0.06652
1772.448,0.06662
1770.520,0.06665
1768.591,0.06615
1766.662,0.06605
1764.734,0.06630
1762.805,0.06601
1760.876,0.06577
1758.948,0.06610
1757.019,0.06610
1755.090,0.06581
1753.162,0.06614
1751.233,0.06655
1749.304,0.06645
1747.376,0.06673
1745.447,0.06742
1743.518,0.06760
1741.590,0.06780
1739.661,0.06861
1737.732,0.06913
1735.804,0.06928
1733.875,0.06996
1731.946,0.07057
1730.018,0.07042
1728.089,0.07044
1726.160,0.07083
1724.232,0.07079
1722.303,0.07078
1720.374,0.07147
1718.446,0.07198
1716.517,0.07215
1714.588,0.07293
1712.660,0.07387
1710.731,0.07421
1708.802,0.07468
1706.874,0.07537
1704.945,0.07540
1703.016,0.07535
1701.088,0.07603
1699.159,0.07661
1697.230,0.07681
1695.302,0.07754
1693.373,0.07847
1691.444,0.07895
1689.515,0.07985
1687.587,0.08144
1685.658,0.08277
1683.729,0.08406
1681.801,0.08600
1679.872,0.08786
1677.943,0.08939
1676.015,0.09140
1674.086,0.09355
1672.157,0.09525
1670.229,0.09746
1668.300,0.10052
1666.371,0.10354
1664.443,0.10678
1662.514,0.11080
1660.585,0.11451
1658.657,0.11714
1656.728,0.11949
1654.799,0.12187
1652.871,0.12417
1650.942,0.12725
1649.013,0.13122
1647.085,0.13498
1645.156,0.13851
1643.227,0.14229
1641.299,0.14569
1639.370,0.14900
1637.441,0.15394
1635.513,0.16110
1633.584,0.17004
1631.655,0.18101
1629.727,0.19369
1627.798,0.20735
1625.869,0.22430
1623.941,0.25021
1622.012,0.28919
1620.083,0.33492
1618.155,0.36310
1616.226,0.35023
1614.297,0.30965
1612.369,0.27584
1610.440,0.26702
1608.511,0.28120
1606.583,0.30754
1604.654,0.33208
1602.725,0.33891
1600.797,0.31883
1598.868,0.28116
1596.939,0.24439
1595.011,0.21900
1593.082,0.20606
1591.153,0.20297
1589.225,0.20645
1587.296,0.21409
1585.367,0.22421
1583.439,0.23516
1581.510,0.24681
1579.581,0.26035
1577.653,0.27591
1575.724,0.29292
1573.795,0.31178
1571.867,0.33291
1569.938,0.35610
1568.009,0.38153
1566.081,0.40957
1564.152,0.44024
1562.223,0.47476
1560.295,0.51633
1558.366,0.56843
1556.437,0.63366
1554.509,0.71281
1552.580,0.80154
1550.651,0.88958
1548.723,0.97046
1546.794,1.05054
1544.865,1.13656
1542.937,1.21847
1541.008,1.27549
1539.079,1.29552
1537.151,1.27927
1535.222,1.23209
1533.293,1.16208
1531.364,1.07952
1529.436,0.99204
1527.507,0.90435
1525.578,0.82182
1523.650,0.74923
1521.721,0.68837
1519.792,0.63882
1517.864,0.59863
1515.935,0.56535
1514.006,0.53758
1512.078,0.51442
1510.149,0.49427
1508.220,0.47516
1506.292,0.45563
1504.363,0.43523
1502.434,0.41468
1500.506,0.39513
1498.577,0.37683
1496.648,0.35959
1494.720,0.34387
1492.791,0.33000
1490.862,0.31762
1488.934,0.30670
1487.005,0.29719
1485.076,0.28816
1483.148,0.27941
1481.219,0.27193
1479.290,0.26636
1477.362,0.26397
1475.433,0.26611
1473.504,0.26891
1471.576,0.26812
1469.647,0.26892
1467.718,0.27666
1465.790,0.28651
1463.861,0.28882
1461.932,0.27772
1460.004,0.25675
1458.075,0.23553
1456.146,0.21995
1454.218,0.20978
1452.289,0.20274
1450.360,0.19768
1448.432,0.19432
1446.503,0.19260
1444.574,0.19428
1442.646,0.20259
1440.717,0.21842
1438.788,0.23604
1436.860,0.24365
1434.931,0.23389
1433.002,0.21287
1431.074,0.19200
1429.145,0.17673
1427.216,0.16658
1425.288,0.16039
1423.359,0.15789
1421.430,0.15841
1419.502,0.16218
1417.573,0.17155
1415.644,0.18885
1413.716,0.21528
1411.787,0.25064
1409.858,0.29060
1407.930,0.32531
1406.001,0.34352
1404.072,0.33940
1402.144,0.31676
1400.215,0.28595
1398.286,0.25629
1396.358,0.23203
1394.429,0.21402
1392.500,0.20277
1390.572,0.19805
1388.643,0.19868
1386.714,0.20602
1384.786,0.22460
1382.857,0.25239
1380.928,0.27235
1379.000,0.27233
1377.071,0.26618
1375.142,0.27241
1373.214,0.29565
1371.285,0.33371
1369.356,0.38535
1367.427,0.45203
1365.499,0.53658
1363.570,0.63954
1361.641,0.75738
1359.713,0.88432
1357.784,1.01425
1355.855,1.13240
1353.927,1.20218
1351.998,1.18698
1350.069,1.09978
1348.141,0.98492
1346.212,0.87311
1344.283,0.77655
1342.355,0.69792
1340.426,0.63595
1338.497,0.58707
1336.569,0.54662
1334.640,0.51095
1332.711,0.47858
1330.783,0.44910
1328.854,0.42256
1326.925,0.39958
1324.997,0.38003
1323.068,0.36288
1321.139,0.34781
1319.211,0.33503
1317.282,0.32378
1315.353,0.31322
1313.425,0.30369
1311.496,0.29560
1309.567,0.28991
1307.639,0.28810
1305.710,0.28798
1303.781,0.28456
1301.853,0.27748
1299.924,0.27052
1297.995,0.26515
1296.067,0.26111
1294.138,0.25859
1292.209,0.25649
1290.281,0.25299
1288.352,0.24832
1286.423,0.24331
1284.495,0.23754
1282.566,0.23147
1280.637,0.22648
1278.709,0.22239
1276.780,0.21872
1274.851,0.21608
1272.923,0.21409
1270.994,0.21156
1269.065,0.20909
1267.137,0.20751
1265.208,0.20601
1263.279,0.20417
1261.351,0.20231
1259.422,0.19962
1257.493,0.19584
1255.565,0.19234
1253.636,0.18936
1251.707,0.18611
1249.779,0.18327
1247.850,0.18139
1245.921,0.17949
1243.993,0.17760
1242.064,0.17670
1240.135,0.17611
1238.207,0.17516
1236.278,0.17469
1234.349,0.17438
1232.421,0.17289
1230.492,0.17084
1228.563,0.16906
1226.635,0.16678
1224.706,0.16418
1222.777,0.16239
1220.849,0.16082
1218.920,0.15909
1216.991,0.15916
1215.063,0.16271
1213.134,0.17028
1211.205,0.18126
1209.277,0.19120
1207.348,0.19478
1205.419,0.19270
1203.490,0.18823
1201.562,0.18189
1199.633,0.17456
1197.704,0.16872
1195.776,0.16469
1193.847,0.16099
1191.918,0.15775
1189.990,0.15543
1188.061,0.15280
1186.132,0.14982
1184.204,0.14789
1182.275,0.14673
1180.346,0.14631
1178.418,0.14965
1176.489,0.16008
1174.560,0.17861
1172.632,0.20175
1170.703,0.21726
1168.774,0.21312
1166.846,0.19541
1164.917,0.17898
1162.988,0.16831
1161.060,0.16066
1159.131,0.15513
1157.202,0.15133
1155.274,0.14788
1153.345,0.14504
1151.416,0.14355
1149.488,0.14214
1147.559,0.14028
1145.630,0.13906
1143.702,0.13792
1141.773,0.13588
1139.844,0.13418
1137.916,0.13324
1135.987,0.13175
1134.058,0.13018
1132.130,0.12956
1130.201,0.12874
1128.272,0.12726
1126.344,0.12645
1124.415,0.12583
1122.486,0.12432
1120.558,0.12311
1118.629,0.12260
1116.700,0.12135
1114.772,0.11982
1112.843,0.11912
1110.914,0.11812
1108.986,0.11645
1107.057,0.11559
1105.128,0.11516
1103.200,0.11421
1101.271,0.11417
1099.342,0.11602
1097.414,0.12004
1095.485,0.13021
1093.556,0.15201
1091.628,0.18437
1089.699,0.21835
1087.770,0.24331
1085.842,0.25061
1083.913,0.23810
1081.984,0.21511
1080.056,0.19299
1078.127,0.17566
1076.198,0.16342
1074.270,0.15579
1072.341,0.15017
1070.412,0.14480
1068.484,0.14050
1066.555,0.13704
1064.626,0.13333
1062.698,0.13037
1060.769,0.12862
1058.840,0.12657
1056.912,0.12435
1054.983,0.12313
1053.054,0.12191
1051.126,0.12007
1049.197,0.11895
1047.268,0.11834
1045.339,0.11699
1043.411,0.11591
1041.482,0.11579
1039.553,0.11523
1037.625,0.11450
1035.696,0.11489
1033.767,0.11566
1031.839,0.11718
1029.910,0.12255
1027.981,0.13054
1026.053,0.13405
1024.124,0.13038
1022.195,0.12394
1020.267,0.11814
1018.338,0.11399
1016.409,0.11189
1014.481,0.11030
1012.552,0.10827
1010.623,0.10708
1008.695,0.10649
1006.766,0.10518
1004.837,0.10408
1002.909,0.10381
1000.980,0.10288
999.051,0.10141
997.123,0.10078
995.194,0.10012
993.265,0.09868
991.337,0.09789
989.408,0.09766
987.479,0.09659
985.551,0.09558
983.622,0.09543
981.693,0.09470
979.765,0.09351
977.836,0.09320
975.907,0.09286
973.979,0.09172
972.050,0.09117
970.121,0.09112
968.193,0.09019
966.264,0.08933
964.335,0.08930
962.407,0.08866
960.478,0.08752
958.549,0.08724
956.621,0.08688
954.692,0.08573
952.763,0.08530
950.835,0.08555
948.906,0.08561
946.977,0.08777
945.049,0.09675
943.120,0.11744
941.191,0.14899
939.263,0.17433
937.334,0.17201
935.405,0.14773
933.477,0.12378
931.548,0.10944
929.619,0.10502
927.691,0.11368
925.762,0.13019
923.833,0.13498
921.905,0.12468
919.976,0.12219
918.047,0.14405
916.119,0.18569
914.190,0.23382
912.261,0.28405
910.333,0.33698
908.404,0.37758
906.475,0.37274
904.547,0.31569
902.618,0.24800
900.689,0.20112
898.761,0.17380
896.832,0.15638
894.903,0.14481
892.975,0.13705
891.046,0.13069
889.117,0.12552
887.189,0.12185
885.260,0.11831
883.331,0.11486
881.402,0.11264
879.474,0.11077
877.545,0.10835
875.616,0.10665
873.688,0.10572
871.759,0.10416
869.830,0.10262
867.902,0.10177
865.973,0.10050
864.044,0.09887
862.116,0.09817
860.187,0.09761
858.258,0.09641
856.330,0.09580
854.401,0.09565
852.472,0.09471
850.544,0.09371
848.615,0.09333
846.686,0.09230
844.758,0.09075
842.829,0.09000
840.900,0.08923
838.972,0.08786
837.043,0.08709
835.114,0.08679
833.186,0.08576
831.257,0.08490
829.328,0.08569
827.400,0.08781
825.471,0.08965
823.542,0.08909
821.614,0.08574
819.685,0.08210
817.756,0.08038
815.828,0.07969
813.899,0.07852
811.970,0.07767
810.042,0.07743
808.113,0.07668
806.184,0.07592
804.256,0.07612
802.327,0.07671
800.398,0.07958
798.470,0.09378
796.541,0.13528
794.612,0.20390
792.684,0.24628
790.755,0.21592
788.826,0.15988
786.898,0.12316
784.969,0.10464
783.040,0.09404
781.112,0.08719
779.183,0.08326
777.254,0.08127
775.326,0.08254
773.397,0.09136
771.468,0.10576
769.540,0.11563
767.611,0.11443
765.682,0.10594
763.754,0.10178
761.825,0.10874
759.896,0.11515
757.968,0.10674
756.039,0.09011
754.110,0.07838
752.182,0.07331
750.253,0.07208
748.324,0.07531
746.396,0.08466
744.467,0.10228
742.538,0.13466
740.610,0.19146
738.681,0.27331
736.752,0.35517
734.824,0.39108
732.895,0.36350
730.966,0.30659
729.038,0.25990
727.109,0.24220
725.180,0.26339
723.251,0.33277
721.323,0.43634
719.394,0.51086
717.465,0.50394
715.537,0.44036
713.608,0.36369
711.679,0.30692
709.751,0.28635
707.822,0.29770
705.893,0.32117
703.965,0.32803
702.036,0.30369
700.107,0.26285
698.179,0.22600
696.250,0.20014
694.321,0.18268
692.393,0.16996
690.464,0.16071
688.535,0.15395
686.607,0.14805
684.678,0.14300
682.749,0.13925
680.821,0.13570
678.892,0.13219
676.963,0.12967
675.035,0.12763
673.106,0.12547
671.177,0.12440
669.249,0.12472
667.320,0.12580
665.391,0.12815
663.463,0.13088
661.534,0.13102
659.605,0.12816
657.677,0.12451
655.748,0.12084
653.819,0.11771
651.891,0.11669
649.962,0.11818
648.033,0.12267
646.105,0.13330
644.176,0.15266
642.247,0.17823
640.319,0.20121
638.390,0.21023
636.461,0.20129
634.533,0.18268
632.604,0.16460
630.675,0.15028
628.747,0.13920
626.818,0.13143
624.889,0.12598
622.961,0.12115
621.032,0.11732
619.103,0.11485
617.175,0.11243
615.246,0.11002
613.317,0.10853
611.389,0.10698
609.460,0.10497
607.531,0.10381
605.603,0.10305
603.674,0.10163
601.745,0.10058
599.817,0.10013
597.888,0.09907
595.959,0.09805
594.031,0.09796
592.102,0.09758
590.173,0.09684
588.245,0.09712
586.316,0.09807
584.387,0.09960
582.459,0.10314
580.530,0.10724
578.601,0.10838
576.673,0.10666
574.744,0.10414
572.815,0.10171
570.887,0.10113
568.958,0.10354
567.029,0.10635
565.101,0.10689
563.172,0.10545
561.243,0.10244
559.314,0.09863
557.386,0.09613
555.457,0.09485
553.528,0.09314
551.600,0.09182
549.671,0.09145
547.742,0.09053
545.814,0.08938
543.885,0.08920
541.956,0.08864
540.028,0.08734
538.099,0.08700
536.170,0.08698
534.242,0.08589
532.313,0.08519
530.384,0.08525
528.456,0.08450
526.527,0.08385
524.598,0.08430
522.670,0.08418
520.741,0.08366
518.812,0.08438
516.884,0.08524
514.955,0.08585
513.026,0.08861
511.098,0.09365
509.169,0.09954
507.240,0.10633
505.312,0.11207
503.383,0.11353
501.454,0.11209
499.526,0.11004
497.597,0.10642
495.668,0.10211
493.740,0.09955
491.811,0.09747
489.882,0.09485
487.954,0.09373
486.025,0.09354
484.096,0.09232
482.168,0.09161
480.239,0.09191
478.310,0.09135
476.382,0.09133
474.453,0.09335
472.524,0.09529
470.596,0.09777
468.667,0.10387
466.738,0.11284
464.810,0.12289
462.881,0.13204
460.952,0.13485
459.024,0.12969
457.095,0.12256
455.166,0.11657
453.238,0.11057
451.309,0.10606
449.380,0.10348
447.452,0.09999
445.523,0.09658
443.594,0.09573
441.666,0.09488
439.737,0.09272
437.808,0.09187
435.880,0.09165
433.951,0.09032
432.022,0.09008
430.094,0.09091
428.165,0.09014
426.236,0.08984
424.308,0.09169
422.379,0.09244
420.450,0.09327
418.522,0.09734
416.593,0.10119
414.664,0.10337
412.736,0.10769
410.807,0.11505
408.878,0.12518
406.950,0.13849
405.021,0.15248
403.092,0.16837
401.163,0.19432
399.235,0.23080
