700.107,0.29945
699.143,0.28758
698.179,0.27556
697.214,0.26501
696.250,0.25740
695.286,0.25292
694.321,0.25060
693.357,0.24906
692.393,0.24744
691.428,0.24589
690.464,0.24532
689.500,0.24656
688.535,0.24961
687.571,0.25359
686.607,0.25730
685.642,0.25995
684.678,0.26153
683.714,0.26261
682.749,0.26381
681.785,0.26547
680.821,0.26754
679.856,0.26981
678.892,0.27211
677.928,0.27444
676.963,0.27683
675.999,0.27924
675.035,0.28155
674.070,0.28354
673.106,0.28499
672.142,0.28584
671.177,0.28614
670.213,0.28605
669.249,0.28571
668.284,0.28521
667.320,0.28453
666.356,0.28363
665.391,0.28250
664.427,0.28115
663.463,0.27966
662.498,0.27811
661.534,0.27660
660.570,0.27529
659.605,0.27426
658.641,0.27360
657.677,0.27326
656.712,0.27316
655.748,0.27320
654.784,0.27331
653.819,0.27345
652.855,0.27362
651.891,0.27384
650.926,0.27410
649.962,0.27438
648.998,0.27461
648.033,0.27476
647.069,0.27479
646.105,0.27472
645.140,0.27458
644.176,0.27445
643.212,0.27436
642.247,0.27433
641.283,0.27432
640.319,0.27430
639.354,0.27426
638.390,0.27419
637.426,0.27414
636.461,0.27415
635.497,0.27427
634.533,0.27454
633.568,0.27496
632.604,0.27554
631.640,0.27624
630.675,0.27706
629.711,0.27796
628.747,0.27897
627.782,0.28007
626.818,0.28126
625.854,0.28252
624.889,0.28383
623.925,0.28519
622.961,0.28659
621.996,0.28803
621.032,0.28947
620.068,0.29090
619.103,0.29230
618.139,0.29369
617.175,0.29510
616.210,0.29659
615.246,0.29817
614.282,0.29983
613.317,0.30150
612.353,0.30311
611.389,0.30459
610.424,0.30590
609.460,0.30702
608.496,0.30795
607.531,0.30872
606.567,0.30936
605.603,0.30987
604.638,0.31027
603.674,0.31053
602.710,0.31067
601.745,0.31076
600.781,0.31085
599.817,0.31100
598.852,0.31122
597.888,0.31150
596.924,0.31182
595.959,0.31216
594.995,0.31252
594.031,0.31289
593.066,0.31324
592.102,0.31358
591.138,0.31391
590.173,0.31424
589.209,0.31457
588.245,0.31487
587.280,0.31513
586.316,0.31531
585.352,0.31536
584.387,0.31523
583.423,0.31489
582.459,0.31435
581.494,0.31365
580.530,0.31283
579.566,0.31194
578.601,0.31100
577.637,0.31001
576.673,0.30899
575.708,0.30795
574.744,0.30691
573.780,0.30588
572.815,0.30488
571.851,0.30389
570.887,0.30293
569.922,0.30204
568.958,0.30122
567.994,0.30051
567.029,0.29989
566.065,0.29934
565.101,0.29882
564.136,0.29831
563.172,0.29781
562.207,0.29732
561.243,0.29686
560.279,0.29647
559.314,0.29613
558.350,0.29582
557.386,0.29551
556.421,0.29518
555.457,0.29483
554.493,0.29447
553.528,0.29411
552.564,0.29374
551.600,0.29337
550.635,0.29299
549.671,0.29261
548.707,0.29224
547.742,0.29190
546.778,0.29158
545.814,0.29127
544.849,0.29098
543.885,0.29069
542.921,0.29037
541.956,0.29001
540.992,0.28961
540.028,0.28919
539.063,0.28878
538.099,0.28842
537.135,0.28815
536.170,0.28797
535.206,0.28787
534.242,0.28783
533.277,0.28776
532.313,0.28762
531.349,0.28738
530.384,0.28707
529.420,0.28676
528.456,0.28647
527.491,0.28624
526.527,0.28604
525.563,0.28587
524.598,0.28571
523.634,0.28553
522.670,0.28534
521.705,0.28512
520.741,0.28490
519.777,0.28470
518.812,0.28457
517.848,0.28458
516.884,0.28474
515.919,0.28505
514.955,0.28547
513.991,0.28595
513.026,0.28644
512.062,0.28694
511.098,0.28746
510.133,0.28802
509.169,0.28866
508.205,0.28944
507.240,0.29041
506.276,0.29151
505.312,0.29266
504.347,0.29376
503.383,0.29476
502.419,0.29571
501.454,0.29668
500.490,0.29770
499.526,0.29880
498.561,0.29996
497.597,0.30116
496.633,0.30239
495.668,0.30361
494.704,0.30476
493.740,0.30581
492.775,0.30678
491.811,0.30769
490.847,0.30856
489.882,0.30937
488.918,0.31005
487.954,0.31053
486.989,0.31079
486.025,0.31085
485.061,0.31077
484.096,0.31063
483.132,0.31047
482.168,0.31033
481.203,0.31018
480.239,0.31000
479.275,0.30978
478.310,0.30951
477.346,0.30919
476.382,0.30884
475.417,0.30848
474.453,0.30816
473.489,0.30796
472.524,0.30796
471.560,0.30823
470.596,0.30880
469.631,0.30966
468.667,0.31079
467.703,0.31212
466.738,0.31358
465.774,0.31509
464.810,0.31653
463.845,0.31780
462.881,0.31881
461.917,0.31951
460.952,0.31992
459.988,0.32007
459.024,0.32005
458.059,0.31991
457.095,0.31969
456.131,0.31937
455.166,0.31894
454.202,0.31842
453.238,0.31786
452.273,0.31733
451.309,0.31682
450.345,0.31632
449.380,0.31575
448.416,0.31506
447.452,0.31424
446.487,0.31329
445.523,0.31220
444.559,0.31099
443.594,0.30968
442.630,0.30829
441.666,0.30686
440.701,0.30544
439.737,0.30406
438.773,0.30273
437.808,0.30144
436.844,0.30022
435.880,0.29906
434.915,0.29795
433.951,0.29687
432.987,0.29579
432.022,0.29469
431.058,0.29354
430.094,0.29233
429.129,0.29104
428.165,0.28966
427.201,0.28822
426.236,0.28680
425.272,0.28548
424.308,0.28435
423.343,0.28347
422.379,0.28290
421.415,0.28272
420.450,0.28301
419.486,0.28383
418.522,0.28519
417.557,0.28700
416.593,0.28911
415.629,0.29132
414.664,0.29343
413.700,0.29530
412.736,0.29683
411.771,0.29794
410.807,0.29860
409.843,0.29878
408.878,0.29849
407.914,0.29777
406.950,0.29669
405.985,0.29533
405.021,0.29381
404.057,0.29219
403.092,0.29050
402.128,0.28877
401.163,0.28700
400.199,0.28524
399.235,0.28356
398.270,0.28202
397.306,0.28065
396.342,0.27939
395.377,0.27819
394.413,0.27698
393.449,0.27575
392.484,0.27448
391.520,0.27319
390.556,0.27188
389.591,0.27057
388.627,0.26924
387.663,0.26789
386.698,0.26647
385.734,0.26496
384.770,0.26335
383.805,0.26167
382.841,0.26004
381.877,0.25861
380.912,0.25751
379.948,0.25681
378.984,0.25645
378.019,0.25626
377.055,0.25616
376.091,0.25609
375.126,0.25606
374.162,0.25604
373.198,0.25597
372.233,0.25579
371.269,0.25548
370.305,0.25505
369.340,0.25457
368.376,0.25406
367.412,0.25352
366.447,0.25293
365.483,0.25229
364.519,0.25164
363.554,0.25105
362.590,0.25054
361.626,0.25011
360.661,0.24973
359.697,0.24938
358.733,0.24910
357.768,0.24893
356.804,0.24893
355.840,0.24919
354.875,0.24976
353.911,0.25076
352.947,0.25229
351.982,0.25448
351.018,0.25741
350.054,0.26104
349.089,0.26519
348.125,0.26950
347.161,0.27349
346.196,0.27668
345.232,0.27875
344.268,0.27955
343.303,0.27916
342.339,0.27781
341.375,0.27580
340.410,0.27342
339.446,0.27089
338.482,0.26834
337.517,0.26584
336.553,0.26344
335.589,0.26120
334.624,0.25917
333.660,0.25736
332.696,0.25572
331.731,0.25417
330.767,0.25268
329.803,0.25126
328.838,0.24996
327.874,0.24882
326.910,0.24786
325.945,0.24704
324.981,0.24630
324.017,0.24563
323.052,0.24502
322.088,0.24447
321.124,0.24399
320.159,0.24358
319.195,0.24320
318.231,0.24285
317.266,0.24254
316.302,0.24226
315.338,0.24201
314.373,0.24180
313.409,0.24166
312.445,0.24159
311.480,0.24160
310.516,0.24167
309.552,0.24174
308.587,0.24176
307.623,0.24171
306.659,0.24162
305.694,0.24148
304.730,0.24132
303.766,0.24113
302.801,0.24092
301.837,0.24069
300.873,0.24041
299.908,0.24003
298.944,0.23953
297.980,0.23894
297.015,0.23833
296.051,0.23777
295.087,0.23728
294.122,0.23677
293.158,0.23616
292.194,0.23541
291.229,0.23455
290.265,0.23367
289.301,0.23289
288.336,0.23227
287.372,0.23178
286.408,0.23134
285.443,0.23086
284.479,0.23026
283.515,0.22956
282.550,0.22883
281.586,0.22816
280.622,0.22764
279.657,0.22728
278.693,0.22706
277.729,0.22694
276.764,0.22687
275.800,0.22681
274.836,0.22674
273.871,0.22662
272.907,0.22644
271.943,0.22616
270.978,0.22579
270.014,0.22534
269.050,0.22487
268.085,0.22447
267.121,0.22420
266.157,0.22406
265.192,0.22403
264.228,0.22404
263.264,0.22405
262.299,0.22404
261.335,0.22400
260.371,0.22399
259.406,0.22401
258.442,0.22402
257.478,0.22399
256.513,0.22389
255.549,0.22377
254.585,0.22370
253.620,0.22375
252.656,0.22394
251.692,0.22424
250.727,0.22458
249.763,0.22491
248.799,0.22524
247.834,0.22563
246.870,0.22618
245.906,0.22701
244.941,0.22816
243.977,0.22965
243.013,0.23142
242.048,0.23338
241.084,0.23547
240.119,0.23762
239.155,0.23983
238.191,0.24210
237.226,0.24448
236.262,0.24705
235.298,0.24990
234.333,0.25311
233.369,0.25672
232.405,0.26072
231.440,0.26503
230.476,0.26953
229.512,0.27410
228.547,0.27860
227.583,0.28290
226.619,0.28675
225.654,0.28989
224.690,0.29210
223.726,0.29329
222.761,0.29349
221.797,0.29283
220.833,0.29142
219.868,0.28930
218.904,0.28654
217.940,0.28325
216.975,0.27962
216.011,0.27594
215.047,0.27250
214.082,0.26956
213.118,0.26722
212.154,0.26542
211.189,0.26395
210.225,0.26259
209.261,0.26112
208.296,0.25937
207.332,0.25719
206.368,0.25445
205.403,0.25109
204.439,0.24716
203.475,0.24292
202.510,0.23870
201.546,0.23475
200.582,0.23115
199.617,0.22777
198.653,0.22447
197.689,0.22124
196.724,0.21813
195.760,0.21530
194.796,0.21280
193.831,0.21065
192.867,0.20874
191.903,0.20696
190.938,0.20521
189.974,0.20345
189.010,0.20171
188.045,0.20004
187.081,0.19848
186.117,0.19702
185.152,0.19560
184.188,0.19420
183.224,0.19280
182.259,0.19143
181.295,0.19010
180.331,0.18882
179.366,0.18754
178.402,0.18626
177.438,0.18500
176.473,0.18383
175.509,0.18281
174.545,0.18193
173.580,0.18118
172.616,0.18050
171.652,0.17986
170.687,0.17923
169.723,0.17862
168.759,0.17806
167.794,0.17762
166.830,0.17730
165.866,0.17707
164.901,0.17681
163.937,0.17645
162.973,0.17598
162.008,0.17545
161.044,0.17493
160.080,0.17449
159.115,0.17419
158.151,0.17408
157.187,0.17413
156.222,0.17426
155.258,0.17431
154.294,0.17416
153.329,0.17379
152.365,0.17326
151.401,0.17277
150.436,0.17252
149.472,0.17268
148.508,0.17328
147.543,0.17422
146.579,0.17532
145.615,0.17639
144.650,0.17729
143.686,0.17794
142.722,0.17830
141.757,0.17840
140.793,0.17834
139.829,0.17826
138.864,0.17823
137.900,0.17812
136.936,0.17764
135.971,0.17650
135.007,0.17461
134.043,0.17216
133.078,0.16951
132.114,0.16702
131.150,0.16488
130.185,0.16308
129.221,0.16155
128.257,0.16025
127.292,0.15920
126.328,0.15846
125.364,0.15808
124.399,0.15807
123.435,0.15849
122.471,0.15947
121.506,0.16118
120.542,0.16368
119.578,0.16689
118.613,0.17066
117.649,0.17488
116.685,0.17953
115.720,0.18462
114.756,0.19006
113.792,0.19570
112.827,0.20139
111.863,0.20708
110.899,0.21272
109.934,0.21820
108.970,0.22325
108.006,0.22769
107.041,0.23151
106.077,0.23492
105.113,0.23809
104.148,0.24107
103.184,0.24370
102.220,0.24581
101.255,0.24731
100.291,0.24822
99.327,0.24856
98.362,0.24831
97.398,0.24731
96.434,0.24543
95.469,0.24259
94.505,0.23894
93.541,0.23469
92.576,0.23007
91.612,0.22521
90.648,0.22017
89.683,0.21507
88.719,0.21019
87.755,0.20584
86.790,0.20227
85.826,0.19950
84.862,0.19744
83.897,0.19600
82.933,0.19521
81.969,0.19512
81.004,0.19579
80.040,0.19720
79.075,0.19927
78.111,0.20182
77.147,0.20455
76.182,0.20708
75.218,0.20910
74.254,0.21054
73.289,0.21158
72.325,0.21243
71.361,0.21324
70.396,0.21405
69.432,0.21483
68.468,0.21561
67.503,0.21639
66.539,0.21706
65.575,0.21735
64.610,0.21690
63.646,0.21536
62.682,0.21252
61.717,0.20838
60.753,0.20320
59.789,0.19739
58.824,0.19139
57.860,0.18563
56.896,0.18042
55.931,0.17610
54.967,0.17297
54.003,0.17125
53.038,0.17083
52.074,0.17120
51.110,0.17151
50.145,0.17095
49.181,0.16911
48.217,0.16612
47.252,0.16236
46.288,0.15787
45.324,0.15213
44.359,0.14437
43.395,0.13420
42.431,0.12192
41.466,0.10862
40.502,0.09581
39.538,0.08502
38.573,0.07731
37.609,0.07283
36.645,0.07074
35.680,0.06965
34.716,0.06845
33.752,0.06694
32.787,0.06561
31.823,0.06463
30.859,0.06316
29.894,0.05961
28.930,0.05289
27.966,0.04319
27.001,0.03142
26.037,0.01810
25.073,0.00268
24.108,-0.01616
23.144,-0.03989
22.180,-0.06942
21.215,-0.10494
20.251,-0.14607
19.287,-0.19009
18.322,-0.22956
17.358,-0.25408
16.394,-0.25915
15.429,-0.25475
14.465,-0.25589
13.501,-0.26522
12.536,-0.27086
11.572,-0.26012
10.608,-0.23570
9.643,-0.21310
8.679,-0.20059
7.715,-0.18415
6.750,-0.14056
5.786,-0.07979
4.822,0.00085
3.857,0.03895
2.893,0.00270
1.929,-0.03440
0.964,0.06424
0.000,0.09435
