700.107,0.33974
699.143,0.33115
698.179,0.32173
697.214,0.31519
696.250,0.31223
695.286,0.31157
694.321,0.31152
693.357,0.31101
692.393,0.30973
691.428,0.30801
690.464,0.30655
689.500,0.30613
688.535,0.30705
687.571,0.30902
686.607,0.31133
685.642,0.31352
684.678,0.31567
683.714,0.31817
682.749,0.32124
681.785,0.32461
680.821,0.32775
679.856,0.33027
678.892,0.33217
677.928,0.33381
676.963,0.33560
675.999,0.33775
675.035,0.34022
674.070,0.34279
673.106,0.34514
672.142,0.34698
671.177,0.34806
670.213,0.34829
669.249,0.34771
668.284,0.34648
667.320,0.34483
666.356,0.34300
665.391,0.34114
664.427,0.33933
663.463,0.33756
662.498,0.33582
661.534,0.33414
660.570,0.33261
659.605,0.33135
658.641,0.33043
657.677,0.32987
656.712,0.32958
655.748,0.32943
654.784,0.32934
653.819,0.32926
652.855,0.32921
651.891,0.32923
650.926,0.32935
649.962,0.32957
648.998,0.32983
648.033,0.33007
647.069,0.33025
646.105,0.33037
645.140,0.33046
644.176,0.33058
643.212,0.33072
642.247,0.33086
641.283,0.33097
640.319,0.33103
639.354,0.33101
638.390,0.33093
637.426,0.33084
636.461,0.33079
635.497,0.33082
634.533,0.33098
633.568,0.33128
632.604,0.33175
631.640,0.33239
630.675,0.33324
629.711,0.33430
628.747,0.33560
627.782,0.33712
626.818,0.33884
625.854,0.34073
624.889,0.34279
623.925,0.34501
622.961,0.34738
621.996,0.34987
621.032,0.35244
620.068,0.35506
619.103,0.35767
618.139,0.36024
617.175,0.36278
616.210,0.36531
615.246,0.36785
614.282,0.37041
613.317,0.37294
612.353,0.37534
611.389,0.37749
610.424,0.37934
609.460,0.38087
608.496,0.38210
607.531,0.38310
606.567,0.38390
605.603,0.38453
604.638,0.38503
603.674,0.38542
602.710,0.38571
601.745,0.38592
600.781,0.38607
599.817,0.38617
598.852,0.38623
597.888,0.38630
596.924,0.38639
595.959,0.38653
594.995,0.38670
594.031,0.38687
593.066,0.38699
592.102,0.38705
591.138,0.38705
590.173,0.38703
589.209,0.38699
588.245,0.38694
587.280,0.38687
586.316,0.38672
585.352,0.38646
584.387,0.38602
583.423,0.38536
582.459,0.38446
581.494,0.38332
580.530,0.38199
579.566,0.38052
578.601,0.37895
577.637,0.37732
576.673,0.37566
575.708,0.37397
574.744,0.37229
573.780,0.37063
572.815,0.36900
571.851,0.36743
570.887,0.36594
569.922,0.36455
568.958,0.36329
567.994,0.36212
567.029,0.36102
566.065,0.35993
565.101,0.35881
564.136,0.35768
563.172,0.35655
562.207,0.35546
561.243,0.35446
560.279,0.35355
559.314,0.35270
558.350,0.35190
557.386,0.35109
556.421,0.35026
555.457,0.34938
554.493,0.34850
553.528,0.34763
552.564,0.34682
551.600,0.34609
550.635,0.34543
549.671,0.34480
548.707,0.34416
547.742,0.34346
546.778,0.34266
545.814,0.34178
544.849,0.34083
543.885,0.33989
542.921,0.33900
541.956,0.33824
540.992,0.33761
540.028,0.33709
539.063,0.33664
538.099,0.33619
537.135,0.33572
536.170,0.33525
535.206,0.33478
534.242,0.33434
533.277,0.33392
532.313,0.33352
531.349,0.33311
530.384,0.33270
529.420,0.33228
528.456,0.33186
527.491,0.33145
526.527,0.33108
525.563,0.33074
524.598,0.33042
523.634,0.33008
522.670,0.32970
521.705,0.32930
520.741,0.32889
519.777,0.32854
518.812,0.32828
517.848,0.32815
516.884,0.32814
515.919,0.32825
514.955,0.32847
513.991,0.32879
513.026,0.32919
512.062,0.32963
511.098,0.33009
510.133,0.33061
509.169,0.33125
508.205,0.33215
507.240,0.33340
506.276,0.33499
505.312,0.33682
504.347,0.33874
503.383,0.34060
502.419,0.34237
501.454,0.34403
500.490,0.34562
499.526,0.34720
498.561,0.34882
497.597,0.35054
496.633,0.35236
495.668,0.35423
494.704,0.35609
493.740,0.35787
492.775,0.35955
491.811,0.36110
490.847,0.36254
489.882,0.36382
488.918,0.36491
487.954,0.36575
486.989,0.36635
486.025,0.36676
485.061,0.36703
484.096,0.36720
483.132,0.36726
482.168,0.36719
481.203,0.36698
480.239,0.36665
479.275,0.36622
478.310,0.36573
477.346,0.36526
476.382,0.36482
475.417,0.36446
474.453,0.36420
473.489,0.36408
472.524,0.36420
471.560,0.36465
470.596,0.36551
469.631,0.36678
468.667,0.36843
467.703,0.37041
466.738,0.37259
465.774,0.37487
464.810,0.37710
463.845,0.37913
462.881,0.38084
461.917,0.38215
460.952,0.38300
459.988,0.38344
459.024,0.38356
458.059,0.38349
457.095,0.38331
456.131,0.38307
455.166,0.38277
454.202,0.38241
453.238,0.38200
452.273,0.38158
451.309,0.38118
450.345,0.38076
449.380,0.38030
448.416,0.37971
447.452,0.37897
446.487,0.37804
445.523,0.37693
444.559,0.37566
443.594,0.37423
442.630,0.37269
441.666,0.37109
440.701,0.36948
439.737,0.36792
438.773,0.36640
437.808,0.36492
436.844,0.36347
435.880,0.36204
434.915,0.36060
433.951,0.35913
432.987,0.35757
432.022,0.35592
431.058,0.35416
430.094,0.35233
429.129,0.35049
428.165,0.34869
427.201,0.34699
426.236,0.34547
425.272,0.34418
424.308,0.34319
423.343,0.34252
422.379,0.34227
421.415,0.34251
420.450,0.34340
419.486,0.34506
418.522,0.34756
417.557,0.35080
416.593,0.35457
415.629,0.35854
414.664,0.36237
413.700,0.36577
412.736,0.36855
411.771,0.37061
410.807,0.37190
409.843,0.37242
408.878,0.37223
407.914,0.37144
406.950,0.37017
405.985,0.36855
405.021,0.36668
404.057,0.36464
403.092,0.36250
402.128,0.36030
401.163,0.35810
400.199,0.35593
399.235,0.35382
398.270,0.35180
397.306,0.34984
396.342,0.34792
395.377,0.34603
394.413,0.34416
393.449,0.34232
392.484,0.34051
391.520,0.33873
390.556,0.33699
389.591,0.33526
388.627,0.33351
387.663,0.33171
386.698,0.32985
385.734,0.32794
384.770,0.32606
383.805,0.32427
382.841,0.32265
381.877,0.32121
380.912,0.31995
379.948,0.31882
378.984,0.31778
378.019,0.31684
377.055,0.31602
376.091,0.31537
375.126,0.31488
374.162,0.31449
373.198,0.31410
372.233,0.31361
371.269,0.31297
370.305,0.31223
369.340,0.31144
368.376,0.31068
367.412,0.30993
366.447,0.30917
365.483,0.30835
364.519,0.30748
363.554,0.30657
362.590,0.30562
361.626,0.30468
360.661,0.30378
359.697,0.30300
358.733,0.30244
357.768,0.30219
356.804,0.30227
355.840,0.30274
354.875,0.30365
353.911,0.30513
352.947,0.30736
351.982,0.31051
351.018,0.31471
350.054,0.31991
349.089,0.32586
348.125,0.33205
347.161,0.33779
346.196,0.34239
345.232,0.34528
344.268,0.34623
343.303,0.34531
342.339,0.34286
341.375,0.33936
340.410,0.33528
339.446,0.33098
338.482,0.32671
337.517,0.32257
336.553,0.31866
335.589,0.31504
334.624,0.31180
333.660,0.30898
332.696,0.30655
331.731,0.30440
330.767,0.30242
329.803,0.30051
328.838,0.29867
327.874,0.29693
326.910,0.29532
325.945,0.29389
324.981,0.29264
324.017,0.29156
323.052,0.29062
322.088,0.28978
321.124,0.28901
320.159,0.28828
319.195,0.28757
318.231,0.28683
317.266,0.28606
316.302,0.28528
315.338,0.28456
314.373,0.28395
313.409,0.28349
312.445,0.28316
311.480,0.28294
310.516,0.28280
309.552,0.28270
308.587,0.28263
307.623,0.28254
306.659,0.28240
305.694,0.28221
304.730,0.28197
303.766,0.28168
302.801,0.28132
301.837,0.28087
300.873,0.28032
299.908,0.27966
298.944,0.27894
297.980,0.27818
297.015,0.27741
296.051,0.27667
295.087,0.27591
294.122,0.27512
293.158,0.27427
292.194,0.27337
291.229,0.27248
290.265,0.27167
289.301,0.27095
288.336,0.27032
287.372,0.26970
286.408,0.26903
285.443,0.26824
284.479,0.26731
283.515,0.26628
282.550,0.26523
281.586,0.26425
280.622,0.26341
279.657,0.26274
278.693,0.26224
277.729,0.26187
276.764,0.26159
275.800,0.26135
274.836,0.26112
273.871,0.26086
272.907,0.26058
271.943,0.26026
270.978,0.25988
270.014,0.25943
269.050,0.25893
268.085,0.25842
267.121,0.25798
266.157,0.25769
265.192,0.25755
264.228,0.25753
263.264,0.25752
262.299,0.25747
261.335,0.25735
260.371,0.25720
259.406,0.25708
258.442,0.25697
257.478,0.25686
256.513,0.25672
255.549,0.25658
254.585,0.25651
253.620,0.25661
252.656,0.25688
251.692,0.25728
250.727,0.25772
249.763,0.25817
248.799,0.25862
247.834,0.25914
246.870,0.25982
245.906,0.26077
244.941,0.26205
243.977,0.26368
243.013,0.26564
242.048,0.26785
241.084,0.27023
240.119,0.27271
239.155,0.27527
238.191,0.27794
237.226,0.28083
236.262,0.28405
235.298,0.28771
234.333,0.29186
233.369,0.29651
232.405,0.30165
231.440,0.30718
230.476,0.31301
229.512,0.31899
228.547,0.32496
227.583,0.33069
226.619,0.33585
225.654,0.34005
224.690,0.34295
223.726,0.34439
222.761,0.34438
221.797,0.34307
220.833,0.34063
219.868,0.33723
218.904,0.33300
217.940,0.32814
216.975,0.32296
216.011,0.31783
215.047,0.31315
214.082,0.30922
213.118,0.30613
212.154,0.30375
211.189,0.30182
210.225,0.30000
209.261,0.29803
208.296,0.29571
207.332,0.29289
206.368,0.28942
205.403,0.28523
204.439,0.28042
203.475,0.27529
202.510,0.27028
201.546,0.26573
200.582,0.26169
199.617,0.25798
198.653,0.25438
197.689,0.25077
196.724,0.24724
195.760,0.24392
194.796,0.24095
193.831,0.23836
192.867,0.23606
191.903,0.23397
190.938,0.23199
189.974,0.23005
189.010,0.22815
188.045,0.22630
187.081,0.22455
186.117,0.22294
185.152,0.22144
184.188,0.21998
183.224,0.21848
182.259,0.21695
181.295,0.21545
180.331,0.21405
179.366,0.21278
178.402,0.21155
177.438,0.21029
176.473,0.20897
175.509,0.20763
174.545,0.20633
173.580,0.20514
172.616,0.20413
171.652,0.20330
170.687,0.20261
169.723,0.20200
168.759,0.20139
167.794,0.20075
166.830,0.20013
165.866,0.19954
164.901,0.19900
163.937,0.19845
162.973,0.19788
162.008,0.19729
161.044,0.19668
160.080,0.19609
159.115,0.19557
158.151,0.19517
157.187,0.19493
156.222,0.19480
155.258,0.19471
154.294,0.19455
153.329,0.19427
152.365,0.19394
151.401,0.19369
150.436,0.19368
149.472,0.19408
148.508,0.19489
147.543,0.19602
146.579,0.19728
145.615,0.19850
144.650,0.19959
143.686,0.20048
142.722,0.20110
141.757,0.20142
140.793,0.20145
139.829,0.20129
138.864,0.20102
137.900,0.20062
136.936,0.19989
135.971,0.19859
135.007,0.19665
134.043,0.19421
133.078,0.19159
132.114,0.18909
131.150,0.18688
130.185,0.18499
129.221,0.18336
128.257,0.18201
127.292,0.18099
126.328,0.18038
125.364,0.18024
124.399,0.18059
123.435,0.18150
122.471,0.18304
121.506,0.18529
120.542,0.18822
119.578,0.19173
118.613,0.19574
117.649,0.20024
116.685,0.20534
115.720,0.21110
114.756,0.21748
113.792,0.22436
112.827,0.23157
111.863,0.23895
110.899,0.24629
109.934,0.25326
108.970,0.25957
108.006,0.26513
107.041,0.27013
106.077,0.27480
105.113,0.27921
104.148,0.28315
103.184,0.28636
102.220,0.28869
101.255,0.29017
100.291,0.29092
99.327,0.29103
98.362,0.29053
97.398,0.28932
96.434,0.28730
95.469,0.28437
94.505,0.28056
93.541,0.27598
92.576,0.27079
91.612,0.26514
90.648,0.25914
89.683,0.25300
88.719,0.24710
87.755,0.24190
86.790,0.23778
85.826,0.23480
84.862,0.23280
83.897,0.23156
82.933,0.23099
81.969,0.23116
81.004,0.23221
80.040,0.23417
79.075,0.23689
78.111,0.24006
77.147,0.24322
76.182,0.24603
75.218,0.24844
74.254,0.25071
73.289,0.25324
72.325,0.25622
71.361,0.25941
70.396,0.26234
69.432,0.26467
68.468,0.26642
67.503,0.26783
66.539,0.26905
65.575,0.26993
64.610,0.26992
63.646,0.26839
62.682,0.26494
61.717,0.25963
60.753,0.25298
59.789,0.24570
58.824,0.23848
57.860,0.23190
56.896,0.22656
55.931,0.22301
54.967,0.22171
54.003,0.22273
53.038,0.22557
52.074,0.22927
51.110,0.23275
50.145,0.23512
49.181,0.23602
48.217,0.23563
47.252,0.23441
46.288,0.23266
45.324,0.23012
44.359,0.22605
43.395,0.21965
42.431,0.21072
41.466,0.19990
40.502,0.18846
39.538,0.17791
38.573,0.16983
37.609,0.16553
36.645,0.16558
35.680,0.16937
34.716,0.17545
33.752,0.18275
32.787,0.19179
31.823,0.20441
30.859,0.22215
29.894,0.24408
28.930,0.26604
27.966,0.28240
27.001,0.28993
26.037,0.28996
25.073,0.28622
24.108,0.28146
23.144,0.27460
22.180,0.26108
21.215,0.23853
20.251,0.20923
19.287,0.17796
18.322,0.15286
17.358,0.14408
16.394,0.15380
15.429,0.16545
14.465,0.15632
13.501,0.12656
12.536,0.10395
11.572,0.11278
10.608,0.13519
9.643,0.12468
8.679,0.08812
7.715,0.06744
6.750,0.10843
5.786,0.25793
4.822,0.72268
3.857,0.50047
2.893,0.16186
1.929,0.00290
0.964,0.05818
0.000,0.07119
