700.107,0.12027
699.143,0.10752
698.179,0.09760
697.214,0.09056
696.250,0.08558
695.286,0.08124
694.321,0.07659
693.357,0.07177
692.393,0.06754
691.428,0.06466
690.464,0.06338
689.500,0.06347
688.535,0.06450
687.571,0.06610
686.607,0.06807
685.642,0.07024
684.678,0.07248
683.714,0.07468
682.749,0.07674
681.785,0.07863
680.821,0.08033
679.856,0.08191
678.892,0.08344
677.928,0.08501
676.963,0.08662
675.999,0.08818
675.035,0.08961
674.070,0.09086
673.106,0.09198
672.142,0.09306
671.177,0.09420
670.213,0.09543
669.249,0.09672
668.284,0.09802
667.320,0.09931
666.356,0.10057
665.391,0.10175
664.427,0.10273
663.463,0.10340
662.498,0.10365
661.534,0.10353
660.570,0.10316
659.605,0.10276
658.641,0.10250
657.677,0.10244
656.712,0.10256
655.748,0.10277
654.784,0.10301
653.819,0.10323
652.855,0.10346
651.891,0.10373
650.926,0.10410
649.962,0.10463
648.998,0.10535
648.033,0.10632
647.069,0.10762
646.105,0.10938
645.140,0.11173
644.176,0.11473
643.212,0.11829
642.247,0.12218
641.283,0.12605
640.319,0.12951
639.354,0.13225
638.390,0.13405
637.426,0.13490
636.461,0.13487
635.497,0.13418
634.533,0.13301
633.568,0.13156
632.604,0.12993
631.640,0.12824
630.675,0.12657
629.711,0.12499
628.747,0.12355
627.782,0.12225
626.818,0.12105
625.854,0.11994
624.889,0.11887
623.925,0.11783
622.961,0.11685
621.996,0.11591
621.032,0.11504
620.068,0.11424
619.103,0.11353
618.139,0.11289
617.175,0.11235
616.210,0.11187
615.246,0.11146
614.282,0.11108
613.317,0.11070
612.353,0.11033
611.389,0.10995
610.424,0.10958
609.460,0.10922
608.496,0.10888
607.531,0.10855
606.567,0.10824
605.603,0.10794
604.638,0.10764
603.674,0.10733
602.710,0.10703
601.745,0.10674
600.781,0.10645
599.817,0.10619
598.852,0.10593
597.888,0.10566
596.924,0.10538
595.959,0.10508
594.995,0.10478
594.031,0.10448
593.066,0.10421
592.102,0.10398
591.138,0.10382
590.173,0.10374
589.209,0.10375
588.245,0.10384
587.280,0.10402
586.316,0.10427
585.352,0.10462
584.387,0.10509
583.423,0.10570
582.459,0.10642
581.494,0.10716
580.530,0.10778
579.566,0.10816
578.601,0.10816
577.637,0.10777
576.673,0.10703
575.708,0.10608
574.744,0.10507
573.780,0.10414
572.815,0.10340
571.851,0.10294
570.887,0.10278
569.922,0.10296
568.958,0.10343
567.994,0.10411
567.029,0.10484
566.065,0.10544
565.101,0.10574
564.136,0.10566
563.172,0.10520
562.207,0.10447
561.243,0.10362
560.279,0.10275
559.314,0.10194
558.350,0.10120
557.386,0.10052
556.421,0.09989
555.457,0.09930
554.493,0.09875
553.528,0.09827
552.564,0.09784
551.600,0.09747
550.635,0.09714
549.671,0.09683
548.707,0.09653
547.742,0.09624
546.778,0.09596
545.814,0.09568
544.849,0.09539
543.885,0.09507
542.921,0.09474
541.956,0.09442
540.992,0.09415
540.028,0.09395
539.063,0.09381
538.099,0.09369
537.135,0.09357
536.170,0.09342
535.206,0.09325
534.242,0.09308
533.277,0.09293
532.313,0.09280
531.349,0.09268
530.384,0.09255
529.420,0.09239
528.456,0.09221
527.491,0.09202
526.527,0.09185
525.563,0.09171
524.598,0.09161
523.634,0.09151
522.670,0.09139
521.705,0.09122
520.741,0.09100
519.777,0.09079
518.812,0.09065
517.848,0.09063
516.884,0.09078
515.919,0.09110
514.955,0.09156
513.991,0.09214
513.026,0.09280
512.062,0.09355
511.098,0.09441
510.133,0.09543
509.169,0.09665
508.205,0.09809
507.240,0.09968
506.276,0.10124
505.312,0.10256
504.347,0.10348
503.383,0.10395
502.419,0.10400
501.454,0.10373
500.490,0.10323
499.526,0.10259
498.561,0.10185
497.597,0.10105
496.633,0.10019
495.668,0.09928
494.704,0.09836
493.740,0.09744
492.775,0.09658
491.811,0.09581
490.847,0.09514
489.882,0.09455
488.918,0.09399
487.954,0.09346
486.989,0.09294
486.025,0.09247
485.061,0.09205
484.096,0.09169
483.132,0.09139
482.168,0.09111
481.203,0.09084
480.239,0.09058
479.275,0.09033
478.310,0.09010
477.346,0.08989
476.382,0.08971
475.417,0.08958
474.453,0.08952
473.489,0.08958
472.524,0.08983
471.560,0.09033
470.596,0.09112
469.631,0.09222
468.667,0.09364
467.703,0.09541
466.738,0.09752
465.774,0.09993
464.810,0.10251
463.845,0.10507
462.881,0.10738
461.917,0.10922
460.952,0.11044
459.988,0.11102
459.024,0.11105
458.059,0.11069
457.095,0.11011
456.131,0.10944
455.166,0.10874
454.202,0.10803
453.238,0.10731
452.273,0.10661
451.309,0.10589
450.345,0.10515
449.380,0.10437
448.416,0.10355
447.452,0.10269
446.487,0.10180
445.523,0.10089
444.559,0.09996
443.594,0.09902
442.630,0.09810
441.666,0.09724
440.701,0.09644
439.737,0.09572
438.773,0.09506
437.808,0.09445
436.844,0.09392
435.880,0.09344
434.915,0.09299
433.951,0.09253
432.987,0.09202
432.022,0.09147
431.058,0.09088
430.094,0.09027
429.129,0.08965
428.165,0.08901
427.201,0.08836
426.236,0.08771
425.272,0.08708
424.308,0.08647
423.343,0.08589
422.379,0.08531
421.415,0.08470
420.450,0.08407
419.486,0.08347
418.522,0.08294
417.557,0.08250
416.593,0.08215
415.629,0.08184
414.664,0.08151
413.700,0.08113
412.736,0.08071
411.771,0.08025
410.807,0.07978
409.843,0.07932
408.878,0.07889
407.914,0.07851
406.950,0.07817
405.985,0.07786
405.021,0.07752
404.057,0.07712
403.092,0.07664
402.128,0.07607
401.163,0.07546
400.199,0.07484
399.235,0.07430
398.270,0.07387
397.306,0.07359
396.342,0.07342
395.377,0.07328
394.413,0.07309
393.449,0.07280
392.484,0.07243
391.520,0.07201
390.556,0.07159
389.591,0.07117
388.627,0.07070
387.663,0.07013
386.698,0.06941
385.734,0.06859
384.770,0.06775
383.805,0.06699
382.841,0.06640
381.877,0.06606
380.912,0.06598
379.948,0.06612
378.984,0.06646
378.019,0.06700
377.055,0.06782
376.091,0.06907
375.126,0.07088
374.162,0.07330
373.198,0.07632
372.233,0.07982
371.269,0.08366
370.305,0.08760
369.340,0.09134
368.376,0.09459
367.412,0.09708
366.447,0.09878
365.483,0.09980
364.519,0.10046
363.554,0.10107
362.590,0.10185
361.626,0.10293
360.661,0.10440
359.697,0.10637
358.733,0.10896
357.768,0.11214
356.804,0.11568
355.840,0.11913
354.875,0.12198
353.911,0.12390
352.947,0.12480
351.982,0.12484
351.018,0.12421
350.054,0.12300
349.089,0.12122
348.125,0.11886
347.161,0.11598
346.196,0.11277
345.232,0.10945
344.268,0.10623
343.303,0.10324
342.339,0.10055
341.375,0.09818
340.410,0.09609
339.446,0.09423
338.482,0.09253
337.517,0.09092
336.553,0.08939
335.589,0.08800
334.624,0.08680
333.660,0.08586
332.696,0.08518
331.731,0.08477
330.767,0.08466
329.803,0.08493
328.838,0.08564
327.874,0.08672
326.910,0.08795
325.945,0.08899
324.981,0.08951
324.017,0.08939
323.052,0.08869
322.088,0.08760
321.124,0.08634
320.159,0.08507
319.195,0.08387
318.231,0.08279
317.266,0.08189
316.302,0.08120
315.338,0.08077
314.373,0.08058
313.409,0.08060
312.445,0.08077
311.480,0.08109
310.516,0.08152
309.552,0.08203
308.587,0.08255
307.623,0.08301
306.659,0.08331
305.694,0.08339
304.730,0.08329
303.766,0.08307
302.801,0.08283
301.837,0.08263
300.873,0.08245
299.908,0.08221
298.944,0.08186
297.980,0.08138
297.015,0.08080
296.051,0.08016
295.087,0.07945
294.122,0.07866
293.158,0.07777
292.194,0.07683
291.229,0.07590
290.265,0.07511
289.301,0.07450
288.336,0.07408
287.372,0.07381
286.408,0.07365
285.443,0.07360
284.479,0.07369
283.515,0.07401
282.550,0.07466
281.586,0.07569
280.622,0.07711
279.657,0.07887
278.693,0.08082
277.729,0.08275
276.764,0.08445
275.800,0.08580
274.836,0.08678
273.871,0.08748
272.907,0.08800
271.943,0.08843
270.978,0.08876
270.014,0.08890
269.050,0.08874
268.085,0.08821
267.121,0.08732
266.157,0.08617
265.192,0.08487
264.228,0.08348
263.264,0.08205
262.299,0.08061
261.335,0.07918
260.371,0.07781
259.406,0.07652
258.442,0.07526
257.478,0.07396
256.513,0.07261
255.549,0.07125
254.585,0.07001
253.620,0.06899
252.656,0.06820
251.692,0.06756
250.727,0.06694
249.763,0.06623
248.799,0.06542
247.834,0.06457
246.870,0.06377
245.906,0.06312
244.941,0.06267
243.977,0.06236
243.013,0.06211
242.048,0.06180
241.084,0.06137
240.119,0.06082
239.155,0.06019
238.191,0.05952
237.226,0.05884
236.262,0.05816
235.298,0.05749
234.333,0.05685
233.369,0.05626
232.405,0.05573
231.440,0.05525
230.476,0.05478
229.512,0.05432
228.547,0.05392
227.583,0.05362
226.619,0.05344
225.654,0.05332
224.690,0.05315
223.726,0.05292
222.761,0.05265
221.797,0.05240
220.833,0.05218
219.868,0.05192
218.904,0.05152
217.940,0.05092
216.975,0.05015
216.011,0.04934
215.047,0.04861
214.082,0.04808
213.118,0.04775
212.154,0.04753
211.189,0.04727
210.225,0.04693
209.261,0.04655
208.296,0.04622
207.332,0.04596
206.368,0.04567
205.403,0.04522
204.439,0.04457
203.475,0.04388
202.510,0.04341
201.546,0.04331
200.582,0.04354
199.617,0.04393
198.653,0.04435
197.689,0.04479
196.724,0.04538
195.760,0.04630
194.796,0.04772
193.831,0.04974
192.867,0.05234
191.903,0.05544
190.938,0.05892
189.974,0.06264
189.010,0.06648
188.045,0.07026
187.081,0.07376
186.117,0.07669
185.152,0.07880
184.188,0.07996
183.224,0.08017
182.259,0.07959
181.295,0.07842
180.331,0.07685
179.366,0.07502
178.402,0.07300
177.438,0.07088
176.473,0.06876
175.509,0.06672
174.545,0.06484
173.580,0.06316
172.616,0.06168
171.652,0.06042
170.687,0.05941
169.723,0.05866
168.759,0.05818
167.794,0.05802
166.830,0.05825
165.866,0.05894
164.901,0.06012
163.937,0.06175
162.973,0.06376
162.008,0.06605
161.044,0.06852
160.080,0.07108
159.115,0.07365
158.151,0.07617
157.187,0.07859
156.222,0.08085
155.258,0.08290
154.294,0.08469
153.329,0.08628
152.365,0.08780
151.401,0.08941
150.436,0.09124
149.472,0.09322
148.508,0.09516
147.543,0.09680
146.579,0.09789
145.615,0.09827
144.650,0.09785
143.686,0.09663
142.722,0.09473
141.757,0.09241
140.793,0.09000
139.829,0.08787
138.864,0.08625
137.900,0.08518
136.936,0.08454
135.971,0.08420
135.007,0.08415
134.043,0.08452
133.078,0.08556
132.114,0.08741
131.150,0.08997
130.185,0.09301
129.221,0.09625
128.257,0.09949
127.292,0.10260
126.328,0.10540
125.364,0.10770
124.399,0.10935
123.435,0.11044
122.471,0.11119
121.506,0.11180
120.542,0.11232
119.578,0.11260
118.613,0.11250
117.649,0.11196
116.685,0.11103
115.720,0.10977
114.756,0.10819
113.792,0.10633
112.827,0.10430
111.863,0.10224
110.899,0.10027
109.934,0.09835
108.970,0.09638
108.006,0.09434
107.041,0.09237
106.077,0.09070
105.113,0.08941
104.148,0.08832
103.184,0.08711
102.220,0.08560
101.255,0.08386
100.291,0.08214
99.327,0.08064
98.362,0.07938
97.398,0.07818
96.434,0.07685
95.469,0.07530
94.505,0.07357
93.541,0.07171
92.576,0.06976
91.612,0.06772
90.648,0.06563
89.683,0.06366
88.719,0.06201
87.755,0.06089
86.790,0.06030
85.826,0.06009
84.862,0.05996
83.897,0.05961
82.933,0.05892
81.969,0.05789
81.004,0.05669
80.040,0.05555
79.075,0.05463
78.111,0.05396
77.147,0.05345
76.182,0.05298
75.218,0.05255
74.254,0.05229
73.289,0.05237
72.325,0.05278
71.361,0.05324
70.396,0.05327
69.432,0.05252
68.468,0.05096
67.503,0.04886
66.539,0.04658
65.575,0.04441
64.610,0.04254
63.646,0.04116
62.682,0.04042
61.717,0.04038
60.753,0.04086
59.789,0.04146
58.824,0.04165
57.860,0.04109
56.896,0.03978
55.931,0.03807
54.967,0.03633
54.003,0.03478
53.038,0.03326
52.074,0.03144
51.110,0.02910
50.145,0.02643
49.181,0.02391
48.217,0.02198
47.252,0.02059
46.288,0.01916
45.324,0.01694
44.359,0.01344
43.395,0.00865
42.431,0.00292
41.466,-0.00332
40.502,-0.00960
39.538,-0.01536
38.573,-0.01994
37.609,-0.02290
36.645,-0.02426
35.680,-0.02470
34.716,-0.02523
33.752,-0.02678
32.787,-0.03003
31.823,-0.03558
30.859,-0.04409
29.894,-0.05593
28.930,-0.07063
27.966,-0.08644
27.001,-0.10052
26.037,-0.10975
25.073,-0.11202
24.108,-0.10765
23.144,-0.10044
22.180,-0.09715
21.215,-0.10467
20.251,-0.12638
19.287,-0.16069
18.322,-0.20241
17.358,-0.24476
16.394,-0.28053
15.429,-0.30905
14.465,-0.33613
13.501,-0.35975
12.536,-0.36494
11.572,-0.33697
10.608,-0.28032
9.643,-0.21762
8.679,-0.16870
7.715,-0.13357
6.750,-0.10289
5.786,-0.08671
4.822,-0.03253
3.857,0.08894
2.893,0.16595
1.929,0.22956
0.964,0.40162
0.000,0.39047
