700.107,0.31998
699.143,0.30957
698.179,0.29722
697.214,0.28278
696.250,0.26756
695.286,0.25350
694.321,0.24186
693.357,0.23262
692.393,0.22487
691.428,0.21756
690.464,0.21022
689.500,0.20314
688.535,0.19692
687.571,0.19201
686.607,0.18836
685.642,0.18547
684.678,0.18266
683.714,0.17933
682.749,0.17519
681.785,0.17026
680.821,0.16481
679.856,0.15919
678.892,0.15369
677.928,0.14847
676.963,0.14358
675.999,0.13899
675.035,0.13465
674.070,0.13050
673.106,0.12653
672.142,0.12274
671.177,0.11919
670.213,0.11597
669.249,0.11318
668.284,0.11087
667.320,0.10905
666.356,0.10772
665.391,0.10684
664.427,0.10636
663.463,0.10616
662.498,0.10600
661.534,0.10557
660.570,0.10453
659.605,0.10269
658.641,0.10009
657.677,0.09699
656.712,0.09372
655.748,0.09056
654.784,0.08771
653.819,0.08524
652.855,0.08315
651.891,0.08144
650.926,0.08008
649.962,0.07905
648.998,0.07835
648.033,0.07801
647.069,0.07809
646.105,0.07866
645.140,0.07978
644.176,0.08144
643.212,0.08356
642.247,0.08593
641.283,0.08830
640.319,0.09034
639.354,0.09179
638.390,0.09247
637.426,0.09236
636.461,0.09153
635.497,0.09014
634.533,0.08838
633.568,0.08639
632.604,0.08431
631.640,0.08226
630.675,0.08030
629.711,0.07846
628.747,0.07672
627.782,0.07505
626.818,0.07344
625.854,0.07187
624.889,0.07039
623.925,0.06903
622.961,0.06781
621.996,0.06674
621.032,0.06581
620.068,0.06500
619.103,0.06428
618.139,0.06363
617.175,0.06301
616.210,0.06238
615.246,0.06168
614.282,0.06088
613.317,0.06001
612.353,0.05911
611.389,0.05826
610.424,0.05749
609.460,0.05679
608.496,0.05613
607.531,0.05545
606.567,0.05474
605.603,0.05402
604.638,0.05336
603.674,0.05277
602.710,0.05227
601.745,0.05181
600.781,0.05136
599.817,0.05091
598.852,0.05048
597.888,0.05010
596.924,0.04978
595.959,0.04948
594.995,0.04916
594.031,0.04881
593.066,0.04844
592.102,0.04812
591.138,0.04788
590.173,0.04772
589.209,0.04762
588.245,0.04758
587.280,0.04761
586.316,0.04778
585.352,0.04818
584.387,0.04885
583.423,0.04978
582.459,0.05088
581.494,0.05202
580.530,0.05310
579.566,0.05402
578.601,0.05472
577.637,0.05516
576.673,0.05532
575.708,0.05525
574.744,0.05502
573.780,0.05477
572.815,0.05462
571.851,0.05471
570.887,0.05504
569.922,0.05557
568.958,0.05619
567.994,0.05679
567.029,0.05729
566.065,0.05762
565.101,0.05771
564.136,0.05751
563.172,0.05701
562.207,0.05623
561.243,0.05532
560.279,0.05441
559.314,0.05361
558.350,0.05295
557.386,0.05236
556.421,0.05178
555.457,0.05120
554.493,0.05063
553.528,0.05014
552.564,0.04972
551.600,0.04934
550.635,0.04896
549.671,0.04855
548.707,0.04812
547.742,0.04772
546.778,0.04739
545.814,0.04714
544.849,0.04691
543.885,0.04665
542.921,0.04633
541.956,0.04601
540.992,0.04572
540.028,0.04552
539.063,0.04537
538.099,0.04520
537.135,0.04496
536.170,0.04464
535.206,0.04432
534.242,0.04406
533.277,0.04390
532.313,0.04378
531.349,0.04363
530.384,0.04341
529.420,0.04315
528.456,0.04290
527.491,0.04275
526.527,0.04269
525.563,0.04266
524.598,0.04259
523.634,0.04244
522.670,0.04227
521.705,0.04213
520.741,0.04209
519.777,0.04210
518.812,0.04212
517.848,0.04210
516.884,0.04207
515.919,0.04213
514.955,0.04237
513.991,0.04282
513.026,0.04344
512.062,0.04420
511.098,0.04508
510.133,0.04612
509.169,0.04736
508.205,0.04875
507.240,0.05011
506.276,0.05125
505.312,0.05201
504.347,0.05245
503.383,0.05271
502.419,0.05295
501.454,0.05320
500.490,0.05340
499.526,0.05342
498.561,0.05320
497.597,0.05277
496.633,0.05224
495.668,0.05171
494.704,0.05123
493.740,0.05078
492.775,0.05031
491.811,0.04981
490.847,0.04930
489.882,0.04884
488.918,0.04844
487.954,0.04809
486.989,0.04773
486.025,0.04731
485.061,0.04684
484.096,0.04640
483.132,0.04603
482.168,0.04578
481.203,0.04558
480.239,0.04538
479.275,0.04514
478.310,0.04486
477.346,0.04459
476.382,0.04435
475.417,0.04412
474.453,0.04387
473.489,0.04361
472.524,0.04339
471.560,0.04334
470.596,0.04356
469.631,0.04411
468.667,0.04497
467.703,0.04611
466.738,0.04749
465.774,0.04911
464.810,0.05093
463.845,0.05281
462.881,0.05453
461.917,0.05585
460.952,0.05661
459.988,0.05680
459.024,0.05657
458.059,0.05610
457.095,0.05551
456.131,0.05482
455.166,0.05402
454.202,0.05314
453.238,0.05225
452.273,0.05145
451.309,0.05078
450.345,0.05018
449.380,0.04954
448.416,0.04878
447.452,0.04794
446.487,0.04712
445.523,0.04646
444.559,0.04601
443.594,0.04574
442.630,0.04553
441.666,0.04524
440.701,0.04481
439.737,0.04423
438.773,0.04354
437.808,0.04276
436.844,0.04188
435.880,0.04090
434.915,0.03991
433.951,0.03905
432.987,0.03839
432.022,0.03793
431.058,0.03756
430.094,0.03716
429.129,0.03669
428.165,0.03621
427.201,0.03583
426.236,0.03559
425.272,0.03547
424.308,0.03537
423.343,0.03518
422.379,0.03491
421.415,0.03463
420.450,0.03443
419.486,0.03437
418.522,0.03441
417.557,0.03444
416.593,0.03440
415.629,0.03429
414.664,0.03419
413.700,0.03416
412.736,0.03418
411.771,0.03420
410.807,0.03413
409.843,0.03397
408.878,0.03380
407.914,0.03370
406.950,0.03373
405.985,0.03383
405.021,0.03389
404.057,0.03384
403.092,0.03368
402.128,0.03349
401.163,0.03337
400.199,0.03334
399.235,0.03333
398.270,0.03323
397.306,0.03299
396.342,0.03266
395.377,0.03237
394.413,0.03223
393.449,0.03225
392.484,0.03230
391.520,0.03226
390.556,0.03206
389.591,0.03176
388.627,0.03149
387.663,0.03135
386.698,0.03133
385.734,0.03136
384.770,0.03138
383.805,0.03145
382.841,0.03166
381.877,0.03203
380.912,0.03245
379.948,0.03270
378.984,0.03266
378.019,0.03245
377.055,0.03234
376.091,0.03261
375.126,0.03342
374.162,0.03478
373.198,0.03664
372.233,0.03892
371.269,0.04152
370.305,0.04431
369.340,0.04708
368.376,0.04951
367.412,0.05137
366.447,0.05257
365.483,0.05327
364.519,0.05376
363.554,0.05436
362.590,0.05522
361.626,0.05637
360.661,0.05779
359.697,0.05951
358.733,0.06163
357.768,0.06420
356.804,0.06709
355.840,0.06992
354.875,0.07220
353.911,0.07360
352.947,0.07407
351.982,0.07381
351.018,0.07312
350.054,0.07211
349.089,0.07076
348.125,0.06897
347.161,0.06674
346.196,0.06420
345.232,0.06160
344.268,0.05918
343.303,0.05706
342.339,0.05524
341.375,0.05367
340.410,0.05225
339.446,0.05095
338.482,0.04976
337.517,0.04871
336.553,0.04782
335.589,0.04707
334.624,0.04646
333.660,0.04601
332.696,0.04574
331.731,0.04571
330.767,0.04595
329.803,0.04653
328.838,0.04745
327.874,0.04866
326.910,0.04996
325.945,0.05109
324.981,0.05179
324.017,0.05191
323.052,0.05147
322.088,0.05065
321.124,0.04965
320.159,0.04861
319.195,0.04760
318.231,0.04661
317.266,0.04563
316.302,0.04470
315.338,0.04393
314.373,0.04339
313.409,0.04311
312.445,0.04302
311.480,0.04304
310.516,0.04313
309.552,0.04332
308.587,0.04361
307.623,0.04396
306.659,0.04420
305.694,0.04418
304.730,0.04389
303.766,0.04345
302.801,0.04310
301.837,0.04304
300.873,0.04324
299.908,0.04351
298.944,0.04363
297.980,0.04346
297.015,0.04302
296.051,0.04248
295.087,0.04199
294.122,0.04161
293.158,0.04129
292.194,0.04093
291.229,0.04050
290.265,0.04006
289.301,0.03975
288.336,0.03966
287.372,0.03977
286.408,0.03998
285.443,0.04017
284.479,0.04033
283.515,0.04058
282.550,0.04109
281.586,0.04198
280.622,0.04324
279.657,0.04475
278.693,0.04637
277.729,0.04799
276.764,0.04951
275.800,0.05086
274.836,0.05199
273.871,0.05289
272.907,0.05360
271.943,0.05415
270.978,0.05455
270.014,0.05480
269.050,0.05488
268.085,0.05477
267.121,0.05449
266.157,0.05405
265.192,0.05348
264.228,0.05284
263.264,0.05217
262.299,0.05156
261.335,0.05102
260.371,0.05055
259.406,0.05008
258.442,0.04954
257.478,0.04884
256.513,0.04799
255.549,0.04713
254.585,0.04649
253.620,0.04625
252.656,0.04642
251.692,0.04677
250.727,0.04704
249.763,0.04708
248.799,0.04697
247.834,0.04688
246.870,0.04698
245.906,0.04728
244.941,0.04770
243.977,0.04812
243.013,0.04844
242.048,0.04865
241.084,0.04880
240.119,0.04894
239.155,0.04913
238.191,0.04934
237.226,0.04950
236.262,0.04955
235.298,0.04948
234.333,0.04930
233.369,0.04901
232.405,0.04858
231.440,0.04793
230.476,0.04701
229.512,0.04588
228.547,0.04474
227.583,0.04384
226.619,0.04334
225.654,0.04320
224.690,0.04325
223.726,0.04329
222.761,0.04323
221.797,0.04311
220.833,0.04299
219.868,0.04290
218.904,0.04281
217.940,0.04267
216.975,0.04246
216.011,0.04220
215.047,0.04191
214.082,0.04161
213.118,0.04128
212.154,0.04090
211.189,0.04045
210.225,0.03999
209.261,0.03963
208.296,0.03940
207.332,0.03925
206.368,0.03894
205.403,0.03832
204.439,0.03743
203.475,0.03658
202.510,0.03619
201.546,0.03646
200.582,0.03727
199.617,0.03830
198.653,0.03927
197.689,0.04009
196.724,0.04087
195.760,0.04175
194.796,0.04288
193.831,0.04434
192.867,0.04616
191.903,0.04832
190.938,0.05075
189.974,0.05333
189.010,0.05591
188.045,0.05832
187.081,0.06043
186.117,0.06211
185.152,0.06328
184.188,0.06388
183.224,0.06387
182.259,0.06328
181.295,0.06217
180.331,0.06067
179.366,0.05895
178.402,0.05717
177.438,0.05548
176.473,0.05393
175.509,0.05249
174.545,0.05107
173.580,0.04964
172.616,0.04827
171.652,0.04710
170.687,0.04627
169.723,0.04580
168.759,0.04568
167.794,0.04587
166.830,0.04639
165.866,0.04725
164.901,0.04845
163.937,0.04985
162.973,0.05131
162.008,0.05272
161.044,0.05408
160.080,0.05547
159.115,0.05696
158.151,0.05850
157.187,0.05994
156.222,0.06108
155.258,0.06186
154.294,0.06241
153.329,0.06298
152.365,0.06379
151.401,0.06491
150.436,0.06628
149.472,0.06774
148.508,0.06910
147.543,0.07020
146.579,0.07087
145.615,0.07096
144.650,0.07039
143.686,0.06917
142.722,0.06747
141.757,0.06559
140.793,0.06389
139.829,0.06266
138.864,0.06200
137.900,0.06178
136.936,0.06178
135.971,0.06183
135.007,0.06198
134.043,0.06239
133.078,0.06319
132.114,0.06438
131.150,0.06580
130.185,0.06731
129.221,0.06886
128.257,0.07051
127.292,0.07228
126.328,0.07406
125.364,0.07568
124.399,0.07695
123.435,0.07782
122.471,0.07836
121.506,0.07866
120.542,0.07877
119.578,0.07865
118.613,0.07830
117.649,0.07778
116.685,0.07722
115.720,0.07674
114.756,0.07634
113.792,0.07592
112.827,0.07536
111.863,0.07462
110.899,0.07366
109.934,0.07244
108.970,0.07086
108.006,0.06889
107.041,0.06672
106.077,0.06471
105.113,0.06322
104.148,0.06234
103.184,0.06183
102.220,0.06124
101.255,0.06023
100.291,0.05878
99.327,0.05720
98.362,0.05593
97.398,0.05523
96.434,0.05495
95.469,0.05471
94.505,0.05416
93.541,0.05332
92.576,0.05257
91.612,0.05235
90.648,0.05278
89.683,0.05348
88.719,0.05389
87.755,0.05368
86.790,0.05301
85.826,0.05237
84.862,0.05217
83.897,0.05245
82.933,0.05285
81.969,0.05295
81.004,0.05261
80.040,0.05215
79.075,0.05212
78.111,0.05293
77.147,0.05452
76.182,0.05640
75.218,0.05808
74.254,0.05935
73.289,0.06034
72.325,0.06124
71.361,0.06189
70.396,0.06182
69.432,0.06061
68.468,0.05832
67.503,0.05552
66.539,0.05298
65.575,0.05118
64.610,0.05005
63.646,0.04904
62.682,0.04759
61.717,0.04556
60.753,0.04330
59.789,0.04136
58.824,0.04003
57.860,0.03918
56.896,0.03843
55.931,0.03759
54.967,0.03676
54.003,0.03616
53.038,0.03570
52.074,0.03501
51.110,0.03368
50.145,0.03181
49.181,0.03021
48.217,0.02996
47.252,0.03172
46.288,0.03522
45.324,0.03937
44.359,0.04305
43.395,0.04580
42.431,0.04791
41.466,0.04974
40.502,0.05095
39.538,0.05048
38.573,0.04740
37.609,0.04200
36.645,0.03583
35.680,0.03077
34.716,0.02767
33.752,0.02587
32.787,0.02424
31.823,0.02281
30.859,0.02344
29.894,0.02885
28.930,0.04061
27.966,0.05783
27.001,0.07768
26.037,0.09685
25.073,0.11241
24.108,0.12200
23.144,0.12342
22.180,0.11419
21.215,0.09025
20.251,0.04436
19.287,-0.02408
18.322,-0.10941
17.358,-0.20747
16.394,-0.31123
15.429,-0.41519
14.465,-0.50465
13.501,-0.53140
12.536,-0.49276
11.572,-0.45062
10.608,-0.43429
9.643,-0.44134
8.679,-0.42916
7.715,-0.36973
6.750,-0.31282
5.786,-0.27262
4.822,-0.27050
3.857,-0.33899
2.893,-0.48187
1.929,-0.68049
0.964,-0.97739
0.000,-1.20930
