7600.891,0.39526
7598.962,0.39514
7597.034,0.39503
7595.105,0.39481
7593.176,0.39473
7591.248,0.39484
7589.319,0.39481
7587.390,0.39456
7585.462,0.39436
7583.533,0.39430
7581.604,0.39420
7579.676,0.39411
7577.747,0.39399
7575.818,0.39377
7573.890,0.39364
7571.961,0.39354
7570.032,0.39325
7568.104,0.39294
7566.175,0.39286
7564.246,0.39292
7562.318,0.39299
7560.389,0.39300
7558.460,0.39282
7556.532,0.39249
7554.603,0.39227
7552.674,0.39217
7550.746,0.39212
7548.817,0.39217
7546.888,0.39211
7544.960,0.39177
7543.031,0.39144
7541.102,0.39136
7539.174,0.39141
7537.245,0.39130
7535.316,0.39104
7533.388,0.39106
7531.459,0.39127
7529.530,0.39125
7527.602,0.39096
7525.673,0.39057
7523.744,0.39028
7521.816,0.39028
7519.887,0.39047
7517.958,0.39059
7516.030,0.39032
7514.101,0.38979
7512.172,0.38951
7510.244,0.38959
7508.315,0.38968
7506.386,0.38952
7504.458,0.38921
7502.529,0.38902
7500.600,0.38890
7498.672,0.38866
7496.743,0.38841
7494.814,0.38825
7492.885,0.38810
7490.957,0.38803
7489.028,0.38811
7487.099,0.38812
7485.171,0.38790
7483.242,0.38771
7481.313,0.38772
7479.385,0.38785
7477.456,0.38792
7475.527,0.38769
7473.599,0.38729
7471.670,0.38705
7469.741,0.38686
7467.813,0.38653
7465.884,0.38617
7463.955,0.38594
7462.027,0.38591
7460.098,0.38595
7458.169,0.38588
7456.241,0.38569
7454.312,0.38555
7452.383,0.38549
7450.455,0.38547
7448.526,0.38546
7446.597,0.38542
7444.669,0.38545
7442.740,0.38546
7440.811,0.38521
7438.883,0.38490
7436.954,0.38490
7435.025,0.38495
7433.097,0.38457
7431.168,0.38402
7429.239,0.38383
7427.311,0.38376
7425.382,0.38359
7423.453,0.38364
7421.525,0.38376
7419.596,0.38359
7417.667,0.38333
7415.739,0.38327
7413.810,0.38337
7411.881,0.38345
7409.953,0.38340
7408.024,0.38328
7406.095,0.38313
7404.167,0.38291
7402.238,0.38279
7400.309,0.38277
7398.381,0.38247
7396.452,0.38203
7394.523,0.38187
7392.595,0.38196
7390.666,0.38202
7388.737,0.38189
7386.809,0.38171
7384.880,0.38166
7382.951,0.38169
7381.023,0.38163
7379.094,0.38141
7377.165,0.38110
7375.237,0.38090
7373.308,0.38089
7371.379,0.38083
7369.451,0.38058
7367.522,0.38033
7365.593,0.38027
7363.665,0.38038
7361.736,0.38042
7359.807,0.38023
7357.879,0.38006
7355.950,0.37997
7354.021,0.37976
7352.093,0.37953
7350.164,0.37947
7348.235,0.37946
7346.307,0.37937
7344.378,0.37926
7342.449,0.37918
7340.521,0.37907
7338.592,0.37887
7336.663,0.37860
7334.734,0.37835
7332.806,0.37814
7330.877,0.37798
7328.948,0.37791
7327.020,0.37781
7325.091,0.37749
7323.162,0.37722
7321.234,0.37724
7319.305,0.37736
7317.376,0.37730
7315.448,0.37712
7313.519,0.37700
7311.590,0.37696
7309.662,0.37702
7307.733,0.37705
7305.804,0.37678
7303.876,0.37640
7301.947,0.37628
7300.018,0.37628
7298.090,0.37617
7296.161,0.37598
7294.232,0.37586
7292.304,0.37585
7290.375,0.37580
7288.446,0.37558
7286.518,0.37524
7284.589,0.37509
7282.660,0.37519
7280.732,0.37519
7278.803,0.37498
7276.874,0.37487
7274.946,0.37488
7273.017,0.37480
7271.088,0.37467
7269.160,0.37454
7267.231,0.37438
7265.302,0.37425
7263.374,0.37417
7261.445,0.37405
7259.516,0.37400
7257.588,0.37394
7255.659,0.37374
7253.730,0.37350
7251.802,0.37328
7249.873,0.37302
7247.944,0.37283
7246.016,0.37287
7244.087,0.37303
7242.158,0.37308
7240.230,0.37290
7238.301,0.37251
7236.372,0.37209
7234.444,0.37187
7232.515,0.37184
7230.586,0.37180
7228.658,0.37176
7226.729,0.37177
7224.800,0.37176
7222.872,0.37169
7220.943,0.37166
7219.014,0.37167
7217.086,0.37155
7215.157,0.37136
7213.228,0.37122
7211.300,0.37109
7209.371,0.37096
7207.442,0.37100
7205.514,0.37111
7203.585,0.37105
7201.656,0.37079
7199.728,0.37046
7197.799,0.37028
7195.870,0.37019
7193.942,0.37001
7192.013,0.36984
7190.084,0.36978
7188.156,0.36977
7186.227,0.36975
7184.298,0.36971
7182.370,0.36966
7180.441,0.36951
7178.512,0.36918
7176.584,0.36884
7174.655,0.36867
7172.726,0.36864
7170.797,0.36873
7168.869,0.36889
7166.940,0.36885
7165.011,0.36858
7163.083,0.36834
7161.154,0.36821
7159.225,0.36814
7157.297,0.36808
7155.368,0.36795
7153.439,0.36775
7151.511,0.36757
7149.582,0.36749
7147.653,0.36746
7145.725,0.36737
7143.796,0.36730
7141.867,0.36731
7139.939,0.36725
7138.010,0.36713
7136.081,0.36711
7134.153,0.36712
7132.224,0.36695
7130.295,0.36660
7128.367,0.36623
7126.438,0.36597
7124.509,0.36581
7122.581,0.36572
7120.652,0.36569
7118.723,0.36569
7116.795,0.36564
7114.866,0.36549
7112.937,0.36529
7111.009,0.36523
7109.080,0.36530
7107.151,0.36522
7105.223,0.36494
7103.294,0.36466
7101.365,0.36450
7099.437,0.36450
7097.508,0.36447
7095.579,0.36422
7093.651,0.36398
7091.722,0.36393
7089.793,0.36393
7087.865,0.36376
7085.936,0.36345
7084.007,0.36327
7082.079,0.36328
7080.150,0.36324
7078.221,0.36311
7076.293,0.36292
7074.364,0.36274
7072.435,0.36273
7070.507,0.36284
7068.578,0.36287
7066.649,0.36273
7064.721,0.36247
7062.792,0.36228
7060.863,0.36224
7058.935,0.36215
7057.006,0.36195
7055.077,0.36177
7053.149,0.36166
7051.220,0.36159
7049.291,0.36155
7047.363,0.36147
7045.434,0.36137
7043.505,0.36137
7041.577,0.36140
7039.648,0.36126
7037.719,0.36105
7035.791,0.36090
7033.862,0.36079
7031.933,0.36068
7030.005,0.36052
7028.076,0.36034
7026.147,0.36023
7024.219,0.36013
7022.290,0.36005
7020.361,0.36006
7018.433,0.36007
7016.504,0.35987
7014.575,0.35955
7012.646,0.35942
7010.718,0.35947
7008.789,0.35945
7006.860,0.35925
7004.932,0.35910
7003.003,0.35912
7001.074,0.35911
6999.146,0.35900
6997.217,0.35889
6995.288,0.35881
6993.360,0.35875
6991.431,0.35865
6989.502,0.35847
6987.574,0.35835
6985.645,0.35834
6983.716,0.35830
6981.788,0.35811
6979.859,0.35784
6977.930,0.35761
6976.002,0.35745
6974.073,0.35741
6972.144,0.35750
6970.216,0.35755
6968.287,0.35753
6966.358,0.35749
6964.430,0.35736
6962.501,0.35714
6960.572,0.35693
6958.644,0.35668
6956.715,0.35643
6954.786,0.35631
6952.858,0.35625
6950.929,0.35613
6949.000,0.35609
6947.072,0.35616
6945.143,0.35613
6943.214,0.35595
6941.286,0.35583
6939.357,0.35583
6937.428,0.35579
6935.500,0.35567
6933.571,0.35557
6931.642,0.35544
6929.714,0.35525
6927.785,0.35513
6925.856,0.35503
6923.928,0.35493
6921.999,0.35489
6920.070,0.35475
6918.142,0.35451
6916.213,0.35433
6914.284,0.35427
6912.356,0.35423
6910.427,0.35407
6908.498,0.35387
6906.570,0.35371
6904.641,0.35360
6902.712,0.35347
6900.784,0.35323
6898.855,0.35298
6896.926,0.35284
6894.998,0.35276
6893.069,0.35270
6891.140,0.35265
6889.212,0.35259
6887.283,0.35246
6885.354,0.35231
6883.426,0.35216
6881.497,0.35205
6879.568,0.35197
6877.640,0.35189
6875.711,0.35180
6873.782,0.35170
6871.854,0.35155
6869.925,0.35132
6867.996,0.35113
6866.068,0.35106
6864.139,0.35096
6862.210,0.35074
6860.282,0.35053
6858.353,0.35040
6856.424,0.35032
6854.496,0.35024
6852.567,0.35013
6850.638,0.34994
6848.709,0.34968
6846.781,0.34950
6844.852,0.34946
6842.923,0.34941
6840.995,0.34929
6839.066,0.34918
6837.137,0.34899
6835.209,0.34869
6833.280,0.34846
6831.351,0.34839
6829.423,0.34838
6827.494,0.34835
6825.565,0.34829
6823.637,0.34821
6821.708,0.34811
6819.779,0.34800
6817.851,0.34787
6815.922,0.34769
6813.993,0.34745
6812.065,0.34727
6810.136,0.34718
6808.207,0.34706
6806.279,0.34690
6804.350,0.34677
6802.421,0.34666
6800.493,0.34657
6798.564,0.34644
6796.635,0.34622
6794.707,0.34598
6792.778,0.34584
6790.849,0.34571
6788.921,0.34547
6786.992,0.34526
6785.063,0.34526
6783.135,0.34535
6781.206,0.34537
6779.277,0.34528
6777.349,0.34510
6775.420,0.34493
6773.491,0.34477
6771.563,0.34460
6769.634,0.34443
6767.705,0.34430
6765.777,0.34419
6763.848,0.34409
6761.919,0.34400
6759.991,0.34385
6758.062,0.34358
6756.133,0.34332
6754.205,0.34327
6752.276,0.34333
6750.347,0.34333
6748.419,0.34323
6746.490,0.34304
6744.561,0.34285
6742.633,0.34273
6740.704,0.34266
6738.775,0.34255
6736.847,0.34239
6734.918,0.34221
6732.989,0.34210
6731.061,0.34205
6729.132,0.34202
6727.203,0.34196
6725.275,0.34182
6723.346,0.34158
6721.417,0.34132
6719.489,0.34114
6717.560,0.34108
6715.631,0.34104
6713.703,0.34089
6711.774,0.34069
6709.845,0.34052
6707.917,0.34036
6705.988,0.34020
6704.059,0.34007
6702.131,0.33994
6700.202,0.33985
6698.273,0.33986
6696.345,0.33987
6694.416,0.33981
6692.487,0.33966
6690.558,0.33950
6688.630,0.33936
6686.701,0.33920
6684.772,0.33898
6682.844,0.33882
6680.915,0.33883
6678.986,0.33883
6677.058,0.33869
6675.129,0.33850
6673.200,0.33828
6671.272,0.33810
6669.343,0.33798
6667.414,0.33788
6665.486,0.33782
6663.557,0.33774
6661.628,0.33759
6659.700,0.33741
6657.771,0.33721
6655.842,0.33704
6653.914,0.33691
6651.985,0.33679
6650.056,0.33668
6648.128,0.33660
6646.199,0.33650
6644.270,0.33642
6642.342,0.33630
6640.413,0.33611
6638.484,0.33599
6636.556,0.33596
6634.627,0.33588
6632.698,0.33569
6630.770,0.33544
6628.841,0.33534
6626.912,0.33537
6624.984,0.33536
6623.055,0.33524
6621.126,0.33506
6619.198,0.33483
6617.269,0.33465
6615.340,0.33461
6613.412,0.33460
6611.483,0.33444
6609.554,0.33421
6607.626,0.33407
6605.697,0.33391
6603.768,0.33370
6601.840,0.33355
6599.911,0.33353
6597.982,0.33350
6596.054,0.33335
6594.125,0.33314
6592.196,0.33298
6590.268,0.33286
6588.339,0.33278
6586.410,0.33275
6584.482,0.33264
6582.553,0.33240
6580.624,0.33221
6578.696,0.33215
6576.767,0.33204
6574.838,0.33193
6572.910,0.33194
6570.981,0.33194
6569.052,0.33180
6567.124,0.33161
6565.195,0.33145
6563.266,0.33134
6561.338,0.33127
6559.409,0.33118
6557.480,0.33100
6555.552,0.33075
6553.623,0.33055
6551.694,0.33044
6549.766,0.33034
6547.837,0.33026
6545.908,0.33022
6543.980,0.33021
6542.051,0.33013
6540.122,0.33000
6538.194,0.32986
6536.265,0.32969
6534.336,0.32951
6532.408,0.32938
6530.479,0.32930
6528.550,0.32922
6526.621,0.32908
6524.693,0.32893
6522.764,0.32883
6520.835,0.32875
6518.907,0.32862
6516.978,0.32842
6515.049,0.32826
6513.121,0.32816
6511.192,0.32804
6509.263,0.32786
6507.335,0.32773
6505.406,0.32769
6503.477,0.32768
6501.549,0.32759
6499.620,0.32745
6497.691,0.32731
6495.763,0.32715
6493.834,0.32701
6491.905,0.32694
6489.977,0.32691
6488.048,0.32690
6486.119,0.32682
6484.191,0.32666
6482.262,0.32645
6480.333,0.32626
6478.405,0.32612
6476.476,0.32600
6474.547,0.32593
6472.619,0.32589
6470.690,0.32583
6468.761,0.32573
6466.833,0.32563
6464.904,0.32555
6462.975,0.32544
6461.047,0.32527
6459.118,0.32513
6457.189,0.32503
6455.261,0.32489
6453.332,0.32473
6451.403,0.32460
6449.475,0.32441
6447.546,0.32420
6445.617,0.32405
6443.689,0.32401
6441.760,0.32395
6439.831,0.32375
6437.903,0.32349
6435.974,0.32336
6434.045,0.32339
6432.117,0.32338
6430.188,0.32323
6428.259,0.32308
6426.331,0.32298
6424.402,0.32288
6422.473,0.32279
6420.545,0.32270
6418.616,0.32255
6416.687,0.32237
6414.759,0.32222
6412.830,0.32211
6410.901,0.32200
6408.973,0.32186
6407.044,0.32168
6405.115,0.32154
6403.187,0.32145
6401.258,0.32133
6399.329,0.32118
6397.401,0.32105
6395.472,0.32092
6393.543,0.32078
6391.615,0.32067
6389.686,0.32057
6387.757,0.32045
6385.829,0.32034
6383.900,0.32025
6381.971,0.32019
6380.043,0.32014
6378.114,0.32011
6376.185,0.32000
6374.257,0.31976
6372.328,0.31956
6370.399,0.31951
6368.471,0.31942
6366.542,0.31916
6364.613,0.31887
6362.684,0.31872
6360.756,0.31865
6358.827,0.31853
6356.898,0.31844
6354.970,0.31847
6353.041,0.31843
6351.112,0.31819
6349.184,0.31789
6347.255,0.31770
6345.326,0.31763
6343.398,0.31762
6341.469,0.31760
6339.540,0.31746
6337.612,0.31725
6335.683,0.31712
6333.754,0.31700
6331.826,0.31683
6329.897,0.31665
6327.968,0.31648
6326.040,0.31632
6324.111,0.31622
6322.182,0.31619
6320.254,0.31617
6318.325,0.31614
6316.396,0.31609
6314.468,0.31595
6312.539,0.31574
6310.610,0.31551
6308.682,0.31533
6306.753,0.31521
6304.824,0.31514
6302.896,0.31510
6300.967,0.31499
6299.038,0.31480
6297.110,0.31465
6295.181,0.31461
6293.252,0.31457
6291.324,0.31441
6289.395,0.31423
6287.466,0.31411
6285.538,0.31398
6283.609,0.31388
6281.680,0.31381
6279.752,0.31371
6277.823,0.31355
6275.894,0.31337
6273.966,0.31319
6272.037,0.31301
6270.108,0.31290
6268.180,0.31290
6266.251,0.31288
6264.322,0.31278
6262.394,0.31266
6260.465,0.31251
6258.536,0.31234
6256.608,0.31218
6254.679,0.31209
6252.750,0.31197
6250.822,0.31183
6248.893,0.31167
6246.964,0.31149
6245.036,0.31134
6243.107,0.31128
6241.178,0.31119
6239.250,0.31104
6237.321,0.31090
6235.392,0.31081
6233.464,0.31080
6231.535,0.31078
6229.606,0.31065
6227.678,0.31048
6225.749,0.31043
6223.820,0.31044
6221.892,0.31033
6219.963,0.31009
6218.034,0.30987
6216.106,0.30976
6214.177,0.30972
6212.248,0.30967
6210.320,0.30957
6208.391,0.30941
6206.462,0.30928
6204.533,0.30917
6202.605,0.30904
6200.676,0.30891
6198.747,0.30882
6196.819,0.30877
6194.890,0.30870
6192.961,0.30857
6191.033,0.30839
6189.104,0.30825
6187.175,0.30821
6185.247,0.30815
6183.318,0.30801
6181.389,0.30793
6179.461,0.30790
6177.532,0.30784
6175.603,0.30775
6173.675,0.30766
6171.746,0.30762
6169.817,0.30768
6167.889,0.30782
6165.960,0.30796
6164.031,0.30809
6162.103,0.30831
6160.174,0.30869
6158.245,0.30916
6156.317,0.30971
6154.388,0.31041
6152.459,0.31102
6150.531,0.31119
6148.602,0.31077
6146.673,0.30998
6144.745,0.30916
6142.816,0.30854
6140.887,0.30817
6138.959,0.30807
6137.030,0.30829
6135.101,0.30880
6133.173,0.30927
6131.244,0.30928
6129.315,0.30874
6127.387,0.30794
6125.458,0.30713
6123.529,0.30645
6121.601,0.30591
6119.672,0.30546
6117.743,0.30503
6115.815,0.30462
6113.886,0.30429
6111.957,0.30401
6110.029,0.30378
6108.100,0.30359
6106.171,0.30348
6104.243,0.30340
6102.314,0.30322
6100.385,0.30295
6098.457,0.30272
6096.528,0.30264
6094.599,0.30258
6092.671,0.30245
6090.742,0.30229
6088.813,0.30217
6086.885,0.30205
6084.956,0.30186
6083.027,0.30167
6081.099,0.30151
6079.170,0.30132
6077.241,0.30115
6075.313,0.30103
6073.384,0.30095
6071.455,0.30091
6069.527,0.30085
6067.598,0.30075
6065.669,0.30067
6063.741,0.30064
6061.812,0.30064
6059.883,0.30059
6057.955,0.30049
6056.026,0.30035
6054.097,0.30019
6052.169,0.30002
6050.240,0.29982
6048.311,0.29962
6046.383,0.29949
6044.454,0.29945
6042.525,0.29948
6040.596,0.29945
6038.668,0.29933
6036.739,0.29919
6034.810,0.29906
6032.882,0.29891
6030.953,0.29872
6029.024,0.29855
6027.096,0.29846
6025.167,0.29843
6023.238,0.29836
6021.310,0.29820
6019.381,0.29810
6017.452,0.29814
6015.524,0.29829
6013.595,0.29845
6011.666,0.29858
6009.738,0.29867
6007.809,0.29874
6005.880,0.29878
6003.952,0.29870
6002.023,0.29852
6000.094,0.29832
5998.166,0.29807
5996.237,0.29778
5994.308,0.29748
5992.380,0.29718
5990.451,0.29694
5988.522,0.29673
5986.594,0.29652
5984.665,0.29634
5982.736,0.29620
5980.808,0.29610
5978.879,0.29597
5976.950,0.29578
5975.022,0.29560
5973.093,0.29549
5971.164,0.29541
5969.236,0.29529
5967.307,0.29511
5965.378,0.29497
5963.450,0.29491
5961.521,0.29488
5959.592,0.29480
5957.664,0.29468
5955.735,0.29455
5953.806,0.29444
5951.878,0.29439
5949.949,0.29439
5948.020,0.29435
5946.092,0.29424
5944.163,0.29409
5942.234,0.29398
5940.306,0.29394
5938.377,0.29392
5936.448,0.29386
5934.520,0.29376
5932.591,0.29364
5930.662,0.29354
5928.734,0.29346
5926.805,0.29340
5924.876,0.29334
5922.948,0.29326
5921.019,0.29315
5919.090,0.29303
5917.162,0.29295
5915.233,0.29286
5913.304,0.29271
5911.376,0.29258
5909.447,0.29249
5907.518,0.29237
5905.590,0.29228
5903.661,0.29225
5901.732,0.29220
5899.804,0.29208
5897.875,0.29192
5895.946,0.29177
5894.018,0.29165
5892.089,0.29150
5890.160,0.29128
5888.232,0.29109
5886.303,0.29102
5884.374,0.29103
5882.445,0.29100
5880.517,0.29088
5878.588,0.29071
5876.659,0.29057
5874.731,0.29048
5872.802,0.29043
5870.873,0.29035
5868.945,0.29025
5867.016,0.29019
5865.087,0.29015
5863.159,0.29002
5861.230,0.28983
5859.301,0.28965
5857.373,0.28952
5855.444,0.28943
5853.515,0.28936
5851.587,0.28921
5849.658,0.28904
5847.729,0.28891
5845.801,0.28878
5843.872,0.28863
5841.943,0.28848
5840.015,0.28835
5838.086,0.28821
5836.157,0.28804
5834.229,0.28786
5832.300,0.28772
5830.371,0.28757
5828.443,0.28741
5826.514,0.28725
5824.585,0.28708
5822.657,0.28694
5820.728,0.28684
5818.799,0.28670
5816.871,0.28652
5814.942,0.28635
5813.013,0.28619
5811.085,0.28602
5809.156,0.28586
5807.227,0.28575
5805.299,0.28565
5803.370,0.28553
5801.441,0.28538
5799.513,0.28519
5797.584,0.28503
5795.655,0.28493
5793.727,0.28486
5791.798,0.28475
5789.869,0.28462
5787.941,0.28451
5786.012,0.28435
5784.083,0.28414
5782.155,0.28398
5780.226,0.28385
5778.297,0.28371
5776.369,0.28358
5774.440,0.28350
5772.511,0.28338
5770.583,0.28320
5768.654,0.28302
5766.725,0.28291
5764.797,0.28283
5762.868,0.28273
5760.939,0.28263
5759.011,0.28254
5757.082,0.28243
5755.153,0.28230
5753.225,0.28222
5751.296,0.28220
5749.367,0.28219
5747.439,0.28211
5745.510,0.28194
5743.581,0.28174
5741.653,0.28158
5739.724,0.28147
5737.795,0.28138
5735.867,0.28129
5733.938,0.28114
5732.009,0.28097
5730.081,0.28086
5728.152,0.28079
5726.223,0.28070
5724.295,0.28064
5722.366,0.28057
5720.437,0.28049
5718.508,0.28038
5716.580,0.28022
5714.651,0.28006
5712.722,0.27993
5710.794,0.27981
5708.865,0.27967
5706.936,0.27951
5705.008,0.27936
5703.079,0.27924
5701.150,0.27912
5699.222,0.27895
5697.293,0.27875
5695.364,0.27858
5693.436,0.27842
5691.507,0.27824
5689.578,0.27808
5687.650,0.27796
5685.721,0.27783
5683.792,0.27764
5681.864,0.27748
5679.935,0.27742
5678.006,0.27739
5676.078,0.27730
5674.149,0.27715
5672.220,0.27694
5670.292,0.27676
5668.363,0.27667
5666.434,0.27657
5664.506,0.27642
5662.577,0.27625
5660.648,0.27613
5658.720,0.27601
5656.791,0.27589
5654.862,0.27575
5652.934,0.27563
5651.005,0.27551
5649.076,0.27537
5647.148,0.27522
5645.219,0.27510
5643.290,0.27497
5641.362,0.27481
5639.433,0.27465
5637.504,0.27452
5635.576,0.27442
5633.647,0.27428
5631.718,0.27412
5629.790,0.27398
5627.861,0.27388
5625.932,0.27382
5624.004,0.27375
5622.075,0.27361
5620.146,0.27343
5618.218,0.27329
5616.289,0.27320
5614.360,0.27308
5612.432,0.27289
5610.503,0.27274
5608.574,0.27267
5606.646,0.27265
5604.717,0.27260
5602.788,0.27249
5600.860,0.27235
5598.931,0.27221
5597.002,0.27204
5595.074,0.27189
5593.145,0.27177
5591.216,0.27162
5589.288,0.27142
5587.359,0.27123
5585.430,0.27114
5583.502,0.27109
5581.573,0.27099
5579.644,0.27082
5577.716,0.27069
5575.787,0.27060
5573.858,0.27046
5571.930,0.27030
5570.001,0.27016
5568.072,0.27007
5566.144,0.27001
5564.215,0.26994
5562.286,0.26982
5560.357,0.26968
5558.429,0.26955
5556.500,0.26945
5554.571,0.26934
5552.643,0.26922
5550.714,0.26909
5548.785,0.26894
5546.857,0.26878
5544.928,0.26864
5542.999,0.26854
5541.071,0.26844
5539.142,0.26829
5537.213,0.26815
5535.285,0.26808
5533.356,0.26803
5531.427,0.26793
5529.499,0.26782
5527.570,0.26771
5525.641,0.26760
5523.713,0.26749
5521.784,0.26735
5519.855,0.26721
5517.927,0.26708
5515.998,0.26695
5514.069,0.26681
5512.141,0.26670
5510.212,0.26660
5508.283,0.26650
5506.355,0.26641
5504.426,0.26631
5502.497,0.26619
5500.569,0.26604
5498.640,0.26590
5496.711,0.26581
5494.783,0.26575
5492.854,0.26563
5490.925,0.26548
5488.997,0.26535
5487.068,0.26522
5485.139,0.26508
5483.211,0.26497
5481.282,0.26488
5479.353,0.26476
5477.425,0.26462
5475.496,0.26448
5473.567,0.26436
5471.639,0.26422
5469.710,0.26407
5467.781,0.26394
5465.853,0.26382
5463.924,0.26370
5461.995,0.26362
5460.067,0.26352
5458.138,0.26341
5456.209,0.26331
5454.281,0.26317
5452.352,0.26298
5450.423,0.26283
5448.495,0.26273
5446.566,0.26265
5444.637,0.26252
5442.709,0.26237
5440.780,0.26225
5438.851,0.26214
5436.923,0.26202
5434.994,0.26190
5433.065,0.26178
5431.137,0.26166
5429.208,0.26157
5427.279,0.26148
5425.351,0.26136
5423.422,0.26124
5421.493,0.26114
5419.565,0.26101
5417.636,0.26089
5415.707,0.26081
5413.779,0.26072
5411.850,0.26062
5409.921,0.26053
5407.993,0.26041
5406.064,0.26028
5404.135,0.26014
5402.207,0.25997
5400.278,0.25982
5398.349,0.25974
5396.420,0.25970
5394.492,0.25960
5392.563,0.25945
5390.634,0.25931
5388.706,0.25920
5386.777,0.25905
5384.848,0.25889
5382.920,0.25874
5380.991,0.25862
5379.062,0.25853
5377.134,0.25845
5375.205,0.25835
5373.276,0.25827
5371.348,0.25822
5369.419,0.25814
5367.490,0.25799
5365.562,0.25783
5363.633,0.25768
5361.704,0.25754
5359.776,0.25737
5357.847,0.25720
5355.918,0.25708
5353.990,0.25702
5352.061,0.25698
5350.132,0.25688
5348.204,0.25674
5346.275,0.25664
5344.346,0.25658
5342.418,0.25648
5340.489,0.25633
5338.560,0.25617
5336.632,0.25607
5334.703,0.25599
5332.774,0.25589
5330.846,0.25578
5328.917,0.25566
5326.988,0.25552
5325.060,0.25539
5323.131,0.25528
5321.202,0.25516
5319.274,0.25503
5317.345,0.25490
5315.416,0.25478
5313.488,0.25465
5311.559,0.25453
5309.630,0.25441
5307.702,0.25427
5305.773,0.25414
5303.844,0.25406
5301.916,0.25399
5299.987,0.25390
5298.058,0.25375
5296.130,0.25359
5294.201,0.25346
5292.272,0.25335
5290.344,0.25322
5288.415,0.25313
5286.486,0.25306
5284.558,0.25297
5282.629,0.25283
5280.700,0.25268
5278.772,0.25255
5276.843,0.25242
5274.914,0.25232
5272.986,0.25224
5271.057,0.25219
5269.128,0.25213
5267.200,0.25199
5265.271,0.25183
5263.342,0.25167
5261.414,0.25153
5259.485,0.25142
5257.556,0.25133
5255.628,0.25123
5253.699,0.25112
5251.770,0.25102
5249.842,0.25090
5247.913,0.25077
5245.984,0.25066
5244.056,0.25059
5242.127,0.25051
5240.198,0.25038
5238.269,0.25021
5236.341,0.25007
5234.412,0.24999
5232.483,0.24991
5230.555,0.24978
5228.626,0.24964
5226.697,0.24953
5224.769,0.24943
5222.840,0.24934
5220.911,0.24922
5218.983,0.24908
5217.054,0.24893
5215.125,0.24878
5213.197,0.24865
5211.268,0.24855
5209.339,0.24845
5207.411,0.24837
5205.482,0.24830
5203.553,0.24820
5201.625,0.24807
5199.696,0.24790
5197.767,0.24774
5195.839,0.24762
5193.910,0.24752
5191.981,0.24743
5190.053,0.24736
5188.124,0.24729
5186.195,0.24720
5184.267,0.24712
5182.338,0.24704
5180.409,0.24693
5178.481,0.24678
5176.552,0.24664
5174.623,0.24653
5172.695,0.24642
5170.766,0.24633
5168.837,0.24623
5166.909,0.24610
5164.980,0.24596
5163.051,0.24582
5161.123,0.24567
5159.194,0.24556
5157.265,0.24549
5155.337,0.24539
5153.408,0.24526
5151.479,0.24514
5149.551,0.24502
5147.622,0.24489
5145.693,0.24476
5143.765,0.24464
5141.836,0.24449
5139.907,0.24434
5137.979,0.24421
5136.050,0.24415
5134.121,0.24410
5132.193,0.24399
5130.264,0.24384
5128.335,0.24371
5126.407,0.24361
5124.478,0.24352
5122.549,0.24340
5120.621,0.24327
5118.692,0.24317
5116.763,0.24310
5114.835,0.24302
5112.906,0.24291
5110.977,0.24275
5109.049,0.24257
5107.120,0.24240
5105.191,0.24228
5103.263,0.24219
5101.334,0.24211
5099.405,0.24201
5097.477,0.24191
5095.548,0.24180
5093.619,0.24168
5091.691,0.24153
5089.762,0.24140
5087.833,0.24131
5085.905,0.24124
5083.976,0.24116
5082.047,0.24105
5080.119,0.24093
5078.190,0.24082
5076.261,0.24071
5074.332,0.24062
5072.404,0.24054
5070.475,0.24041
5068.546,0.24024
5066.618,0.24009
5064.689,0.23998
5062.760,0.23989
5060.832,0.23978
5058.903,0.23967
5056.974,0.23956
5055.046,0.23941
5053.117,0.23927
5051.188,0.23914
5049.260,0.23902
5047.331,0.23890
5045.402,0.23877
5043.474,0.23866
5041.545,0.23856
5039.616,0.23843
5037.688,0.23830
5035.759,0.23819
5033.830,0.23810
5031.902,0.23801
5029.973,0.23791
5028.044,0.23778
5026.116,0.23764
5024.187,0.23750
5022.258,0.23738
5020.330,0.23726
5018.401,0.23716
5016.472,0.23705
5014.544,0.23693
5012.615,0.23681
5010.686,0.23670
5008.758,0.23660
5006.829,0.23650
5004.900,0.23638
5002.972,0.23627
5001.043,0.23619
4999.114,0.23609
4997.186,0.23597
4995.257,0.23585
4993.328,0.23577
4991.400,0.23569
4989.471,0.23556
4987.542,0.23542
4985.614,0.23532
4983.685,0.23523
4981.756,0.23511
4979.828,0.23499
4977.899,0.23485
4975.970,0.23472
4974.042,0.23462
4972.113,0.23450
4970.184,0.23438
4968.256,0.23429
4966.327,0.23420
4964.398,0.23409
4962.470,0.23395
4960.541,0.23383
4958.612,0.23372
4956.684,0.23360
4954.755,0.23346
4952.826,0.23338
4950.898,0.23331
4948.969,0.23319
4947.040,0.23303
4945.112,0.23292
4943.183,0.23285
4941.254,0.23275
4939.326,0.23260
4937.397,0.23247
4935.468,0.23237
4933.540,0.23231
4931.611,0.23223
4929.682,0.23213
4927.754,0.23200
4925.825,0.23186
4923.896,0.23174
4921.968,0.23164
4920.039,0.23152
4918.110,0.23139
4916.181,0.23128
4914.253,0.23118
4912.324,0.23107
4910.395,0.23093
4908.467,0.23080
4906.538,0.23069
4904.609,0.23058
4902.681,0.23047
4900.752,0.23037
4898.823,0.23025
4896.895,0.23012
4894.966,0.23002
4893.037,0.22993
4891.109,0.22983
4889.180,0.22970
4887.251,0.22957
4885.323,0.22946
4883.394,0.22935
4881.465,0.22924
4879.537,0.22913
4877.608,0.22900
4875.679,0.22887
4873.751,0.22874
4871.822,0.22861
4869.893,0.22849
4867.965,0.22841
4866.036,0.22834
4864.107,0.22824
4862.179,0.22813
4860.250,0.22804
4858.321,0.22794
4856.393,0.22780
4854.464,0.22767
4852.535,0.22756
4850.607,0.22743
4848.678,0.22729
4846.749,0.22716
4844.821,0.22706
4842.892,0.22698
4840.963,0.22685
4839.035,0.22670
4837.106,0.22657
4835.177,0.22649
4833.249,0.22641
4831.320,0.22630
4829.391,0.22617
4827.463,0.22605
4825.534,0.22593
4823.605,0.22581
4821.677,0.22569
4819.748,0.22559
4817.819,0.22549
4815.891,0.22538
4813.962,0.22525
4812.033,0.22512
4810.105,0.22502
4808.176,0.22491
4806.247,0.22478
4804.319,0.22462
4802.390,0.22446
4800.461,0.22432
4798.533,0.22420
4796.604,0.22412
4794.675,0.22404
4792.747,0.22396
4790.818,0.22385
4788.889,0.22372
4786.961,0.22358
4785.032,0.22346
4783.103,0.22334
4781.175,0.22325
4779.246,0.22315
4777.317,0.22305
4775.389,0.22296
4773.460,0.22286
4771.531,0.22276
4769.603,0.22266
4767.674,0.22253
4765.745,0.22238
4763.817,0.22227
4761.888,0.22220
4759.959,0.22215
4758.031,0.22208
4756.102,0.22198
4754.173,0.22188
4752.244,0.22178
4750.316,0.22168
4748.387,0.22155
4746.458,0.22141
4744.530,0.22130
4742.601,0.22120
4740.672,0.22107
4738.744,0.22094
4736.815,0.22079
4734.886,0.22062
4732.958,0.22046
4731.029,0.22035
4729.100,0.22029
4727.172,0.22022
4725.243,0.22012
4723.314,0.22001
4721.386,0.21990
4719.457,0.21982
4717.528,0.21972
4715.600,0.21959
4713.671,0.21945
4711.742,0.21936
4709.814,0.21931
4707.885,0.21922
4705.956,0.21907
4704.028,0.21894
4702.099,0.21885
4700.170,0.21880
4698.242,0.21872
4696.313,0.21861
4694.384,0.21849
4692.456,0.21839
4690.527,0.21832
4688.598,0.21822
4686.670,0.21812
4684.741,0.21802
4682.812,0.21792
4680.884,0.21781
4678.955,0.21769
4677.026,0.21758
4675.098,0.21746
4673.169,0.21734
4671.240,0.21723
4669.312,0.21713
4667.383,0.21705
4665.454,0.21695
4663.526,0.21681
4661.597,0.21665
4659.668,0.21651
4657.740,0.21640
4655.811,0.21630
4653.882,0.21620
4651.954,0.21611
4650.025,0.21601
4648.096,0.21588
4646.168,0.21577
4644.239,0.21566
4642.310,0.21556
4640.382,0.21545
4638.453,0.21533
4636.524,0.21521
4634.596,0.21509
4632.667,0.21499
4630.738,0.21487
4628.810,0.21475
4626.881,0.21464
4624.952,0.21455
4623.024,0.21446
4621.095,0.21435
4619.166,0.21423
4617.238,0.21411
4615.309,0.21401
4613.380,0.21389
4611.452,0.21381
4609.523,0.21376
4607.594,0.21368
4605.666,0.21355
4603.737,0.21341
4601.808,0.21331
4599.880,0.21324
4597.951,0.21314
4596.022,0.21300
4594.093,0.21283
4592.165,0.21268
4590.236,0.21256
4588.307,0.21244
4586.379,0.21232
4584.450,0.21221
4582.521,0.21210
4580.593,0.21202
4578.664,0.21194
4576.735,0.21186
4574.807,0.21179
4572.878,0.21172
4570.949,0.21162
4569.021,0.21149
4567.092,0.21137
4565.163,0.21127
4563.235,0.21115
4561.306,0.21101
4559.377,0.21088
4557.449,0.21080
4555.520,0.21073
4553.591,0.21064
4551.663,0.21056
4549.734,0.21047
4547.805,0.21035
4545.877,0.21022
4543.948,0.21010
4542.019,0.21000
4540.091,0.20991
4538.162,0.20985
4536.233,0.20982
4534.305,0.20978
4532.376,0.20971
4530.447,0.20963
4528.519,0.20954
4526.590,0.20940
4524.661,0.20926
4522.733,0.20916
4520.804,0.20909
4518.875,0.20903
4516.947,0.20897
4515.018,0.20890
4513.089,0.20880
4511.161,0.20868
4509.232,0.20858
4507.303,0.20852
4505.375,0.20852
4503.446,0.20857
4501.517,0.20865
4499.589,0.20877
4497.660,0.20896
4495.731,0.20925
4493.803,0.20956
4491.874,0.20974
4489.945,0.20969
4488.017,0.20947
4486.088,0.20922
4484.159,0.20904
4482.231,0.20889
4480.302,0.20866
4478.373,0.20829
4476.445,0.20787
4474.516,0.20755
4472.587,0.20736
4470.659,0.20723
4468.730,0.20714
4466.801,0.20711
4464.873,0.20716
4462.944,0.20724
4461.015,0.20730
4459.087,0.20732
4457.158,0.20727
4455.229,0.20715
4453.301,0.20698
4451.372,0.20681
4449.443,0.20665
4447.515,0.20647
4445.586,0.20625
4443.657,0.20600
4441.729,0.20575
4439.800,0.20556
4437.871,0.20543
4435.943,0.20533
4434.014,0.20524
4432.085,0.20521
4430.156,0.20524
4428.228,0.20532
4426.299,0.20542
4424.370,0.20553
4422.442,0.20567
4420.513,0.20584
4418.584,0.20605
4416.656,0.20626
4414.727,0.20640
4412.798,0.20638
4410.870,0.20626
4408.941,0.20616
4407.012,0.20611
4405.084,0.20610
4403.155,0.20607
4401.226,0.20601
4399.298,0.20587
4397.369,0.20563
4395.440,0.20534
4393.512,0.20506
4391.583,0.20485
4389.654,0.20471
4387.726,0.20461
4385.797,0.20455
4383.868,0.20455
4381.940,0.20457
4380.011,0.20453
4378.082,0.20438
4376.154,0.20409
4374.225,0.20374
4372.296,0.20338
4370.368,0.20301
4368.439,0.20264
4366.510,0.20232
4364.582,0.20207
4362.653,0.20188
4360.724,0.20171
4358.796,0.20156
4356.867,0.20146
4354.938,0.20142
4353.010,0.20141
4351.081,0.20148
4349.152,0.20163
4347.224,0.20184
4345.295,0.20201
4343.366,0.20213
4341.438,0.20223
4339.509,0.20231
4337.580,0.20233
4335.652,0.20227
4333.723,0.20211
4331.794,0.20190
4329.866,0.20168
4327.937,0.20147
4326.008,0.20137
4324.080,0.20147
4322.151,0.20178
4320.222,0.20212
4318.294,0.20223
4316.365,0.20206
4314.436,0.20183
4312.508,0.20171
4310.579,0.20162
4308.650,0.20139
4306.722,0.20101
4304.793,0.20058
4302.864,0.20022
4300.936,0.19996
4299.007,0.19981
4297.078,0.19977
4295.150,0.19975
4293.221,0.19974
4291.292,0.19976
4289.364,0.19977
4287.435,0.19969
4285.506,0.19950
4283.578,0.19927
4281.649,0.19904
4279.720,0.19880
4277.792,0.19849
4275.863,0.19815
4273.934,0.19781
4272.005,0.19752
4270.077,0.19723
4268.148,0.19696
4266.219,0.19668
4264.291,0.19643
4262.362,0.19624
4260.433,0.19603
4258.505,0.19582
4256.576,0.19565
4254.647,0.19553
4252.719,0.19540
4250.790,0.19522
4248.861,0.19503
4246.933,0.19485
4245.004,0.19468
4243.075,0.19451
4241.147,0.19434
4239.218,0.19421
4237.289,0.19410
4235.361,0.19398
4233.432,0.19386
4231.503,0.19375
4229.575,0.19365
4227.646,0.19358
4225.717,0.19354
4223.789,0.19349
4221.860,0.19343
4219.931,0.19337
4218.003,0.19335
4216.074,0.19331
4214.145,0.19323
4212.217,0.19314
4210.288,0.19305
4208.359,0.19297
4206.431,0.19291
4204.502,0.19286
4202.573,0.19279
4200.645,0.19268
4198.716,0.19256
4196.787,0.19244
4194.859,0.19231
4192.930,0.19214
4191.001,0.19193
4189.073,0.19172
4187.144,0.19154
4185.215,0.19136
4183.287,0.19118
4181.358,0.19105
4179.429,0.19093
4177.501,0.19079
4175.572,0.19064
4173.643,0.19049
4171.715,0.19036
4169.786,0.19022
4167.857,0.19007
4165.929,0.18992
4164.000,0.18980
4162.071,0.18970
4160.143,0.18956
4158.214,0.18941
4156.285,0.18927
4154.357,0.18916
4152.428,0.18903
4150.499,0.18890
4148.571,0.18881
4146.642,0.18872
4144.713,0.18860
4142.785,0.18847
4140.856,0.18836
4138.927,0.18826
4136.999,0.18816
4135.070,0.18806
4133.141,0.18796
4131.213,0.18788
4129.284,0.18780
4127.355,0.18770
4125.427,0.18755
4123.498,0.18741
4121.569,0.18733
4119.641,0.18730
4117.712,0.18728
4115.783,0.18726
4113.855,0.18724
4111.926,0.18725
4109.997,0.18727
4108.068,0.18728
4106.140,0.18726
4104.211,0.18721
4102.282,0.18712
4100.354,0.18703
4098.425,0.18696
4096.496,0.18690
4094.568,0.18684
4092.639,0.18673
4090.710,0.18657
4088.782,0.18641
4086.853,0.18624
4084.924,0.18605
4082.996,0.18587
4081.067,0.18570
4079.138,0.18556
4077.210,0.18540
4075.281,0.18522
4073.352,0.18502
4071.424,0.18484
4069.495,0.18469
4067.566,0.18453
4065.638,0.18434
4063.709,0.18414
4061.780,0.18398
4059.852,0.18384
4057.923,0.18370
4055.994,0.18355
4054.066,0.18343
4052.137,0.18333
4050.208,0.18325
4048.280,0.18315
4046.351,0.18303
4044.422,0.18292
4042.494,0.18284
4040.565,0.18277
4038.636,0.18270
4036.708,0.18265
4034.779,0.18260
4032.850,0.18253
4030.922,0.18246
4028.993,0.18243
4027.064,0.18243
4025.136,0.18244
4023.207,0.18242
4021.278,0.18238
4019.350,0.18231
4017.421,0.18219
4015.492,0.18205
4013.564,0.18195
4011.635,0.18187
4009.706,0.18175
4007.778,0.18159
4005.849,0.18144
4003.920,0.18132
4001.992,0.18123
4000.063,0.18114
3998.134,0.18108
3996.206,0.18105
3994.277,0.18104
3992.348,0.18100
3990.420,0.18088
3988.491,0.18074
3986.562,0.18061
3984.634,0.18045
3982.705,0.18024
3980.776,0.18003
3978.848,0.17986
3976.919,0.17969
3974.990,0.17948
3973.062,0.17927
3971.133,0.17911
3969.204,0.17898
3967.276,0.17883
3965.347,0.17868
3963.418,0.17857
3961.490,0.17848
3959.561,0.17838
3957.632,0.17824
3955.704,0.17811
3953.775,0.17801
3951.846,0.17792
3949.917,0.17780
3947.989,0.17764
3946.060,0.17748
3944.131,0.17734
3942.203,0.17721
3940.274,0.17708
3938.345,0.17695
3936.417,0.17686
3934.488,0.17681
3932.559,0.17674
3930.631,0.17665
3928.702,0.17656
3926.773,0.17649
3924.845,0.17642
3922.916,0.17631
3920.987,0.17620
3919.059,0.17608
3917.130,0.17596
3915.201,0.17583
3913.273,0.17567
3911.344,0.17552
3909.415,0.17539
3907.487,0.17522
3905.558,0.17501
3903.629,0.17483
3901.701,0.17471
3899.772,0.17462
3897.843,0.17454
3895.915,0.17443
3893.986,0.17433
3892.057,0.17424
3890.129,0.17414
3888.200,0.17401
3886.271,0.17386
3884.343,0.17375
3882.414,0.17366
3880.485,0.17356
3878.557,0.17347
3876.628,0.17337
3874.699,0.17325
3872.771,0.17309
3870.842,0.17292
3868.913,0.17281
3866.985,0.17273
3865.056,0.17265
3863.127,0.17256
3861.199,0.17247
3859.270,0.17237
3857.341,0.17221
3855.413,0.17199
3853.484,0.17182
3851.555,0.17177
3849.627,0.17175
3847.698,0.17165
3845.769,0.17152
3843.841,0.17138
3841.912,0.17126
3839.983,0.17112
3838.055,0.17100
3836.126,0.17092
3834.197,0.17086
3832.269,0.17080
3830.340,0.17070
3828.411,0.17057
3826.483,0.17047
3824.554,0.17036
3822.625,0.17020
3820.697,0.17004
3818.768,0.16994
3816.839,0.16985
3814.911,0.16978
3812.982,0.16970
3811.053,0.16959
3809.125,0.16946
3807.196,0.16934
3805.267,0.16923
3803.339,0.16910
3801.410,0.16898
3799.481,0.16891
3797.553,0.16886
3795.624,0.16880
3793.695,0.16874
3791.767,0.16865
3789.838,0.16853
3787.909,0.16837
3785.980,0.16822
3784.052,0.16809
3782.123,0.16794
3780.194,0.16779
3778.266,0.16768
3776.337,0.16762
3774.408,0.16753
3772.480,0.16739
3770.551,0.16723
3768.622,0.16713
3766.694,0.16707
3764.765,0.16700
3762.836,0.16689
3760.908,0.16678
3758.979,0.16670
3757.050,0.16663
3755.122,0.16650
3753.193,0.16634
3751.264,0.16623
3749.336,0.16615
3747.407,0.16601
3745.478,0.16583
3743.550,0.16577
3741.621,0.16578
3739.692,0.16571
3737.764,0.16555
3735.835,0.16540
3733.906,0.16531
3731.978,0.16524
3730.049,0.16513
3728.120,0.16500
3726.192,0.16489
3724.263,0.16482
3722.334,0.16477
3720.406,0.16470
3718.477,0.16460
3716.548,0.16448
3714.620,0.16437
3712.691,0.16427
3710.762,0.16418
3708.834,0.16412
3706.905,0.16407
3704.976,0.16401
3703.048,0.16393
3701.119,0.16385
3699.190,0.16377
3697.262,0.16369
3695.333,0.16361
3693.404,0.16350
3691.476,0.16338
3689.547,0.16328
3687.618,0.16325
3685.690,0.16324
3683.761,0.16320
3681.832,0.16315
3679.904,0.16309
3677.975,0.16301
3676.046,0.16295
3674.118,0.16292
3672.189,0.16289
3670.260,0.16285
3668.332,0.16282
3666.403,0.16278
3664.474,0.16270
3662.546,0.16263
3660.617,0.16256
3658.688,0.16247
3656.760,0.16236
3654.831,0.16225
3652.902,0.16214
3650.974,0.16203
3649.045,0.16194
3647.116,0.16190
3645.188,0.16189
3643.259,0.16186
3641.330,0.16182
3639.402,0.16176
3637.473,0.16169
3635.544,0.16164
3633.616,0.16160
3631.687,0.16153
3629.758,0.16145
3627.830,0.16145
3625.901,0.16151
3623.972,0.16152
3622.043,0.16144
3620.115,0.16134
3618.186,0.16131
3616.257,0.16132
3614.329,0.16132
3612.400,0.16128
3610.471,0.16127
3608.543,0.16129
3606.614,0.16131
3604.685,0.16129
3602.757,0.16126
3600.828,0.16126
3598.899,0.16126
3596.971,0.16124
3595.042,0.16122
3593.113,0.16124
3591.185,0.16125
3589.256,0.16122
3587.327,0.16118
3585.399,0.16118
3583.470,0.16122
3581.541,0.16124
3579.613,0.16121
3577.684,0.16117
3575.755,0.16115
3573.827,0.16116
3571.898,0.16116
3569.969,0.16111
3568.041,0.16107
3566.112,0.16109
3564.183,0.16111
3562.255,0.16112
3560.326,0.16112
3558.397,0.16115
3556.469,0.16118
3554.540,0.16118
3552.611,0.16116
3550.683,0.16116
3548.754,0.16117
3546.825,0.16117
3544.897,0.16118
3542.968,0.16120
3541.039,0.16124
3539.111,0.16126
3537.182,0.16126
3535.253,0.16124
3533.325,0.16121
3531.396,0.16116
3529.467,0.16107
3527.539,0.16095
3525.610,0.16088
3523.681,0.16086
3521.753,0.16085
3519.824,0.16079
3517.895,0.16072
3515.967,0.16066
3514.038,0.16061
3512.109,0.16054
3510.181,0.16048
3508.252,0.16046
3506.323,0.16047
3504.395,0.16043
3502.466,0.16038
3500.537,0.16033
3498.609,0.16029
3496.680,0.16024
3494.751,0.16018
3492.823,0.16014
3490.894,0.16015
3488.965,0.16016
3487.037,0.16012
3485.108,0.16005
3483.179,0.16000
3481.251,0.15998
3479.322,0.15995
3477.393,0.15991
3475.465,0.15991
3473.536,0.15995
3471.607,0.15998
3469.679,0.15998
3467.750,0.15999
3465.821,0.16005
3463.892,0.16011
3461.964,0.16009
3460.035,0.15999
3458.106,0.15994
3456.178,0.15994
3454.249,0.15991
3452.320,0.15981
3450.392,0.15972
3448.463,0.15970
3446.534,0.15968
3444.606,0.15958
3442.677,0.15945
3440.748,0.15937
3438.820,0.15933
3436.891,0.15924
3434.962,0.15909
3433.034,0.15895
3431.105,0.15887
3429.176,0.15881
3427.248,0.15872
3425.319,0.15861
3423.390,0.15857
3421.462,0.15859
3419.533,0.15856
3417.604,0.15843
3415.676,0.15829
3413.747,0.15821
3411.818,0.15810
3409.890,0.15789
3407.961,0.15765
3406.032,0.15745
3404.104,0.15727
3402.175,0.15706
3400.246,0.15680
3398.318,0.15658
3396.389,0.15643
3394.460,0.15628
3392.532,0.15606
3390.603,0.15585
3388.674,0.15571
3386.746,0.15560
3384.817,0.15544
3382.888,0.15526
3380.960,0.15511
3379.031,0.15503
3377.102,0.15492
3375.174,0.15471
3373.245,0.15449
3371.316,0.15433
3369.388,0.15420
3367.459,0.15404
3365.530,0.15382
3363.602,0.15363
3361.673,0.15348
3359.744,0.15333
3357.816,0.15316
3355.887,0.15300
3353.958,0.15289
3352.030,0.15277
3350.101,0.15259
3348.172,0.15238
3346.244,0.15219
3344.315,0.15203
3342.386,0.15184
3340.458,0.15160
3338.529,0.15138
3336.600,0.15123
3334.672,0.15111
3332.743,0.15096
3330.814,0.15079
3328.886,0.15068
3326.957,0.15061
3325.028,0.15049
3323.100,0.15035
3321.171,0.15024
3319.242,0.15017
3317.314,0.15004
3315.385,0.14985
3313.456,0.14966
3311.528,0.14952
3309.599,0.14940
3307.670,0.14922
3305.742,0.14904
3303.813,0.14893
3301.884,0.14885
3299.955,0.14872
3298.027,0.14857
3296.098,0.14846
3294.169,0.14838
3292.241,0.14829
3290.312,0.14813
3288.383,0.14795
3286.455,0.14782
3284.526,0.14773
3282.597,0.14760
3280.669,0.14745
3278.740,0.14734
3276.811,0.14726
3274.883,0.14716
3272.954,0.14700
3271.025,0.14684
3269.097,0.14675
3267.168,0.14666
3265.239,0.14652
3263.311,0.14634
3261.382,0.14621
3259.453,0.14612
3257.525,0.14600
3255.596,0.14582
3253.667,0.14568
3251.739,0.14561
3249.810,0.14551
3247.881,0.14532
3245.953,0.14511
3244.024,0.14496
3242.095,0.14485
3240.167,0.14470
3238.238,0.14449
3236.309,0.14432
3234.381,0.14421
3232.452,0.14411
3230.523,0.14393
3228.595,0.14373
3226.666,0.14359
3224.737,0.14348
3222.809,0.14333
3220.880,0.14314
3218.951,0.14297
3217.023,0.14285
3215.094,0.14273
3213.165,0.14252
3211.237,0.14229
3209.308,0.14213
3207.379,0.14197
3205.451,0.14177
3203.522,0.14155
3201.593,0.14138
3199.665,0.14128
3197.736,0.14118
3195.807,0.14106
3193.879,0.14098
3191.950,0.14099
3190.021,0.14101
3188.093,0.14100
3186.164,0.14099
3184.235,0.14103
3182.307,0.14109
3180.378,0.14111
3178.449,0.14105
3176.521,0.14100
3174.592,0.14100
3172.663,0.14100
3170.735,0.14096
3168.806,0.14094
3166.877,0.14097
3164.949,0.14101
3163.020,0.14100
3161.091,0.14096
3159.163,0.14095
3157.234,0.14096
3155.305,0.14092
3153.377,0.14083
3151.448,0.14074
3149.519,0.14071
3147.591,0.14073
3145.662,0.14076
3143.733,0.14086
3141.804,0.14107
3139.876,0.14133
3137.947,0.14151
3136.018,0.14163
3134.090,0.14173
3132.161,0.14178
3130.232,0.14173
3128.304,0.14161
3126.375,0.14151
3124.446,0.14150
3122.518,0.14155
3120.589,0.14165
3118.660,0.14180
3116.732,0.14208
3114.803,0.14244
3112.874,0.14283
3110.946,0.14321
3109.017,0.14359
3107.088,0.14398
3105.160,0.14429
3103.231,0.14455
3101.302,0.14486
3099.374,0.14530
3097.445,0.14584
3095.516,0.14645
3093.588,0.14722
3091.659,0.14835
3089.730,0.15006
3087.802,0.15265
3085.873,0.15687
3083.944,0.16418
3082.016,0.17752
3080.087,0.20162
3078.158,0.23731
3076.230,0.26885
3074.301,0.27149
3072.372,0.24871
3070.444,0.23147
3068.515,0.23695
3066.586,0.25025
3064.658,0.24366
3062.729,0.21608
3060.800,0.18826
3058.872,0.17045
3056.943,0.16046
3055.014,0.15426
3053.086,0.14982
3051.157,0.14661
3049.228,0.14443
3047.300,0.14297
3045.371,0.14192
3043.442,0.14107
3041.514,0.14030
3039.585,0.13961
3037.656,0.13906
3035.728,0.13862
3033.799,0.13829
3031.870,0.13806
3029.942,0.13794
3028.013,0.13793
3026.084,0.13804
3024.156,0.13826
3022.227,0.13858
3020.298,0.13903
3018.370,0.13966
3016.441,0.14054
3014.512,0.14177
3012.584,0.14352
3010.655,0.14602
3008.726,0.14974
3006.798,0.15518
3004.869,0.16195
3002.940,0.16770
3001.012,0.16934
2999.083,0.16629
2997.154,0.16100
2995.226,0.15613
2993.297,0.15271
2991.368,0.15057
2989.440,0.14927
2987.511,0.14850
2985.582,0.14814
2983.654,0.14817
2981.725,0.14856
2979.796,0.14923
2977.867,0.15015
2975.939,0.15135
2974.010,0.15287
2972.081,0.15469
2970.153,0.15674
2968.224,0.15896
2966.295,0.16122
2964.367,0.16329
2962.438,0.16491
2960.509,0.16597
2958.581,0.16652
2956.652,0.16671
2954.723,0.16678
2952.795,0.16701
2950.866,0.16750
2948.937,0.16789
2947.009,0.16765
2945.080,0.16686
2943.151,0.16619
2941.223,0.16623
2939.294,0.16702
2937.365,0.16825
2935.437,0.16957
2933.508,0.17075
2931.579,0.17161
2929.651,0.17196
2927.722,0.17170
2925.793,0.17087
2923.865,0.16967
2921.936,0.16822
2920.007,0.16649
2918.079,0.16448
2916.150,0.16230
2914.221,0.16015
2912.293,0.15820
2910.364,0.15650
2908.435,0.15504
2906.507,0.15381
2904.578,0.15272
2902.649,0.15165
2900.721,0.15058
2898.792,0.14955
2896.863,0.14857
2894.935,0.14756
2893.006,0.14650
2891.077,0.14549
2889.149,0.14464
2887.220,0.14401
2885.291,0.14361
2883.363,0.14350
2881.434,0.14368
2879.505,0.14405
2877.577,0.14443
2875.648,0.14466
2873.719,0.14467
2871.791,0.14449
2869.862,0.14428
2867.933,0.14431
2866.005,0.14480
2864.076,0.14569
2862.147,0.14662
2860.219,0.14715
2858.290,0.14708
2856.361,0.14646
2854.433,0.14538
2852.504,0.14391
2850.575,0.14210
2848.647,0.14003
2846.718,0.13801
2844.789,0.13640
2842.861,0.13537
2840.932,0.13487
2839.003,0.13467
2837.075,0.13446
2835.146,0.13399
2833.217,0.13324
2831.289,0.13234
2829.360,0.13132
2827.431,0.13017
2825.503,0.12892
2823.574,0.12781
2821.645,0.12702
2819.716,0.12653
2817.788,0.12622
2815.859,0.12605
2813.930,0.12609
2812.002,0.12623
2810.073,0.12634
2808.144,0.12635
2806.216,0.12631
2804.287,0.12620
2802.358,0.12589
2800.430,0.12524
2798.501,0.12436
2796.572,0.12342
2794.644,0.12249
2792.715,0.12157
2790.786,0.12074
2788.858,0.12013
2786.929,0.11971
2785.000,0.11937
2783.072,0.11901
2781.143,0.11871
2779.214,0.11854
2777.286,0.11846
2775.357,0.11837
2773.428,0.11828
2771.500,0.11829
2769.571,0.11835
2767.642,0.11836
2765.714,0.11831
2763.785,0.11834
2761.856,0.11854
2759.928,0.11885
2757.999,0.11918
2756.070,0.11954
2754.142,0.11996
2752.213,0.12044
2750.284,0.12089
2748.356,0.12116
2746.427,0.12114
2744.498,0.12080
2742.570,0.12017
2740.641,0.11937
2738.712,0.11860
2736.784,0.11800
2734.855,0.11752
2732.926,0.11705
2730.998,0.11661
2729.069,0.11626
2727.140,0.11598
2725.212,0.11565
2723.283,0.11529
2721.354,0.11501
2719.426,0.11485
2717.497,0.11472
2715.568,0.11452
2713.640,0.11434
2711.711,0.11426
2709.782,0.11426
2707.854,0.11424
2705.925,0.11419
2703.996,0.11417
2702.068,0.11418
2700.139,0.11412
2698.210,0.11397
2696.282,0.11385
2694.353,0.11384
2692.424,0.11390
2690.496,0.11391
2688.567,0.11390
2686.638,0.11392
2684.710,0.11395
2682.781,0.11390
2680.852,0.11377
2678.924,0.11370
2676.995,0.11375
2675.066,0.11379
2673.138,0.11371
2671.209,0.11356
2669.280,0.11342
2667.352,0.11325
2665.423,0.11296
2663.494,0.11260
2661.566,0.11229
2659.637,0.11207
2657.708,0.11185
2655.779,0.11157
2653.851,0.11130
2651.922,0.11113
2649.993,0.11099
2648.065,0.11085
2646.136,0.11071
2644.207,0.11063
2642.279,0.11060
2640.350,0.11053
2638.421,0.11043
2636.493,0.11036
2634.564,0.11036
2632.635,0.11040
2630.707,0.11042
2628.778,0.11048
2626.849,0.11063
2624.921,0.11082
2622.992,0.11095
2621.063,0.11100
2619.135,0.11104
2617.206,0.11110
2615.277,0.11112
2613.349,0.11106
2611.420,0.11099
2609.491,0.11099
2607.563,0.11106
2605.634,0.11109
2603.705,0.11106
2601.777,0.11100
2599.848,0.11092
2597.919,0.11078
2595.991,0.11060
2594.062,0.11047
2592.133,0.11045
2590.205,0.11047
2588.276,0.11048
2586.347,0.11048
2584.419,0.11049
2582.490,0.11045
2580.561,0.11031
2578.633,0.11005
2576.704,0.10972
2574.775,0.10938
2572.847,0.10908
2570.918,0.10878
2568.989,0.10846
2567.061,0.10816
2565.132,0.10790
2563.203,0.10765
2561.275,0.10735
2559.346,0.10704
2557.417,0.10680
2555.489,0.10666
2553.560,0.10657
2551.631,0.10654
2549.703,0.10661
2547.774,0.10678
2545.845,0.10696
2543.917,0.10705
2541.988,0.10701
2540.059,0.10691
2538.131,0.10679
2536.202,0.10659
2534.273,0.10632
2532.345,0.10603
2530.416,0.10580
2528.487,0.10560
2526.559,0.10540
2524.630,0.10520
2522.701,0.10506
2520.773,0.10501
2518.844,0.10497
2516.915,0.10492
2514.987,0.10495
2513.058,0.10511
2511.129,0.10532
2509.201,0.10549
2507.272,0.10561
2505.343,0.10580
2503.415,0.10602
2501.486,0.10614
2499.557,0.10610
2497.628,0.10604
2495.700,0.10605
2493.771,0.10611
2491.842,0.10611
2489.914,0.10611
2487.985,0.10625
2486.056,0.10648
2484.128,0.10664
2482.199,0.10666
2480.270,0.10664
2478.342,0.10667
2476.413,0.10670
2474.484,0.10665
2472.556,0.10659
2470.627,0.10661
2468.698,0.10664
2466.770,0.10652
2464.841,0.10624
2462.912,0.10597
2460.984,0.10583
2459.055,0.10574
2457.126,0.10558
2455.198,0.10543
2453.269,0.10537
2451.340,0.10532
2449.412,0.10511
2447.483,0.10476
2445.554,0.10446
2443.626,0.10428
2441.697,0.10407
2439.768,0.10375
2437.840,0.10347
2435.911,0.10341
2433.982,0.10351
2432.054,0.10359
2430.125,0.10362
2428.196,0.10376
2426.268,0.10399
2424.339,0.10414
2422.410,0.10408
2420.482,0.10391
2418.553,0.10374
2416.624,0.10354
2414.696,0.10323
2412.767,0.10295
2410.838,0.10288
2408.910,0.10293
2406.981,0.10290
2405.052,0.10273
2403.124,0.10255
2401.195,0.10247
2399.266,0.10239
2397.338,0.10226
2395.409,0.10218
2393.480,0.10229
2391.552,0.10252
2389.623,0.10271
2387.694,0.10290
2385.766,0.10322
2383.837,0.10363
2381.908,0.10396
2379.980,0.10411
2378.051,0.10417
2376.122,0.10418
2374.194,0.10402
2372.265,0.10367
2370.336,0.10328
2368.408,0.10304
2366.479,0.10293
2364.550,0.10279
2362.622,0.10263
2360.693,0.10258
2358.764,0.10265
2356.836,0.10269
2354.907,0.10264
2352.978,0.10260
2351.050,0.10263
2349.121,0.10262
2347.192,0.10244
2345.264,0.10215
2343.335,0.10186
2341.406,0.10152
2339.478,0.10101
2337.549,0.10039
2335.620,0.09986
2333.691,0.09951
2331.763,0.09922
2329.834,0.09889
2327.905,0.09865
2325.977,0.09859
2324.048,0.09860
2322.119,0.09851
2320.191,0.09839
2318.262,0.09843
2316.333,0.09861
2314.405,0.09874
2312.476,0.09880
2310.547,0.09898
2308.619,0.09936
2306.690,0.09975
2304.761,0.09996
2302.833,0.10011
2300.904,0.10034
2298.975,0.10053
2297.047,0.10042
2295.118,0.10005
2293.189,0.09971
2291.261,0.09949
2289.332,0.09922
2287.403,0.09881
2285.475,0.09848
2283.546,0.09841
2281.617,0.09841
2279.689,0.09823
2277.760,0.09796
2275.831,0.09785
2273.903,0.09792
2271.974,0.09791
2270.045,0.09773
2268.117,0.09760
2266.188,0.09764
2264.259,0.09764
2262.331,0.09740
2260.402,0.09710
2258.473,0.09700
2256.545,0.09703
2254.616,0.09690
2252.687,0.09661
2250.759,0.09642
2248.830,0.09640
2246.901,0.09631
2244.973,0.09600
2243.044,0.09566
2241.115,0.09554
2239.187,0.09553
2237.258,0.09536
2235.329,0.09509
2233.401,0.09494
2231.472,0.09494
2229.543,0.09485
2227.615,0.09459
2225.686,0.09437
2223.757,0.09436
2221.829,0.09441
2219.900,0.09428
2217.971,0.09408
2216.043,0.09405
2214.114,0.09416
2212.185,0.09415
2210.257,0.09399
2208.328,0.09391
2206.399,0.09404
2204.471,0.09421
2202.542,0.09429
2200.613,0.09439
2198.685,0.09464
2196.756,0.09490
2194.827,0.09498
2192.899,0.09489
2190.970,0.09483
2189.041,0.09483
2187.113,0.09474
2185.184,0.09450
2183.255,0.09431
2181.327,0.09428
2179.398,0.09428
2177.469,0.09417
2175.540,0.09407
2173.612,0.09409
2171.683,0.09417
2169.754,0.09417
2167.826,0.09412
2165.897,0.09414
2163.968,0.09423
2162.040,0.09423
2160.111,0.09408
2158.182,0.09390
2156.254,0.09381
2154.325,0.09370
2152.396,0.09348
2150.468,0.09324
2148.539,0.09316
2146.610,0.09316
2144.682,0.09307
2142.753,0.09288
2140.824,0.09279
2138.896,0.09283
2136.967,0.09285
2135.038,0.09276
2133.110,0.09269
2131.181,0.09278
2129.252,0.09291
2127.324,0.09286
2125.395,0.09264
2123.466,0.09250
2121.538,0.09248
2119.609,0.09239
2117.680,0.09219
2115.752,0.09206
2113.823,0.09213
2111.894,0.09220
2109.966,0.09209
2108.037,0.09189
2106.108,0.09185
2104.180,0.09196
2102.251,0.09196
2100.322,0.09179
2098.394,0.09163
2096.465,0.09159
2094.536,0.09153
2092.608,0.09129
2090.679,0.09097
2088.750,0.09075
2086.822,0.09063
2084.893,0.09046
2082.964,0.09021
2081.036,0.09010
2079.107,0.09025
2077.178,0.09051
2075.250,0.09073
2073.321,0.09097
2071.392,0.09131
2069.464,0.09170
2067.535,0.09195
2065.606,0.09198
2063.678,0.09192
2061.749,0.09186
2059.820,0.09175
2057.892,0.09153
2055.963,0.09127
2054.034,0.09108
2052.106,0.09096
2050.177,0.09080
2048.248,0.09058
2046.320,0.09040
2044.391,0.09033
2042.462,0.09032
2040.534,0.09030
2038.605,0.09032
2036.676,0.09043
2034.748,0.09062
2032.819,0.09080
2030.890,0.09095
2028.962,0.09109
2027.033,0.09123
2025.104,0.09129
2023.176,0.09124
2021.247,0.09110
2019.318,0.09096
2017.390,0.09087
2015.461,0.09084
2013.532,0.09085
2011.603,0.09088
2009.675,0.09096
2007.746,0.09110
2005.817,0.09121
2003.889,0.09124
2001.960,0.09118
2000.031,0.09110
1998.103,0.09106
1996.174,0.09102
1994.245,0.09096
1992.317,0.09094
1990.388,0.09101
1988.459,0.09117
1986.531,0.09135
1984.602,0.09151
1982.673,0.09167
1980.745,0.09183
1978.816,0.09196
1976.887,0.09201
1974.959,0.09203
1973.030,0.09208
1971.101,0.09217
1969.173,0.09222
1967.244,0.09221
1965.315,0.09221
1963.387,0.09228
1961.458,0.09238
1959.529,0.09241
1957.601,0.09238
1955.672,0.09235
1953.743,0.09234
1951.815,0.09236
1949.886,0.09237
1947.957,0.09239
1946.029,0.09244
1944.100,0.09248
1942.171,0.09249
1940.243,0.09246
1938.314,0.09241
1936.385,0.09235
1934.457,0.09228
1932.528,0.09220
1930.599,0.09216
1928.671,0.09218
1926.742,0.09225
1924.813,0.09233
1922.885,0.09243
1920.956,0.09253
1919.027,0.09263
1917.099,0.09272
1915.170,0.09275
1913.241,0.09272
1911.313,0.09265
1909.384,0.09259
1907.455,0.09253
1905.527,0.09246
1903.598,0.09237
1901.669,0.09229
1899.741,0.09223
1897.812,0.09219
1895.883,0.09218
1893.955,0.09222
1892.026,0.09233
1890.097,0.09252
1888.169,0.09275
1886.240,0.09295
1884.311,0.09313
1882.383,0.09334
1880.454,0.09358
1878.525,0.09378
1876.597,0.09392
1874.668,0.09401
1872.739,0.09408
1870.811,0.09411
1868.882,0.09411
1866.953,0.09415
1865.025,0.09422
1863.096,0.09430
1861.167,0.09430
1859.239,0.09423
1857.310,0.09415
1855.381,0.09410
1853.452,0.09405
1851.524,0.09400
1849.595,0.09403
1847.666,0.09421
1845.738,0.09447
1843.809,0.09471
1841.880,0.09496
1839.952,0.09523
1838.023,0.09550
1836.094,0.09571
1834.166,0.09584
1832.237,0.09598
1830.308,0.09620
1828.380,0.09647
1826.451,0.09670
1824.522,0.09694
1822.594,0.09729
1820.665,0.09769
1818.736,0.09806
1816.808,0.09839
1814.879,0.09881
1812.950,0.09932
1811.022,0.09982
1809.093,0.10021
1807.164,0.10054
1805.236,0.10087
1803.307,0.10117
1801.378,0.10136
1799.450,0.10150
1797.521,0.10169
1795.592,0.10196
1793.664,0.10223
1791.735,0.10250
1789.806,0.10284
1787.878,0.10330
1785.949,0.10384
1784.020,0.10439
1782.092,0.10498
1780.163,0.10572
1778.234,0.10660
1776.306,0.10743
1774.377,0.10808
1772.448,0.10862
1770.520,0.10913
1768.591,0.10955
1766.662,0.10980
1764.734,0.11002
1762.805,0.11043
1760.876,0.11114
1758.948,0.11204
1757.019,0.11312
1755.090,0.11457
1753.162,0.11664
1751.233,0.11952
1749.304,0.12341
1747.376,0.12850
1745.447,0.13466
1743.518,0.14104
1741.590,0.14624
1739.661,0.14896
1737.732,0.14877
1735.804,0.14623
1733.875,0.14237
1731.946,0.13820
1730.018,0.13447
1728.089,0.13163
1726.160,0.12979
1724.232,0.12869
1722.303,0.12807
1720.374,0.12786
1718.446,0.12807
1716.517,0.12859
1714.588,0.12921
1712.660,0.12984
1710.731,0.13050
1708.802,0.13121
1706.874,0.13185
1704.945,0.13233
1703.016,0.13276
1701.088,0.13329
1699.159,0.13392
1697.230,0.13450
1695.302,0.13507
1693.373,0.13582
1691.444,0.13674
1689.515,0.13760
1687.587,0.13829
1685.658,0.13899
1683.729,0.13992
1681.801,0.14104
1679.872,0.14213
1677.943,0.14316
1676.015,0.14432
1674.086,0.14568
1672.157,0.14708
1670.229,0.14846
1668.300,0.14997
1666.371,0.15174
1664.443,0.15366
1662.514,0.15560
1660.585,0.15759
1658.657,0.15975
1656.728,0.16209
1654.799,0.16453
1652.871,0.16710
1650.942,0.16987
1649.013,0.17276
1647.085,0.17557
1645.156,0.17820
1643.227,0.18069
1641.299,0.18317
1639.370,0.18575
1637.441,0.18851
1635.513,0.19164
1633.584,0.19532
1631.655,0.19954
1629.727,0.20415
1627.798,0.20912
1625.869,0.21450
1623.941,0.22037
1622.012,0.22679
1620.083,0.23383
1618.155,0.24166
1616.226,0.25051
1614.297,0.26050
1612.369,0.27188
1610.440,0.28547
1608.511,0.30267
1606.583,0.32522
1604.654,0.35451
1602.725,0.38988
1600.797,0.42620
1598.868,0.45478
1596.939,0.47131
1595.011,0.48014
1593.082,0.48298
1591.153,0.47039
1589.225,0.43718
1587.296,0.39599
1585.367,0.36374
1583.439,0.34851
1581.510,0.35110
1579.581,0.36837
1577.653,0.39307
1575.724,0.41411
1573.795,0.42105
1571.867,0.40958
1569.938,0.38209
1568.009,0.34494
1566.081,0.30547
1564.152,0.26893
1562.223,0.23745
1560.295,0.21118
1558.366,0.19017
1556.437,0.17489
1554.509,0.16569
1552.580,0.16241
1550.651,0.16481
1548.723,0.17354
1546.794,0.19024
1544.865,0.21632
1542.937,0.25001
1541.008,0.28312
1539.079,0.30638
1537.151,0.32097
1535.222,0.33416
1533.293,0.34317
1531.364,0.33709
1529.436,0.31382
1527.507,0.28285
1525.578,0.25348
1523.650,0.22937
1521.721,0.21061
1519.792,0.19609
1517.864,0.18447
1515.935,0.17478
1514.006,0.16675
1512.078,0.16023
1510.149,0.15481
1508.220,0.14995
1506.292,0.14544
1504.363,0.14132
1502.434,0.13756
1500.506,0.13416
1498.577,0.13146
1496.648,0.12969
1494.720,0.12853
1492.791,0.12737
1490.862,0.12604
1488.934,0.12490
1487.005,0.12432
1485.076,0.12442
1483.148,0.12530
1481.219,0.12726
1479.290,0.13038
1477.362,0.13438
1475.433,0.13909
1473.504,0.14501
1471.576,0.15310
1469.647,0.16434
1467.718,0.18014
1465.790,0.20341
1463.861,0.23666
1461.932,0.27398
1460.004,0.29592
1458.075,0.28514
1456.146,0.24850
1454.218,0.20757
1452.289,0.17640
1450.360,0.15778
1448.432,0.14971
1446.503,0.14995
1444.574,0.15703
1442.646,0.17030
1440.717,0.18977
1438.788,0.21450
1436.860,0.23932
1434.931,0.25470
1433.002,0.25510
1431.074,0.24613
1429.145,0.23879
1427.216,0.23994
1425.288,0.24778
1423.359,0.25043
1421.430,0.23564
1419.502,0.20703
1417.573,0.17943
1415.644,0.16170
1413.716,0.15388
1411.787,0.15300
1409.858,0.15635
1407.930,0.16246
1406.001,0.17114
1404.072,0.18288
1402.144,0.19844
1400.215,0.21902
1398.286,0.24561
1396.358,0.27669
1394.429,0.30720
1392.500,0.33137
1390.572,0.34457
1388.643,0.34224
1386.714,0.32285
1384.786,0.29160
1382.857,0.25734
1380.928,0.22811
1379.000,0.20846
1377.071,0.19568
1375.142,0.18118
1373.214,0.16211
1371.285,0.14534
1369.356,0.13658
1367.427,0.13488
1365.499,0.13737
1363.570,0.14338
1361.641,0.15389
1359.713,0.16969
1357.784,0.19097
1355.855,0.21638
1353.927,0.24027
1351.998,0.25278
1350.069,0.24777
1348.141,0.23017
1346.212,0.21063
1344.283,0.19579
1342.355,0.18661
1340.426,0.18253
1338.497,0.18311
1336.569,0.18655
1334.640,0.19044
1332.711,0.19475
1330.783,0.20185
1328.854,0.21360
1326.925,0.22952
1324.997,0.24698
1323.068,0.26229
1321.139,0.27268
1319.211,0.27845
1317.282,0.28290
1315.353,0.28911
1313.425,0.29603
1311.496,0.29769
1309.567,0.28830
1307.639,0.26862
1305.710,0.24530
1303.781,0.22482
1301.853,0.20994
1299.924,0.20055
1297.995,0.19568
1296.067,0.19472
1294.138,0.19724
1292.209,0.20273
1290.281,0.21109
1288.352,0.22312
1286.423,0.24023
1284.495,0.26426
1282.566,0.29806
1280.637,0.34476
1278.709,0.40309
1276.780,0.46147
1274.851,0.50426
1272.923,0.53087
1270.994,0.55223
1269.065,0.56536
1267.137,0.55317
1265.208,0.51071
1263.279,0.45378
1261.351,0.39988
1259.422,0.35572
1257.493,0.32060
1255.565,0.29260
1253.636,0.27129
1251.707,0.25719
1249.779,0.24934
1247.850,0.24412
1245.921,0.23905
1243.993,0.23650
1242.064,0.24082
1240.135,0.25388
1238.207,0.27346
1236.278,0.29315
1234.349,0.30520
1232.421,0.30589
1230.492,0.29759
1228.563,0.28582
1226.635,0.27580
1224.706,0.27141
1222.777,0.27472
1220.849,0.28413
1218.920,0.29307
1216.991,0.29357
1215.063,0.28327
1213.134,0.26655
1211.205,0.24889
1209.277,0.23308
1207.348,0.21948
1205.419,0.20766
1203.490,0.19751
1201.562,0.18913
1199.633,0.18218
1197.704,0.17603
1195.776,0.17047
1193.847,0.16574
1191.918,0.16179
1189.990,0.15819
1188.061,0.15477
1186.132,0.15182
1184.204,0.14944
1182.275,0.14718
1180.346,0.14467
1178.418,0.14213
1176.489,0.13994
1174.560,0.13790
1172.632,0.13551
1170.703,0.13277
1168.774,0.13011
1166.846,0.12769
1164.917,0.12515
1162.988,0.12241
1161.060,0.11993
1159.131,0.11791
1157.202,0.11593
1155.274,0.11364
1153.345,0.11130
1151.416,0.10929
1149.488,0.10740
1147.559,0.10523
1145.630,0.10292
1143.702,0.10103
1141.773,0.09962
1139.844,0.09825
1137.916,0.09688
1135.987,0.09602
1134.058,0.09590
1132.130,0.09597
1130.201,0.09550
1128.272,0.09431
1126.344,0.09274
1124.415,0.09094
1122.486,0.08885
1120.558,0.08671
1118.629,0.08501
1116.700,0.08381
1114.772,0.08262
1112.843,0.08128
1110.914,0.08018
1108.986,0.07961
1107.057,0.07923
1105.128,0.07862
1103.200,0.07796
1101.271,0.07764
1099.342,0.07756
1097.414,0.07732
1095.485,0.07693
1093.556,0.07687
1091.628,0.07732
1089.699,0.07790
1087.770,0.07829
1085.842,0.07856
1083.913,0.07881
1081.984,0.07885
1080.056,0.07849
1078.127,0.07804
1076.198,0.07798
1074.270,0.07838
1072.341,0.07904
1070.412,0.08000
1068.484,0.08159
1066.555,0.08399
1064.626,0.08700
1062.698,0.09046
1060.769,0.09453
1058.840,0.09944
1056.912,0.10537
1054.983,0.11272
1053.054,0.12238
1051.126,0.13551
1049.197,0.15341
1047.268,0.17820
1045.339,0.21302
1043.411,0.25823
1041.482,0.30183
1039.553,0.31911
1037.625,0.29990
1035.696,0.26246
1033.767,0.22617
1031.839,0.19745
1029.910,0.17748
1027.981,0.16642
1026.053,0.16305
1024.124,0.16505
1022.195,0.16967
1020.267,0.17398
1018.338,0.17509
1016.409,0.17112
1014.481,0.16231
1012.552,0.15080
1010.623,0.13896
1008.695,0.12786
1006.766,0.11747
1004.837,0.10786
1002.909,0.09979
1000.980,0.09373
999.051,0.08907
997.123,0.08500
995.194,0.08176
993.265,0.07995
991.337,0.07918
989.408,0.07848
987.479,0.07783
985.551,0.07813
983.622,0.07957
981.693,0.08122
979.765,0.08270
977.836,0.08493
975.907,0.08862
973.979,0.09311
972.050,0.09756
970.121,0.10243
968.193,0.10879
966.264,0.11652
964.335,0.12468
962.407,0.13325
960.478,0.14338
958.549,0.15574
956.621,0.16980
954.692,0.18504
952.763,0.20199
950.835,0.22070
948.906,0.23762
946.977,0.24681
945.049,0.24616
943.120,0.24012
941.191,0.23485
939.263,0.23417
937.334,0.24028
935.405,0.25549
933.477,0.28188
931.548,0.31979
929.619,0.36579
927.691,0.40999
925.762,0.43754
923.833,0.44072
921.905,0.42803
919.976,0.41426
918.047,0.40699
916.119,0.40461
914.190,0.40136
912.261,0.39236
910.333,0.37618
908.404,0.35462
906.475,0.33064
904.547,0.30664
902.618,0.28412
900.689,0.26391
898.761,0.24618
896.832,0.23046
894.903,0.21645
892.975,0.20461
891.046,0.19631
889.117,0.19439
887.189,0.20329
885.260,0.22389
883.331,0.24585
881.402,0.25319
879.474,0.24248
877.545,0.22399
875.616,0.20649
873.688,0.19207
871.759,0.17991
869.830,0.16937
867.902,0.16046
865.973,0.15290
864.044,0.14602
862.116,0.13978
860.187,0.13513
858.258,0.13407
856.330,0.13959
854.401,0.15089
852.472,0.15966
850.544,0.16172
848.615,0.16527
846.686,0.17677
844.758,0.18975
842.829,0.19228
840.900,0.18124
838.972,0.16411
837.043,0.14837
835.114,0.13665
833.186,0.12877
831.257,0.12314
829.328,0.11823
827.400,0.11406
825.471,0.11122
823.542,0.10926
821.614,0.10704
819.685,0.10452
817.756,0.10266
815.828,0.10163
813.899,0.10035
811.970,0.09823
810.042,0.09624
808.113,0.09530
806.184,0.09497
804.256,0.09464
802.327,0.09532
800.398,0.09889
798.470,0.10634
796.541,0.11829
794.612,0.13702
792.684,0.16632
790.755,0.20765
788.826,0.25529
786.898,0.29721
784.969,0.32446
783.040,0.33507
781.112,0.32672
779.183,0.29907
777.254,0.26152
775.326,0.22631
773.397,0.19863
771.468,0.17732
769.540,0.16020
767.611,0.14666
765.682,0.13649
763.754,0.12893
761.825,0.12489
759.896,0.12991
757.968,0.15191
756.039,0.18854
754.110,0.21652
752.182,0.21360
750.253,0.18943
748.324,0.16557
746.396,0.14982
744.467,0.14139
742.538,0.13988
740.610,0.14440
738.681,0.14960
736.752,0.14910
734.824,0.14281
732.895,0.13533
730.966,0.12935
729.038,0.12436
727.109,0.11979
725.180,0.11609
723.251,0.11340
721.323,0.11091
719.394,0.10812
717.465,0.10564
715.537,0.10405
713.608,0.10274
711.679,0.10095
709.751,0.09902
707.822,0.09772
705.893,0.09682
703.965,0.09557
702.036,0.09397
700.107,0.09276
698.179,0.09210
696.250,0.09127
694.321,0.09003
692.393,0.08897
690.464,0.08843
688.535,0.08790
686.607,0.08700
684.678,0.08622
682.749,0.08622
680.821,0.08691
678.892,0.08805
676.963,0.09013
675.035,0.09366
673.106,0.09757
671.177,0.09940
669.249,0.09804
667.320,0.09477
665.391,0.09125
663.463,0.08800
661.534,0.08511
659.605,0.08291
657.677,0.08144
655.748,0.08019
653.819,0.07884
651.891,0.07772
649.962,0.07719
648.033,0.07691
646.105,0.07642
644.176,0.07589
642.247,0.07568
640.319,0.07549
638.390,0.07487
636.461,0.07416
634.533,0.07401
632.604,0.07442
630.675,0.07491
628.747,0.07564
626.818,0.07731
624.889,0.08005
622.961,0.08338
621.032,0.08742
619.103,0.09319
617.175,0.10143
615.246,0.11223
613.317,0.12603
611.389,0.14364
609.460,0.16395
607.531,0.18249
605.603,0.19394
603.674,0.19634
601.745,0.19179
599.817,0.18393
597.888,0.17719
595.959,0.17707
594.031,0.18555
592.102,0.19634
590.173,0.20160
588.245,0.20066
586.316,0.19504
584.387,0.18428
582.459,0.16973
580.530,0.15465
578.601,0.14154
576.673,0.13161
574.744,0.12440
572.815,0.11838
570.887,0.11289
568.958,0.10862
567.029,0.10575
565.101,0.10312
563.172,0.09997
561.243,0.09720
559.314,0.09564
557.386,0.09445
555.457,0.09259
553.528,0.09057
551.600,0.08948
549.671,0.08897
547.742,0.08774
545.814,0.08588
543.885,0.08481
541.956,0.08466
540.028,0.08409
538.099,0.08269
536.170,0.08173
534.242,0.08174
532.313,0.08155
530.384,0.08036
528.456,0.07928
526.527,0.07935
524.598,0.07962
522.670,0.07882
520.741,0.07766
518.812,0.07757
516.884,0.07822
514.955,0.07823
513.026,0.07774
511.098,0.07821
509.169,0.07982
507.240,0.08117
505.312,0.08196
503.383,0.08384
501.454,0.08765
499.526,0.09202
497.597,0.09580
495.668,0.09991
493.740,0.10522
491.811,0.11049
489.882,0.11410
487.954,0.11634
486.025,0.11818
484.096,0.11909
482.168,0.11805
480.239,0.11563
478.310,0.11349
476.382,0.11237
474.453,0.11154
472.524,0.11081
470.596,0.11235
468.667,0.11828
466.738,0.12770
464.810,0.13774
462.881,0.14591
460.952,0.15021
459.024,0.14908
457.095,0.14314
455.166,0.13569
453.238,0.12975
451.309,0.12516
449.380,0.12033
447.452,0.11558
445.523,0.11222
443.594,0.11000
441.666,0.10727
439.737,0.10346
437.808,0.10025
435.880,0.09897
433.951,0.09834
432.022,0.09673
430.094,0.09494
428.165,0.09466
426.236,0.09541
424.308,0.09568
422.379,0.09643
420.450,0.09974
418.522,0.10578
416.593,0.11481
414.664,0.12759
412.736,0.14199
410.807,0.15367
408.878,0.16061
406.950,0.16452
405.021,0.16976
403.092,0.18070
401.163,0.19556
399.235,0.20993
