7600.891,0.40096
7598.962,0.40105
7597.034,0.40084
7595.105,0.40047
7593.176,0.40031
7591.248,0.40035
7589.319,0.40041
7587.390,0.40033
7585.462,0.40008
7583.533,0.39979
7581.604,0.39949
7579.676,0.39929
7577.747,0.39919
7575.818,0.39906
7573.890,0.39900
7571.961,0.39897
7570.032,0.39881
7568.104,0.39865
7566.175,0.39872
7564.246,0.39889
7562.318,0.39876
7560.389,0.39846
7558.460,0.39841
7556.532,0.39851
7554.603,0.39837
7552.674,0.39791
7550.746,0.39754
7548.817,0.39751
7546.888,0.39755
7544.960,0.39751
7543.031,0.39743
7541.102,0.39728
7539.174,0.39709
7537.245,0.39685
7535.316,0.39664
7533.388,0.39664
7531.459,0.39669
7529.530,0.39654
7527.602,0.39630
7525.673,0.39627
7523.744,0.39635
7521.816,0.39623
7519.887,0.39605
7517.958,0.39591
7516.030,0.39568
7514.101,0.39543
7512.172,0.39528
7510.244,0.39512
7508.315,0.39492
7506.386,0.39483
7504.458,0.39485
7502.529,0.39467
7500.600,0.39441
7498.672,0.39444
7496.743,0.39454
7494.814,0.39437
7492.885,0.39412
7490.957,0.39398
7489.028,0.39399
7487.099,0.39402
7485.171,0.39377
7483.242,0.39333
7481.313,0.39300
7479.385,0.39297
7477.456,0.39318
7475.527,0.39332
7473.599,0.39316
7471.670,0.39274
7469.741,0.39230
7467.813,0.39203
7465.884,0.39192
7463.955,0.39181
7462.027,0.39168
7460.098,0.39161
7458.169,0.39152
7456.241,0.39133
7454.312,0.39109
7452.383,0.39103
7450.455,0.39112
7448.526,0.39112
7446.597,0.39106
7444.669,0.39107
7442.740,0.39109
7440.811,0.39101
7438.883,0.39091
7436.954,0.39078
7435.025,0.39043
7433.097,0.38999
7431.168,0.38982
7429.239,0.38999
7427.311,0.39003
7425.382,0.38981
7423.453,0.38962
7421.525,0.38948
7419.596,0.38923
7417.667,0.38884
7415.739,0.38854
7413.810,0.38855
7411.881,0.38869
7409.953,0.38866
7408.024,0.38848
7406.095,0.38830
7404.167,0.38820
7402.238,0.38825
7400.309,0.38830
7398.381,0.38822
7396.452,0.38796
7394.523,0.38747
7392.595,0.38701
7390.666,0.38690
7388.737,0.38696
7386.809,0.38696
7384.880,0.38697
7382.951,0.38700
7381.023,0.38700
7379.094,0.38702
7377.165,0.38699
7375.237,0.38676
7373.308,0.38636
7371.379,0.38607
7369.451,0.38595
7367.522,0.38586
7365.593,0.38575
7363.665,0.38563
7361.736,0.38544
7359.807,0.38520
7357.879,0.38511
7355.950,0.38517
7354.021,0.38510
7352.093,0.38485
7350.164,0.38464
7348.235,0.38459
7346.307,0.38463
7344.378,0.38459
7342.449,0.38440
7340.521,0.38415
7338.592,0.38395
7336.663,0.38380
7334.734,0.38379
7332.806,0.38390
7330.877,0.38384
7328.948,0.38365
7327.020,0.38359
7325.091,0.38355
7323.162,0.38337
7321.234,0.38316
7319.305,0.38308
7317.376,0.38302
7315.448,0.38284
7313.519,0.38261
7311.590,0.38243
7309.662,0.38234
7307.733,0.38235
7305.804,0.38231
7303.876,0.38209
7301.947,0.38177
7300.018,0.38147
7298.090,0.38127
7296.161,0.38111
7294.232,0.38091
7292.304,0.38073
7290.375,0.38069
7288.446,0.38077
7286.518,0.38074
7284.589,0.38060
7282.660,0.38054
7280.732,0.38050
7278.803,0.38037
7276.874,0.38030
7274.946,0.38025
7273.017,0.38009
7271.088,0.37983
7269.160,0.37966
7267.231,0.37967
7265.302,0.37974
7263.374,0.37967
7261.445,0.37938
7259.516,0.37910
7257.588,0.37902
7255.659,0.37895
7253.730,0.37886
7251.802,0.37882
7249.873,0.37860
7247.944,0.37823
7246.016,0.37809
7244.087,0.37819
7242.158,0.37827
7240.230,0.37830
7238.301,0.37827
7236.372,0.37817
7234.444,0.37811
7232.515,0.37794
7230.586,0.37764
7228.658,0.37746
7226.729,0.37746
7224.800,0.37740
7222.872,0.37719
7220.943,0.37700
7219.014,0.37694
7217.086,0.37685
7215.157,0.37666
7213.228,0.37646
7211.300,0.37631
7209.371,0.37624
7207.442,0.37618
7205.514,0.37613
7203.585,0.37619
7201.656,0.37616
7199.728,0.37583
7197.799,0.37550
7195.870,0.37530
7193.942,0.37514
7192.013,0.37503
7190.084,0.37492
7188.156,0.37482
7186.227,0.37483
7184.298,0.37486
7182.370,0.37479
7180.441,0.37467
7178.512,0.37456
7176.584,0.37436
7174.655,0.37414
7172.726,0.37402
7170.797,0.37399
7168.869,0.37399
7166.940,0.37392
7165.011,0.37365
7163.083,0.37324
7161.154,0.37301
7159.225,0.37303
7157.297,0.37306
7155.368,0.37305
7153.439,0.37301
7151.511,0.37288
7149.582,0.37276
7147.653,0.37280
7145.725,0.37283
7143.796,0.37267
7141.867,0.37249
7139.939,0.37233
7138.010,0.37214
7136.081,0.37201
7134.153,0.37194
7132.224,0.37185
7130.295,0.37177
7128.367,0.37173
7126.438,0.37163
7124.509,0.37147
7122.581,0.37135
7120.652,0.37122
7118.723,0.37101
7116.795,0.37073
7114.866,0.37050
7112.937,0.37049
7111.009,0.37061
7109.080,0.37063
7107.151,0.37046
7105.223,0.37022
7103.294,0.37000
7101.365,0.36975
7099.437,0.36946
7097.508,0.36927
7095.579,0.36928
7093.651,0.36928
7091.722,0.36915
7089.793,0.36902
7087.865,0.36896
7085.936,0.36896
7084.007,0.36894
7082.079,0.36889
7080.150,0.36876
7078.221,0.36851
7076.293,0.36828
7074.364,0.36823
7072.435,0.36829
7070.507,0.36823
7068.578,0.36798
7066.649,0.36774
7064.721,0.36767
7062.792,0.36773
7060.863,0.36778
7058.935,0.36770
7057.006,0.36749
7055.077,0.36722
7053.149,0.36700
7051.220,0.36689
7049.291,0.36679
7047.363,0.36669
7045.434,0.36670
7043.505,0.36679
7041.577,0.36678
7039.648,0.36665
7037.719,0.36655
7035.791,0.36650
7033.862,0.36633
7031.933,0.36603
7030.005,0.36573
7028.076,0.36561
7026.147,0.36564
7024.219,0.36567
7022.290,0.36564
7020.361,0.36554
7018.433,0.36535
7016.504,0.36512
7014.575,0.36491
7012.646,0.36481
7010.718,0.36490
7008.789,0.36508
7006.860,0.36506
7004.932,0.36471
7003.003,0.36432
7001.074,0.36421
6999.146,0.36424
6997.217,0.36417
6995.288,0.36406
6993.360,0.36399
6991.431,0.36388
6989.502,0.36379
6987.574,0.36377
6985.645,0.36370
6983.716,0.36356
6981.788,0.36345
6979.859,0.36329
6977.930,0.36294
6976.002,0.36267
6974.073,0.36275
6972.144,0.36291
6970.216,0.36291
6968.287,0.36280
6966.358,0.36268
6964.430,0.36259
6962.501,0.36250
6960.572,0.36230
6958.644,0.36205
6956.715,0.36186
6954.786,0.36174
6952.858,0.36166
6950.929,0.36152
6949.000,0.36142
6947.072,0.36140
6945.143,0.36132
6943.214,0.36119
6941.286,0.36114
6939.357,0.36110
6937.428,0.36095
6935.500,0.36075
6933.571,0.36066
6931.642,0.36064
6929.714,0.36060
6927.785,0.36046
6925.856,0.36019
6923.928,0.35998
6921.999,0.35986
6920.070,0.35967
6918.142,0.35946
6916.213,0.35939
6914.284,0.35939
6912.356,0.35928
6910.427,0.35910
6908.498,0.35896
6906.570,0.35887
6904.641,0.35878
6902.712,0.35866
6900.784,0.35846
6898.855,0.35828
6896.926,0.35819
6894.998,0.35809
6893.069,0.35798
6891.140,0.35792
6889.212,0.35786
6887.283,0.35776
6885.354,0.35762
6883.426,0.35749
6881.497,0.35734
6879.568,0.35710
6877.640,0.35685
6875.711,0.35674
6873.782,0.35669
6871.854,0.35660
6869.925,0.35647
6867.996,0.35634
6866.068,0.35622
6864.139,0.35616
6862.210,0.35616
6860.282,0.35612
6858.353,0.35596
6856.424,0.35572
6854.496,0.35545
6852.567,0.35518
6850.638,0.35500
6848.709,0.35488
6846.781,0.35473
6844.852,0.35458
6842.923,0.35440
6840.995,0.35417
6839.066,0.35399
6837.137,0.35386
6835.209,0.35379
6833.280,0.35377
6831.351,0.35373
6829.423,0.35366
6827.494,0.35359
6825.565,0.35349
6823.637,0.35330
6821.708,0.35310
6819.779,0.35301
6817.851,0.35298
6815.922,0.35283
6813.993,0.35254
6812.065,0.35228
6810.136,0.35217
6808.207,0.35213
6806.279,0.35206
6804.350,0.35193
6802.421,0.35177
6800.493,0.35163
6798.564,0.35151
6796.635,0.35140
6794.707,0.35127
6792.778,0.35109
6790.849,0.35088
6788.921,0.35073
6786.992,0.35070
6785.063,0.35068
6783.135,0.35059
6781.206,0.35042
6779.277,0.35018
6777.349,0.34999
6775.420,0.34994
6773.491,0.34991
6771.563,0.34979
6769.634,0.34970
6767.705,0.34964
6765.777,0.34951
6763.848,0.34929
6761.919,0.34907
6759.991,0.34890
6758.062,0.34871
6756.133,0.34857
6754.205,0.34857
6752.276,0.34860
6750.347,0.34844
6748.419,0.34816
6746.490,0.34790
6744.561,0.34766
6742.633,0.34755
6740.704,0.34756
6738.775,0.34750
6736.847,0.34738
6734.918,0.34729
6732.989,0.34723
6731.061,0.34719
6729.132,0.34706
6727.203,0.34685
6725.275,0.34665
6723.346,0.34645
6721.417,0.34624
6719.489,0.34608
6717.560,0.34601
6715.631,0.34604
6713.703,0.34599
6711.774,0.34578
6709.845,0.34559
6707.917,0.34549
6705.988,0.34533
6704.059,0.34512
6702.131,0.34496
6700.202,0.34487
6698.273,0.34483
6696.345,0.34478
6694.416,0.34466
6692.487,0.34452
6690.558,0.34436
6688.630,0.34425
6686.701,0.34419
6684.772,0.34406
6682.844,0.34385
6680.915,0.34368
6678.986,0.34360
6677.058,0.34352
6675.129,0.34340
6673.200,0.34316
6671.272,0.34280
6669.343,0.34258
6667.414,0.34263
6665.486,0.34273
6663.557,0.34266
6661.628,0.34246
6659.700,0.34232
6657.771,0.34222
6655.842,0.34207
6653.914,0.34192
6651.985,0.34185
6650.056,0.34181
6648.128,0.34171
6646.199,0.34154
6644.270,0.34138
6642.342,0.34126
6640.413,0.34111
6638.484,0.34097
6636.556,0.34086
6634.627,0.34068
6632.698,0.34044
6630.770,0.34028
6628.841,0.34021
6626.912,0.34016
6624.984,0.34003
6623.055,0.33987
6621.126,0.33976
6619.198,0.33967
6617.269,0.33954
6615.340,0.33945
6613.412,0.33945
6611.483,0.33936
6609.554,0.33914
6607.626,0.33895
6605.697,0.33883
6603.768,0.33874
6601.840,0.33861
6599.911,0.33846
6597.982,0.33835
6596.054,0.33824
6594.125,0.33807
6592.196,0.33788
6590.268,0.33771
6588.339,0.33761
6586.410,0.33753
6584.482,0.33741
6582.553,0.33726
6580.624,0.33716
6578.696,0.33708
6576.767,0.33703
6574.838,0.33703
6572.910,0.33696
6570.981,0.33680
6569.052,0.33663
6567.124,0.33646
6565.195,0.33635
6563.266,0.33632
6561.338,0.33624
6559.409,0.33606
6557.480,0.33590
6555.552,0.33578
6553.623,0.33563
6551.694,0.33547
6549.766,0.33540
6547.837,0.33535
6545.908,0.33519
6543.980,0.33502
6542.051,0.33494
6540.122,0.33493
6538.194,0.33487
6536.265,0.33474
6534.336,0.33455
6532.408,0.33431
6530.479,0.33411
6528.550,0.33405
6526.621,0.33401
6524.693,0.33394
6522.764,0.33387
6520.835,0.33377
6518.907,0.33362
6516.978,0.33345
6515.049,0.33325
6513.121,0.33305
6511.192,0.33288
6509.263,0.33275
6507.335,0.33268
6505.406,0.33262
6503.477,0.33250
6501.549,0.33239
6499.620,0.33232
6497.691,0.33220
6495.763,0.33203
6493.834,0.33191
6491.905,0.33182
6489.977,0.33170
6488.048,0.33157
6486.119,0.33145
6484.191,0.33132
6482.262,0.33119
6480.333,0.33108
6478.405,0.33097
6476.476,0.33086
6474.547,0.33074
6472.619,0.33065
6470.690,0.33056
6468.761,0.33040
6466.833,0.33024
6464.904,0.33019
6462.975,0.33018
6461.047,0.33009
6459.118,0.32993
6457.189,0.32975
6455.261,0.32964
6453.332,0.32959
6451.403,0.32947
6449.475,0.32923
6447.546,0.32906
6445.617,0.32900
6443.689,0.32890
6441.760,0.32875
6439.831,0.32855
6437.903,0.32835
6435.974,0.32818
6434.045,0.32807
6432.117,0.32795
6430.188,0.32782
6428.259,0.32774
6426.331,0.32770
6424.402,0.32767
6422.473,0.32761
6420.545,0.32749
6418.616,0.32734
6416.687,0.32726
6414.759,0.32719
6412.830,0.32706
6410.901,0.32691
6408.973,0.32673
6407.044,0.32653
6405.115,0.32641
6403.187,0.32632
6401.258,0.32616
6399.329,0.32602
6397.401,0.32596
6395.472,0.32585
6393.543,0.32571
6391.615,0.32564
6389.686,0.32560
6387.757,0.32548
6385.829,0.32524
6383.900,0.32496
6381.971,0.32479
6380.043,0.32477
6378.114,0.32477
6376.185,0.32471
6374.257,0.32457
6372.328,0.32443
6370.399,0.32434
6368.471,0.32419
6366.542,0.32394
6364.613,0.32374
6362.684,0.32366
6360.756,0.32359
6358.827,0.32350
6356.898,0.32339
6354.970,0.32329
6353.041,0.32315
6351.112,0.32296
6349.184,0.32279
6347.255,0.32268
6345.326,0.32257
6343.398,0.32248
6341.469,0.32238
6339.540,0.32223
6337.612,0.32211
6335.683,0.32207
6333.754,0.32196
6331.826,0.32178
6329.897,0.32160
6327.968,0.32142
6326.040,0.32123
6324.111,0.32107
6322.182,0.32095
6320.254,0.32089
6318.325,0.32086
6316.396,0.32079
6314.468,0.32064
6312.539,0.32048
6310.610,0.32039
6308.682,0.32033
6306.753,0.32023
6304.824,0.32008
6302.896,0.31995
6300.967,0.31981
6299.038,0.31962
6297.110,0.31945
6295.181,0.31934
6293.252,0.31930
6291.324,0.31922
6289.395,0.31905
6287.466,0.31883
6285.538,0.31868
6283.609,0.31859
6281.680,0.31844
6279.752,0.31831
6277.823,0.31827
6275.894,0.31825
6273.966,0.31815
6272.037,0.31800
6270.108,0.31787
6268.180,0.31779
6266.251,0.31768
6264.322,0.31753
6262.394,0.31738
6260.465,0.31722
6258.536,0.31700
6256.608,0.31677
6254.679,0.31665
6252.750,0.31662
6250.822,0.31654
6248.893,0.31641
6246.964,0.31625
6245.036,0.31610
6243.107,0.31602
6241.178,0.31600
6239.250,0.31595
6237.321,0.31581
6235.392,0.31567
6233.464,0.31555
6231.535,0.31542
6229.606,0.31528
6227.678,0.31518
6225.749,0.31511
6223.820,0.31506
6221.892,0.31498
6219.963,0.31486
6218.034,0.31474
6216.106,0.31457
6214.177,0.31439
6212.248,0.31425
6210.320,0.31416
6208.391,0.31409
6206.462,0.31402
6204.533,0.31389
6202.605,0.31373
6200.676,0.31364
6198.747,0.31360
6196.819,0.31351
6194.890,0.31339
6192.961,0.31326
6191.033,0.31315
6189.104,0.31306
6187.175,0.31300
6185.247,0.31298
6183.318,0.31296
6181.389,0.31288
6179.461,0.31276
6177.532,0.31266
6175.603,0.31258
6173.675,0.31251
6171.746,0.31245
6169.817,0.31240
6167.889,0.31245
6165.960,0.31261
6164.031,0.31279
6162.103,0.31305
6160.174,0.31343
6158.245,0.31395
6156.317,0.31463
6154.388,0.31542
6152.459,0.31601
6150.531,0.31610
6148.602,0.31565
6146.673,0.31485
6144.745,0.31402
6142.816,0.31338
6140.887,0.31298
6138.959,0.31284
6137.030,0.31300
6135.101,0.31348
6133.173,0.31399
6131.244,0.31407
6129.315,0.31355
6127.387,0.31271
6125.458,0.31187
6123.529,0.31113
6121.601,0.31049
6119.672,0.30996
6117.743,0.30955
6115.815,0.30927
6113.886,0.30908
6111.957,0.30893
6110.029,0.30873
6108.100,0.30846
6106.171,0.30824
6104.243,0.30810
6102.314,0.30792
6100.385,0.30770
6098.457,0.30760
6096.528,0.30756
6094.599,0.30746
6092.671,0.30725
6090.742,0.30701
6088.813,0.30683
6086.885,0.30665
6084.956,0.30647
6083.027,0.30636
6081.099,0.30628
6079.170,0.30614
6077.241,0.30598
6075.313,0.30583
6073.384,0.30567
6071.455,0.30554
6069.527,0.30541
6067.598,0.30532
6065.669,0.30532
6063.741,0.30539
6061.812,0.30542
6059.883,0.30537
6057.955,0.30524
6056.026,0.30505
6054.097,0.30483
6052.169,0.30463
6050.240,0.30448
6048.311,0.30437
6046.383,0.30433
6044.454,0.30427
6042.525,0.30419
6040.596,0.30410
6038.668,0.30396
6036.739,0.30378
6034.810,0.30364
6032.882,0.30351
6030.953,0.30335
6029.024,0.30324
6027.096,0.30321
6025.167,0.30318
6023.238,0.30311
6021.310,0.30302
6019.381,0.30297
6017.452,0.30300
6015.524,0.30304
6013.595,0.30307
6011.666,0.30314
6009.738,0.30325
6007.809,0.30335
6005.880,0.30345
6003.952,0.30348
6002.023,0.30335
6000.094,0.30308
5998.166,0.30273
5996.237,0.30241
5994.308,0.30214
5992.380,0.30189
5990.451,0.30165
5988.522,0.30144
5986.594,0.30119
5984.665,0.30092
5982.736,0.30073
5980.808,0.30064
5978.879,0.30056
5976.950,0.30046
5975.022,0.30035
5973.093,0.30024
5971.164,0.30009
5969.236,0.29990
5967.307,0.29972
5965.378,0.29960
5963.450,0.29956
5961.521,0.29955
5959.592,0.29950
5957.664,0.29939
5955.735,0.29927
5953.806,0.29915
5951.878,0.29905
5949.949,0.29898
5948.020,0.29892
5946.092,0.29885
5944.163,0.29880
5942.234,0.29875
5940.306,0.29867
5938.377,0.29856
5936.448,0.29847
5934.520,0.29838
5932.591,0.29828
5930.662,0.29819
5928.734,0.29813
5926.805,0.29805
5924.876,0.29795
5922.948,0.29787
5921.019,0.29779
5919.090,0.29766
5917.162,0.29756
5915.233,0.29751
5913.304,0.29736
5911.376,0.29712
5909.447,0.29697
5907.518,0.29692
5905.590,0.29689
5903.661,0.29685
5901.732,0.29676
5899.804,0.29663
5897.875,0.29650
5895.946,0.29634
5894.018,0.29618
5892.089,0.29602
5890.160,0.29590
5888.232,0.29580
5886.303,0.29570
5884.374,0.29560
5882.445,0.29553
5880.517,0.29546
5878.588,0.29535
5876.659,0.29522
5874.731,0.29512
5872.802,0.29499
5870.873,0.29484
5868.945,0.29471
5867.016,0.29464
5865.087,0.29459
5863.159,0.29452
5861.230,0.29446
5859.301,0.29440
5857.373,0.29425
5855.444,0.29401
5853.515,0.29381
5851.587,0.29368
5849.658,0.29358
5847.729,0.29347
5845.801,0.29334
5843.872,0.29322
5841.943,0.29308
5840.015,0.29291
5838.086,0.29275
5836.157,0.29261
5834.229,0.29245
5832.300,0.29224
5830.371,0.29204
5828.443,0.29187
5826.514,0.29176
5824.585,0.29165
5822.657,0.29152
5820.728,0.29137
5818.799,0.29121
5816.871,0.29103
5814.942,0.29084
5813.013,0.29074
5811.085,0.29067
5809.156,0.29053
5807.227,0.29037
5805.299,0.29024
5803.370,0.29010
5801.441,0.28993
5799.513,0.28974
5797.584,0.28958
5795.655,0.28950
5793.727,0.28948
5791.798,0.28940
5789.869,0.28925
5787.941,0.28908
5786.012,0.28892
5784.083,0.28878
5782.155,0.28866
5780.226,0.28849
5778.297,0.28828
5776.369,0.28814
5774.440,0.28803
5772.511,0.28793
5770.583,0.28785
5768.654,0.28773
5766.725,0.28753
5764.797,0.28737
5762.868,0.28728
5760.939,0.28719
5759.011,0.28708
5757.082,0.28696
5755.153,0.28689
5753.225,0.28686
5751.296,0.28681
5749.367,0.28669
5747.439,0.28656
5745.510,0.28641
5743.581,0.28623
5741.653,0.28609
5739.724,0.28599
5737.795,0.28588
5735.867,0.28576
5733.938,0.28564
5732.009,0.28553
5730.081,0.28542
5728.152,0.28530
5726.223,0.28520
5724.295,0.28510
5722.366,0.28502
5720.437,0.28496
5718.508,0.28487
5716.580,0.28471
5714.651,0.28455
5712.722,0.28445
5710.794,0.28439
5708.865,0.28428
5706.936,0.28410
5705.008,0.28389
5703.079,0.28368
5701.150,0.28354
5699.222,0.28342
5697.293,0.28328
5695.364,0.28313
5693.436,0.28297
5691.507,0.28281
5689.578,0.28260
5687.650,0.28242
5685.721,0.28229
5683.792,0.28216
5681.864,0.28204
5679.935,0.28195
5678.006,0.28185
5676.078,0.28173
5674.149,0.28161
5672.220,0.28149
5670.292,0.28135
5668.363,0.28120
5666.434,0.28103
5664.506,0.28089
5662.577,0.28080
5660.648,0.28071
5658.720,0.28057
5656.791,0.28042
5654.862,0.28026
5652.934,0.28008
5651.005,0.27995
5649.076,0.27985
5647.148,0.27972
5645.219,0.27958
5643.290,0.27944
5641.362,0.27929
5639.433,0.27913
5637.504,0.27899
5635.576,0.27887
5633.647,0.27874
5631.718,0.27857
5629.790,0.27843
5627.861,0.27834
5625.932,0.27826
5624.004,0.27813
5622.075,0.27797
5620.146,0.27783
5618.218,0.27774
5616.289,0.27767
5614.360,0.27756
5612.432,0.27740
5610.503,0.27722
5608.574,0.27709
5606.646,0.27705
5604.717,0.27701
5602.788,0.27693
5600.860,0.27679
5598.931,0.27663
5597.002,0.27649
5595.074,0.27637
5593.145,0.27621
5591.216,0.27604
5589.288,0.27590
5587.359,0.27578
5585.430,0.27566
5583.502,0.27555
5581.573,0.27546
5579.644,0.27535
5577.716,0.27521
5575.787,0.27504
5573.858,0.27487
5571.930,0.27474
5570.001,0.27463
5568.072,0.27451
5566.144,0.27442
5564.215,0.27434
5562.286,0.27423
5560.357,0.27409
5558.429,0.27395
5556.500,0.27380
5554.571,0.27369
5552.643,0.27365
5550.714,0.27360
5548.785,0.27345
5546.857,0.27328
5544.928,0.27313
5542.999,0.27301
5541.071,0.27290
5539.142,0.27277
5537.213,0.27260
5535.285,0.27245
5533.356,0.27233
5531.427,0.27223
5529.499,0.27211
5527.570,0.27202
5525.641,0.27198
5523.713,0.27193
5521.784,0.27181
5519.855,0.27167
5517.927,0.27154
5515.998,0.27141
5514.069,0.27125
5512.141,0.27108
5510.212,0.27095
5508.283,0.27083
5506.355,0.27068
5504.426,0.27056
5502.497,0.27052
5500.569,0.27053
5498.640,0.27047
5496.711,0.27033
5494.783,0.27018
5492.854,0.27009
5490.925,0.26998
5488.997,0.26979
5487.068,0.26959
5485.139,0.26947
5483.211,0.26939
5481.282,0.26929
5479.353,0.26917
5477.425,0.26902
5475.496,0.26887
5473.567,0.26874
5471.639,0.26861
5469.710,0.26847
5467.781,0.26831
5465.853,0.26819
5463.924,0.26808
5461.995,0.26797
5460.067,0.26787
5458.138,0.26778
5456.209,0.26762
5454.281,0.26744
5452.352,0.26731
5450.423,0.26725
5448.495,0.26720
5446.566,0.26713
5444.637,0.26703
5442.709,0.26690
5440.780,0.26675
5438.851,0.26659
5436.923,0.26646
5434.994,0.26636
5433.065,0.26627
5431.137,0.26616
5429.208,0.26603
5427.279,0.26588
5425.351,0.26572
5423.422,0.26556
5421.493,0.26543
5419.565,0.26535
5417.636,0.26529
5415.707,0.26523
5413.779,0.26515
5411.850,0.26501
5409.921,0.26490
5407.993,0.26482
5406.064,0.26473
5404.135,0.26459
5402.207,0.26442
5400.278,0.26427
5398.349,0.26417
5396.420,0.26407
5394.492,0.26392
5392.563,0.26377
5390.634,0.26367
5388.706,0.26361
5386.777,0.26351
5384.848,0.26334
5382.920,0.26318
5380.991,0.26307
5379.062,0.26296
5377.134,0.26281
5375.205,0.26267
5373.276,0.26258
5371.348,0.26252
5369.419,0.26241
5367.490,0.26222
5365.562,0.26203
5363.633,0.26191
5361.704,0.26184
5359.776,0.26175
5357.847,0.26166
5355.918,0.26159
5353.990,0.26154
5352.061,0.26147
5350.132,0.26132
5348.204,0.26116
5346.275,0.26105
5344.346,0.26097
5342.418,0.26088
5340.489,0.26075
5338.560,0.26057
5336.632,0.26038
5334.703,0.26025
5332.774,0.26017
5330.846,0.26008
5328.917,0.25993
5326.988,0.25979
5325.060,0.25966
5323.131,0.25954
5321.202,0.25942
5319.274,0.25931
5317.345,0.25920
5315.416,0.25906
5313.488,0.25893
5311.559,0.25887
5309.630,0.25881
5307.702,0.25870
5305.773,0.25857
5303.844,0.25845
5301.916,0.25835
5299.987,0.25822
5298.058,0.25807
5296.130,0.25793
5294.201,0.25778
5292.272,0.25762
5290.344,0.25748
5288.415,0.25740
5286.486,0.25733
5284.558,0.25722
5282.629,0.25707
5280.700,0.25695
5278.772,0.25687
5276.843,0.25679
5274.914,0.25668
5272.986,0.25656
5271.057,0.25645
5269.128,0.25633
5267.200,0.25622
5265.271,0.25613
5263.342,0.25603
5261.414,0.25588
5259.485,0.25574
5257.556,0.25565
5255.628,0.25553
5253.699,0.25539
5251.770,0.25528
5249.842,0.25521
5247.913,0.25513
5245.984,0.25504
5244.056,0.25493
5242.127,0.25479
5240.198,0.25464
5238.269,0.25448
5236.341,0.25434
5234.412,0.25426
5232.483,0.25417
5230.555,0.25404
5228.626,0.25391
5226.697,0.25381
5224.769,0.25369
5222.840,0.25354
5220.911,0.25340
5218.983,0.25329
5217.054,0.25319
5215.125,0.25310
5213.197,0.25302
5211.268,0.25291
5209.339,0.25278
5207.411,0.25264
5205.482,0.25253
5203.553,0.25244
5201.625,0.25235
5199.696,0.25226
5197.767,0.25220
5195.839,0.25210
5193.910,0.25197
5191.981,0.25181
5190.053,0.25168
5188.124,0.25157
5186.195,0.25148
5184.267,0.25137
5182.338,0.25124
5180.409,0.25112
5178.481,0.25101
5176.552,0.25089
5174.623,0.25074
5172.695,0.25061
5170.766,0.25053
5168.837,0.25046
5166.909,0.25036
5164.980,0.25026
5163.051,0.25015
5161.123,0.24999
5159.194,0.24982
5157.265,0.24967
5155.337,0.24955
5153.408,0.24946
5151.479,0.24935
5149.551,0.24922
5147.622,0.24907
5145.693,0.24895
5143.765,0.24888
5141.836,0.24877
5139.907,0.24861
5137.979,0.24847
5136.050,0.24836
5134.121,0.24825
5132.193,0.24814
5130.264,0.24802
5128.335,0.24788
5126.407,0.24775
5124.478,0.24766
5122.549,0.24759
5120.621,0.24751
5118.692,0.24738
5116.763,0.24724
5114.835,0.24712
5112.906,0.24703
5110.977,0.24692
5109.049,0.24679
5107.120,0.24665
5105.191,0.24654
5103.263,0.24646
5101.334,0.24637
5099.405,0.24628
5097.477,0.24617
5095.548,0.24605
5093.619,0.24592
5091.691,0.24581
5089.762,0.24573
5087.833,0.24565
5085.905,0.24552
5083.976,0.24536
5082.047,0.24520
5080.119,0.24505
5078.190,0.24492
5076.261,0.24484
5074.332,0.24475
5072.404,0.24463
5070.475,0.24449
5068.546,0.24437
5066.618,0.24426
5064.689,0.24415
5062.760,0.24404
5060.832,0.24396
5058.903,0.24386
5056.974,0.24372
5055.046,0.24356
5053.117,0.24344
5051.188,0.24334
5049.260,0.24323
5047.331,0.24311
5045.402,0.24298
5043.474,0.24284
5041.545,0.24270
5039.616,0.24257
5037.688,0.24245
5035.759,0.24235
5033.830,0.24228
5031.902,0.24221
5029.973,0.24211
5028.044,0.24198
5026.116,0.24183
5024.187,0.24170
5022.258,0.24158
5020.330,0.24145
5018.401,0.24132
5016.472,0.24121
5014.544,0.24110
5012.615,0.24099
5010.686,0.24087
5008.758,0.24075
5006.829,0.24066
5004.900,0.24057
5002.972,0.24048
5001.043,0.24039
4999.114,0.24030
4997.186,0.24019
4995.257,0.24007
4993.328,0.23994
4991.400,0.23980
4989.471,0.23963
4987.542,0.23947
4985.614,0.23935
4983.685,0.23926
4981.756,0.23917
4979.828,0.23909
4977.899,0.23902
4975.970,0.23892
4974.042,0.23879
4972.113,0.23863
4970.184,0.23850
4968.256,0.23840
4966.327,0.23831
4964.398,0.23819
4962.470,0.23809
4960.541,0.23801
4958.612,0.23791
4956.684,0.23778
4954.755,0.23764
4952.826,0.23752
4950.898,0.23741
4948.969,0.23728
4947.040,0.23715
4945.112,0.23704
4943.183,0.23697
4941.254,0.23690
4939.326,0.23680
4937.397,0.23665
4935.468,0.23648
4933.540,0.23636
4931.611,0.23629
4929.682,0.23621
4927.754,0.23611
4925.825,0.23596
4923.896,0.23580
4921.968,0.23568
4920.039,0.23559
4918.110,0.23548
4916.181,0.23537
4914.253,0.23528
4912.324,0.23519
4910.395,0.23504
4908.467,0.23487
4906.538,0.23471
4904.609,0.23460
4902.681,0.23453
4900.752,0.23446
4898.823,0.23432
4896.895,0.23417
4894.966,0.23408
4893.037,0.23401
4891.109,0.23392
4889.180,0.23381
4887.251,0.23368
4885.323,0.23356
4883.394,0.23345
4881.465,0.23335
4879.537,0.23322
4877.608,0.23307
4875.679,0.23291
4873.751,0.23277
4871.822,0.23266
4869.893,0.23256
4867.965,0.23246
4866.036,0.23236
4864.107,0.23226
4862.179,0.23214
4860.250,0.23206
4858.321,0.23198
4856.393,0.23187
4854.464,0.23173
4852.535,0.23160
4850.607,0.23148
4848.678,0.23137
4846.749,0.23126
4844.821,0.23117
4842.892,0.23110
4840.963,0.23100
4839.035,0.23082
4837.106,0.23065
4835.177,0.23050
4833.249,0.23037
4831.320,0.23027
4829.391,0.23018
4827.463,0.23005
4825.534,0.22994
4823.605,0.22983
4821.677,0.22969
4819.748,0.22953
4817.819,0.22940
4815.891,0.22932
4813.962,0.22922
4812.033,0.22911
4810.105,0.22905
4808.176,0.22897
4806.247,0.22879
4804.319,0.22858
4802.390,0.22842
4800.461,0.22832
4798.533,0.22824
4796.604,0.22814
4794.675,0.22805
4792.747,0.22799
4790.818,0.22792
4788.889,0.22776
4786.961,0.22761
4785.032,0.22749
4783.103,0.22739
4781.175,0.22731
4779.246,0.22723
4777.317,0.22712
4775.389,0.22697
4773.460,0.22684
4771.531,0.22673
4769.603,0.22663
4767.674,0.22652
4765.745,0.22641
4763.817,0.22632
4761.888,0.22624
4759.959,0.22617
4758.031,0.22608
4756.102,0.22597
4754.173,0.22585
4752.244,0.22572
4750.316,0.22561
4748.387,0.22550
4746.458,0.22538
4744.530,0.22526
4742.601,0.22516
4740.672,0.22505
4738.744,0.22491
4736.815,0.22476
4734.886,0.22461
4732.958,0.22448
4731.029,0.22438
4729.100,0.22428
4727.172,0.22418
4725.243,0.22409
4723.314,0.22400
4721.386,0.22390
4719.457,0.22379
4717.528,0.22367
4715.600,0.22354
4713.671,0.22340
4711.742,0.22331
4709.814,0.22326
4707.885,0.22320
4705.956,0.22310
4704.028,0.22299
4702.099,0.22289
4700.170,0.22279
4698.242,0.22266
4696.313,0.22254
4694.384,0.22242
4692.456,0.22232
4690.527,0.22224
4688.598,0.22212
4686.670,0.22199
4684.741,0.22192
4682.812,0.22186
4680.884,0.22175
4678.955,0.22162
4677.026,0.22149
4675.098,0.22136
4673.169,0.22123
4671.240,0.22112
4669.312,0.22102
4667.383,0.22095
4665.454,0.22088
4663.526,0.22075
4661.597,0.22060
4659.668,0.22050
4657.740,0.22042
4655.811,0.22031
4653.882,0.22017
4651.954,0.22002
4650.025,0.21989
4648.096,0.21979
4646.168,0.21969
4644.239,0.21957
4642.310,0.21945
4640.382,0.21935
4638.453,0.21926
4636.524,0.21917
4634.596,0.21904
4632.667,0.21888
4630.738,0.21875
4628.810,0.21861
4626.881,0.21848
4624.952,0.21839
4623.024,0.21832
4621.095,0.21821
4619.166,0.21807
4617.238,0.21795
4615.309,0.21786
4613.380,0.21775
4611.452,0.21766
4609.523,0.21760
4607.594,0.21754
4605.666,0.21743
4603.737,0.21728
4601.808,0.21713
4599.880,0.21701
4597.951,0.21691
4596.022,0.21680
4594.093,0.21669
4592.165,0.21657
4590.236,0.21648
4588.307,0.21640
4586.379,0.21629
4584.450,0.21617
4582.521,0.21606
4580.593,0.21598
4578.664,0.21589
4576.735,0.21578
4574.807,0.21568
4572.878,0.21558
4570.949,0.21546
4569.021,0.21533
4567.092,0.21521
4565.163,0.21509
4563.235,0.21496
4561.306,0.21486
4559.377,0.21478
4557.449,0.21467
4555.520,0.21452
4553.591,0.21438
4551.663,0.21430
4549.734,0.21426
4547.805,0.21422
4545.877,0.21413
4543.948,0.21400
4542.019,0.21387
4540.091,0.21379
4538.162,0.21372
4536.233,0.21366
4534.305,0.21358
4532.376,0.21351
4530.447,0.21344
4528.519,0.21334
4526.590,0.21320
4524.661,0.21308
4522.733,0.21301
4520.804,0.21295
4518.875,0.21288
4516.947,0.21281
4515.018,0.21274
4513.089,0.21263
4511.161,0.21249
4509.232,0.21238
4507.303,0.21232
4505.375,0.21233
4503.446,0.21237
4501.517,0.21244
4499.589,0.21257
4497.660,0.21279
4495.731,0.21311
4493.803,0.21343
4491.874,0.21359
4489.945,0.21352
4488.017,0.21329
4486.088,0.21305
4484.159,0.21287
4482.231,0.21272
4480.302,0.21250
4478.373,0.21214
4476.445,0.21169
4474.516,0.21131
4472.587,0.21108
4470.659,0.21096
4468.730,0.21089
4466.801,0.21090
4464.873,0.21098
4462.944,0.21108
4461.015,0.21114
4459.087,0.21113
4457.158,0.21108
4455.229,0.21096
4453.301,0.21078
4451.372,0.21060
4449.443,0.21042
4447.515,0.21021
4445.586,0.20996
4443.657,0.20973
4441.729,0.20952
4439.800,0.20935
4437.871,0.20921
4435.943,0.20911
4434.014,0.20905
4432.085,0.20901
4430.156,0.20902
4428.228,0.20910
4426.299,0.20921
4424.370,0.20932
4422.442,0.20945
4420.513,0.20961
4418.584,0.20981
4416.656,0.21000
4414.727,0.21010
4412.798,0.21006
4410.870,0.20996
4408.941,0.20990
4407.012,0.20988
4405.084,0.20988
4403.155,0.20986
4401.226,0.20979
4399.298,0.20964
4397.369,0.20940
4395.440,0.20908
4393.512,0.20878
4391.583,0.20860
4389.654,0.20851
4387.726,0.20843
4385.797,0.20836
4383.868,0.20835
4381.940,0.20836
4380.011,0.20831
4378.082,0.20815
4376.154,0.20787
4374.225,0.20751
4372.296,0.20711
4370.368,0.20671
4368.439,0.20635
4366.510,0.20604
4364.582,0.20577
4362.653,0.20556
4360.724,0.20538
4358.796,0.20526
4356.867,0.20519
4354.938,0.20517
4353.010,0.20519
4351.081,0.20524
4349.152,0.20535
4347.224,0.20554
4345.295,0.20572
4343.366,0.20583
4341.438,0.20592
4339.509,0.20600
4337.580,0.20603
4335.652,0.20597
4333.723,0.20583
4331.794,0.20562
4329.866,0.20538
4327.937,0.20516
4326.008,0.20508
4324.080,0.20522
4322.151,0.20555
4320.222,0.20588
4318.294,0.20598
4316.365,0.20580
4314.436,0.20557
4312.508,0.20542
4310.579,0.20529
4308.650,0.20505
4306.722,0.20470
4304.793,0.20429
4302.864,0.20392
4300.936,0.20367
4299.007,0.20355
4297.078,0.20348
4295.150,0.20344
4293.221,0.20342
4291.292,0.20341
4289.364,0.20340
4287.435,0.20334
4285.506,0.20320
4283.578,0.20302
4281.649,0.20280
4279.720,0.20253
4277.792,0.20221
4275.863,0.20185
4273.934,0.20153
4272.005,0.20125
4270.077,0.20096
4268.148,0.20066
4266.219,0.20039
4264.291,0.20017
4262.362,0.19995
4260.433,0.19971
4258.505,0.19949
4256.576,0.19932
4254.647,0.19918
4252.719,0.19903
4250.790,0.19885
4248.861,0.19866
4246.933,0.19848
4245.004,0.19831
4243.075,0.19815
4241.147,0.19801
4239.218,0.19790
4237.289,0.19778
4235.361,0.19764
4233.432,0.19750
4231.503,0.19738
4229.575,0.19728
4227.646,0.19722
4225.717,0.19718
4223.789,0.19712
4221.860,0.19706
4219.931,0.19703
4218.003,0.19701
4216.074,0.19697
4214.145,0.19692
4212.217,0.19684
4210.288,0.19675
4208.359,0.19664
4206.431,0.19656
4204.502,0.19650
4202.573,0.19642
4200.645,0.19628
4198.716,0.19614
4196.787,0.19602
4194.859,0.19589
4192.930,0.19573
4191.001,0.19554
4189.073,0.19535
4187.144,0.19517
4185.215,0.19501
4183.287,0.19486
4181.358,0.19472
4179.429,0.19456
4177.501,0.19440
4175.572,0.19422
4173.643,0.19407
4171.715,0.19394
4169.786,0.19382
4167.857,0.19369
4165.929,0.19356
4164.000,0.19342
4162.071,0.19329
4160.143,0.19317
4158.214,0.19303
4156.285,0.19290
4154.357,0.19278
4152.428,0.19266
4150.499,0.19252
4148.571,0.19242
4146.642,0.19234
4144.713,0.19225
4142.785,0.19214
4140.856,0.19200
4138.927,0.19187
4136.999,0.19177
4135.070,0.19169
4133.141,0.19159
4131.213,0.19148
4129.284,0.19139
4127.355,0.19129
4125.427,0.19116
4123.498,0.19103
4121.569,0.19095
4119.641,0.19091
4117.712,0.19088
4115.783,0.19082
4113.855,0.19079
4111.926,0.19082
4109.997,0.19089
4108.068,0.19092
4106.140,0.19090
4104.211,0.19083
4102.282,0.19075
4100.354,0.19066
4098.425,0.19058
4096.496,0.19052
4094.568,0.19044
4092.639,0.19032
4090.710,0.19015
4088.782,0.19000
4086.853,0.18986
4084.924,0.18969
4082.996,0.18951
4081.067,0.18932
4079.138,0.18914
4077.210,0.18897
4075.281,0.18879
4073.352,0.18859
4071.424,0.18839
4069.495,0.18820
4067.566,0.18803
4065.638,0.18784
4063.709,0.18764
4061.780,0.18748
4059.852,0.18739
4057.923,0.18730
4055.994,0.18717
4054.066,0.18703
4052.137,0.18691
4050.208,0.18681
4048.280,0.18671
4046.351,0.18662
4044.422,0.18654
4042.494,0.18645
4040.565,0.18637
4038.636,0.18631
4036.708,0.18624
4034.779,0.18618
4032.850,0.18609
4030.922,0.18601
4028.993,0.18596
4027.064,0.18596
4025.136,0.18597
4023.207,0.18596
4021.278,0.18592
4019.350,0.18583
4017.421,0.18572
4015.492,0.18560
4013.564,0.18548
4011.635,0.18538
4009.706,0.18526
4007.778,0.18511
4005.849,0.18496
4003.920,0.18487
4001.992,0.18479
4000.063,0.18469
3998.134,0.18462
3996.206,0.18461
3994.277,0.18461
3992.348,0.18455
3990.420,0.18442
3988.491,0.18428
3986.562,0.18414
3984.634,0.18398
3982.705,0.18380
3980.776,0.18360
3978.848,0.18339
3976.919,0.18319
3974.990,0.18298
3973.062,0.18278
3971.133,0.18261
3969.204,0.18249
3967.276,0.18236
3965.347,0.18221
3963.418,0.18209
3961.490,0.18201
3959.561,0.18193
3957.632,0.18181
3955.704,0.18168
3953.775,0.18158
3951.846,0.18148
3949.917,0.18135
3947.989,0.18119
3946.060,0.18104
3944.131,0.18089
3942.203,0.18075
3940.274,0.18061
3938.345,0.18049
3936.417,0.18041
3934.488,0.18037
3932.559,0.18032
3930.631,0.18022
3928.702,0.18011
3926.773,0.18003
3924.845,0.17996
3922.916,0.17987
3920.987,0.17977
3919.059,0.17966
3917.130,0.17952
3915.201,0.17936
3913.273,0.17919
3911.344,0.17904
3909.415,0.17890
3907.487,0.17882
3905.558,0.17876
3903.629,0.17866
3901.701,0.17851
3899.772,0.17834
3897.843,0.17815
3895.915,0.17799
3893.986,0.17791
3892.057,0.17785
3890.129,0.17773
3888.200,0.17760
3886.271,0.17752
3884.343,0.17742
3882.414,0.17733
3880.485,0.17722
3878.557,0.17706
3876.628,0.17693
3874.699,0.17684
3872.771,0.17676
3870.842,0.17666
3868.913,0.17654
3866.985,0.17644
3865.056,0.17635
3863.127,0.17624
3861.199,0.17610
3859.270,0.17600
3857.341,0.17601
3855.413,0.17607
3853.484,0.17597
3851.555,0.17566
3849.627,0.17535
3847.698,0.17517
3845.769,0.17507
3843.841,0.17500
3841.912,0.17494
3839.983,0.17488
3838.055,0.17480
3836.126,0.17468
3834.197,0.17456
3832.269,0.17444
3830.340,0.17427
3828.411,0.17412
3826.483,0.17401
3824.554,0.17395
3822.625,0.17389
3820.697,0.17377
3818.768,0.17364
3816.839,0.17355
3814.911,0.17341
3812.982,0.17324
3811.053,0.17312
3809.125,0.17305
3807.196,0.17298
3805.267,0.17287
3803.339,0.17278
3801.410,0.17267
3799.481,0.17252
3797.553,0.17240
3795.624,0.17230
3793.695,0.17219
3791.767,0.17208
3789.838,0.17194
3787.909,0.17179
3785.980,0.17168
3784.052,0.17156
3782.123,0.17144
3780.194,0.17132
3778.266,0.17121
3776.337,0.17109
3774.408,0.17098
3772.480,0.17090
3770.551,0.17082
3768.622,0.17071
3766.694,0.17060
3764.765,0.17049
3762.836,0.17040
3760.908,0.17034
3758.979,0.17028
3757.050,0.17019
3755.122,0.17012
3753.193,0.17010
3751.264,0.17006
3749.336,0.16998
3747.407,0.16992
3745.478,0.16987
3743.550,0.16969
3741.621,0.16944
3739.692,0.16930
3737.764,0.16925
3735.835,0.16919
3733.906,0.16907
3731.978,0.16889
3730.049,0.16870
3728.120,0.16856
3726.192,0.16846
3724.263,0.16836
3722.334,0.16826
3720.406,0.16816
3718.477,0.16804
3716.548,0.16795
3714.620,0.16792
3712.691,0.16790
3710.762,0.16781
3708.834,0.16767
3706.905,0.16755
3704.976,0.16748
3703.048,0.16743
3701.119,0.16732
3699.190,0.16720
3697.262,0.16713
3695.333,0.16709
3693.404,0.16706
3691.476,0.16702
3689.547,0.16695
3687.618,0.16682
3685.690,0.16669
3683.761,0.16660
3681.832,0.16657
3679.904,0.16660
3677.975,0.16669
3676.046,0.16675
3674.118,0.16670
3672.189,0.16662
3670.260,0.16655
3668.332,0.16643
3666.403,0.16629
3664.474,0.16617
3662.546,0.16608
3660.617,0.16603
3658.688,0.16601
3656.760,0.16596
3654.831,0.16586
3652.902,0.16583
3650.974,0.16587
3649.045,0.16584
3647.116,0.16569
3645.188,0.16552
3643.259,0.16542
3641.330,0.16536
3639.402,0.16529
3637.473,0.16524
3635.544,0.16524
3633.616,0.16527
3631.687,0.16535
3629.758,0.16539
3627.830,0.16532
3625.901,0.16520
3623.972,0.16515
3622.043,0.16514
3620.115,0.16516
3618.186,0.16514
3616.257,0.16509
3614.329,0.16508
3612.400,0.16510
3610.471,0.16514
3608.543,0.16514
3606.614,0.16508
3604.685,0.16501
3602.757,0.16498
3600.828,0.16500
3598.899,0.16504
3596.971,0.16506
3595.042,0.16507
3593.113,0.16509
3591.185,0.16514
3589.256,0.16518
3587.327,0.16516
3585.399,0.16509
3583.470,0.16505
3581.541,0.16505
3579.613,0.16503
3577.684,0.16500
3575.755,0.16500
3573.827,0.16502
3571.898,0.16504
3569.969,0.16507
3568.041,0.16511
3566.112,0.16511
3564.183,0.16506
3562.255,0.16502
3560.326,0.16502
3558.397,0.16505
3556.469,0.16508
3554.540,0.16508
3552.611,0.16508
3550.683,0.16508
3548.754,0.16510
3546.825,0.16512
3544.897,0.16512
3542.968,0.16513
3541.039,0.16516
3539.111,0.16518
3537.182,0.16516
3535.253,0.16512
3533.325,0.16508
3531.396,0.16507
3529.467,0.16502
3527.539,0.16494
3525.610,0.16487
3523.681,0.16483
3521.753,0.16478
3519.824,0.16471
3517.895,0.16463
3515.967,0.16458
3514.038,0.16454
3512.109,0.16448
3510.181,0.16442
3508.252,0.16440
3506.323,0.16441
3504.395,0.16439
3502.466,0.16433
3500.537,0.16426
3498.609,0.16422
3496.680,0.16418
3494.751,0.16413
3492.823,0.16409
3490.894,0.16407
3488.965,0.16407
3487.037,0.16402
3485.108,0.16396
3483.179,0.16393
3481.251,0.16394
3479.322,0.16393
3477.393,0.16389
3475.465,0.16388
3473.536,0.16391
3471.607,0.16395
3469.679,0.16394
3467.750,0.16393
3465.821,0.16398
3463.892,0.16404
3461.964,0.16402
3460.035,0.16394
3458.106,0.16389
3456.178,0.16390
3454.249,0.16387
3452.320,0.16376
3450.392,0.16364
3448.463,0.16361
3446.534,0.16358
3444.606,0.16347
3442.677,0.16333
3440.748,0.16323
3438.820,0.16320
3436.891,0.16313
3434.962,0.16297
3433.034,0.16280
3431.105,0.16270
3429.176,0.16266
3427.248,0.16258
3425.319,0.16247
3423.390,0.16242
3421.462,0.16242
3419.533,0.16238
3417.604,0.16225
3415.676,0.16211
3413.747,0.16202
3411.818,0.16190
3409.890,0.16169
3407.961,0.16141
3406.032,0.16119
3404.104,0.16102
3402.175,0.16082
3400.246,0.16055
3398.318,0.16031
3396.389,0.16015
3394.460,0.15999
3392.532,0.15978
3390.603,0.15957
3388.674,0.15942
3386.746,0.15930
3384.817,0.15912
3382.888,0.15890
3380.960,0.15874
3379.031,0.15865
3377.102,0.15853
3375.174,0.15833
3373.245,0.15812
3371.316,0.15797
3369.388,0.15785
3367.459,0.15766
3365.530,0.15741
3363.602,0.15720
3361.673,0.15706
3359.744,0.15691
3357.816,0.15673
3355.887,0.15656
3353.958,0.15644
3352.030,0.15633
3350.101,0.15614
3348.172,0.15591
3346.244,0.15572
3344.315,0.15557
3342.386,0.15539
3340.458,0.15515
3338.529,0.15494
3336.600,0.15479
3334.672,0.15464
3332.743,0.15444
3330.814,0.15423
3328.886,0.15409
3326.957,0.15399
3325.028,0.15387
3323.100,0.15372
3321.171,0.15361
3319.242,0.15351
3317.314,0.15337
3315.385,0.15317
3313.456,0.15298
3311.528,0.15285
3309.599,0.15273
3307.670,0.15255
3305.742,0.15235
3303.813,0.15223
3301.884,0.15215
3299.955,0.15202
3298.027,0.15183
3296.098,0.15168
3294.169,0.15160
3292.241,0.15151
3290.312,0.15135
3288.383,0.15118
3286.455,0.15107
3284.526,0.15097
3282.597,0.15084
3280.669,0.15068
3278.740,0.15053
3276.811,0.15043
3274.883,0.15033
3272.954,0.15016
3271.025,0.14999
3269.097,0.14989
3267.168,0.14980
3265.239,0.14965
3263.311,0.14945
3261.382,0.14930
3259.453,0.14920
3257.525,0.14908
3255.596,0.14891
3253.667,0.14877
3251.739,0.14868
3249.810,0.14858
3247.881,0.14840
3245.953,0.14819
3244.024,0.14803
3242.095,0.14793
3240.167,0.14779
3238.238,0.14758
3236.309,0.14738
3234.381,0.14726
3232.452,0.14713
3230.523,0.14695
3228.595,0.14676
3226.666,0.14664
3224.737,0.14656
3222.809,0.14642
3220.880,0.14620
3218.951,0.14602
3217.023,0.14593
3215.094,0.14580
3213.165,0.14557
3211.237,0.14533
3209.308,0.14515
3207.379,0.14501
3205.451,0.14484
3203.522,0.14463
3201.593,0.14446
3199.665,0.14434
3197.736,0.14423
3195.807,0.14411
3193.879,0.14404
3191.950,0.14404
3190.021,0.14406
3188.093,0.14404
3186.164,0.14403
3184.235,0.14408
3182.307,0.14414
3180.378,0.14416
3178.449,0.14411
3176.521,0.14407
3174.592,0.14406
3172.663,0.14406
3170.735,0.14405
3168.806,0.14405
3166.877,0.14409
3164.949,0.14410
3163.020,0.14407
3161.091,0.14401
3159.163,0.14398
3157.234,0.14400
3155.305,0.14397
3153.377,0.14389
3151.448,0.14381
3149.519,0.14377
3147.591,0.14377
3145.662,0.14381
3143.733,0.14394
3141.804,0.14416
3139.876,0.14441
3137.947,0.14459
3136.018,0.14472
3134.090,0.14483
3132.161,0.14487
3130.232,0.14481
3128.304,0.14467
3126.375,0.14459
3124.446,0.14461
3122.518,0.14467
3120.589,0.14475
3118.660,0.14491
3116.732,0.14520
3114.803,0.14557
3112.874,0.14596
3110.946,0.14635
3109.017,0.14674
3107.088,0.14713
3105.160,0.14746
3103.231,0.14774
3101.302,0.14805
3099.374,0.14848
3097.445,0.14902
3095.516,0.14962
3093.588,0.15038
3091.659,0.15149
3089.730,0.15319
3087.802,0.15580
3085.873,0.16001
3083.944,0.16732
3082.016,0.18065
3080.087,0.20477
3078.158,0.24049
3076.230,0.27205
3074.301,0.27466
3072.372,0.25188
3070.444,0.23465
3068.515,0.24016
3066.586,0.25348
3064.658,0.24687
3062.729,0.21927
3060.800,0.19145
3058.872,0.17363
3056.943,0.16362
3055.014,0.15741
3053.086,0.15297
3051.157,0.14976
3049.228,0.14759
3047.300,0.14613
3045.371,0.14507
3043.442,0.14421
3041.514,0.14345
3039.585,0.14278
3037.656,0.14224
3035.728,0.14181
3033.799,0.14148
3031.870,0.14123
3029.942,0.14110
3028.013,0.14108
3026.084,0.14118
3024.156,0.14140
3022.227,0.14171
3020.298,0.14215
3018.370,0.14277
3016.441,0.14367
3014.512,0.14493
3012.584,0.14668
3010.655,0.14918
3008.726,0.15289
3006.798,0.15833
3004.869,0.16509
3002.940,0.17083
3001.012,0.17247
2999.083,0.16941
2997.154,0.16411
2995.226,0.15922
2993.297,0.15579
2991.368,0.15365
2989.440,0.15237
2987.511,0.15161
2985.582,0.15126
2983.654,0.15128
2981.725,0.15168
2979.796,0.15235
2977.867,0.15324
2975.939,0.15443
2974.010,0.15597
2972.081,0.15781
2970.153,0.15986
2968.224,0.16206
2966.295,0.16430
2964.367,0.16636
2962.438,0.16799
2960.509,0.16906
2958.581,0.16963
2956.652,0.16983
2954.723,0.16989
2952.795,0.17010
2950.866,0.17058
2948.937,0.17098
2947.009,0.17074
2945.080,0.16993
2943.151,0.16927
2941.223,0.16931
2939.294,0.17009
2937.365,0.17130
2935.437,0.17260
2933.508,0.17378
2931.579,0.17464
2929.651,0.17499
2927.722,0.17473
2925.793,0.17391
2923.865,0.17271
2921.936,0.17123
2920.007,0.16951
2918.079,0.16753
2916.150,0.16535
2914.221,0.16319
2912.293,0.16123
2910.364,0.15954
2908.435,0.15810
2906.507,0.15689
2904.578,0.15579
2902.649,0.15470
2900.721,0.15360
2898.792,0.15258
2896.863,0.15160
2894.935,0.15057
2893.006,0.14950
2891.077,0.14850
2889.149,0.14766
2887.220,0.14703
2885.291,0.14663
2883.363,0.14651
2881.434,0.14670
2879.505,0.14709
2877.577,0.14748
2875.648,0.14771
2873.719,0.14772
2871.791,0.14753
2869.862,0.14731
2867.933,0.14735
2866.005,0.14783
2864.076,0.14872
2862.147,0.14963
2860.219,0.15016
2858.290,0.15011
2856.361,0.14948
2854.433,0.14839
2852.504,0.14690
2850.575,0.14507
2848.647,0.14299
2846.718,0.14098
2844.789,0.13941
2842.861,0.13839
2840.932,0.13787
2839.003,0.13766
2837.075,0.13745
2835.146,0.13699
2833.217,0.13625
2831.289,0.13534
2829.360,0.13433
2827.431,0.13318
2825.503,0.13194
2823.574,0.13081
2821.645,0.13001
2819.716,0.12951
2817.788,0.12921
2815.859,0.12907
2813.930,0.12911
2812.002,0.12925
2810.073,0.12934
2808.144,0.12932
2806.216,0.12925
2804.287,0.12915
2802.358,0.12885
2800.430,0.12822
2798.501,0.12735
2796.572,0.12639
2794.644,0.12545
2792.715,0.12454
2790.786,0.12373
2788.858,0.12312
2786.929,0.12270
2785.000,0.12234
2783.072,0.12197
2781.143,0.12167
2779.214,0.12151
2777.286,0.12142
2775.357,0.12132
2773.428,0.12124
2771.500,0.12124
2769.571,0.12130
2767.642,0.12130
2765.714,0.12126
2763.785,0.12130
2761.856,0.12151
2759.928,0.12181
2757.999,0.12212
2756.070,0.12244
2754.142,0.12285
2752.213,0.12335
2750.284,0.12381
2748.356,0.12410
2746.427,0.12407
2744.498,0.12371
2742.570,0.12306
2740.641,0.12227
2738.712,0.12152
2736.784,0.12094
2734.855,0.12046
2732.926,0.11998
2730.998,0.11952
2729.069,0.11918
2727.140,0.11891
2725.212,0.11859
2723.283,0.11822
2721.354,0.11794
2719.426,0.11777
2717.497,0.11764
2715.568,0.11745
2713.640,0.11728
2711.711,0.11721
2709.782,0.11718
2707.854,0.11714
2705.925,0.11709
2703.996,0.11708
2702.068,0.11709
2700.139,0.11702
2698.210,0.11687
2696.282,0.11676
2694.353,0.11675
2692.424,0.11680
2690.496,0.11680
2688.567,0.11677
2686.638,0.11681
2684.710,0.11687
2682.781,0.11683
2680.852,0.11669
2678.924,0.11660
2676.995,0.11662
2675.066,0.11664
2673.138,0.11657
2671.209,0.11643
2669.280,0.11630
2667.352,0.11612
2665.423,0.11584
2663.494,0.11550
2661.566,0.11520
2659.637,0.11498
2657.708,0.11474
2655.779,0.11446
2653.851,0.11420
2651.922,0.11402
2649.993,0.11388
2648.065,0.11372
2646.136,0.11359
2644.207,0.11352
2642.279,0.11349
2640.350,0.11342
2638.421,0.11330
2636.493,0.11322
2634.564,0.11323
2632.635,0.11327
2630.707,0.11329
2628.778,0.11335
2626.849,0.11350
2624.921,0.11369
2622.992,0.11382
2621.063,0.11388
2619.135,0.11392
2617.206,0.11397
2615.277,0.11397
2613.349,0.11391
2611.420,0.11384
2609.491,0.11383
2607.563,0.11389
2605.634,0.11391
2603.705,0.11389
2601.777,0.11385
2599.848,0.11376
2597.919,0.11362
2595.991,0.11345
2594.062,0.11332
2592.133,0.11329
2590.205,0.11332
2588.276,0.11334
2586.347,0.11332
2584.419,0.11332
2582.490,0.11329
2580.561,0.11316
2578.633,0.11290
2576.704,0.11257
2574.775,0.11224
2572.847,0.11194
2570.918,0.11163
2568.989,0.11130
2567.061,0.11099
2565.132,0.11073
2563.203,0.11046
2561.275,0.11015
2559.346,0.10986
2557.417,0.10963
2555.489,0.10947
2553.560,0.10938
2551.631,0.10937
2549.703,0.10945
2547.774,0.10962
2545.845,0.10979
2543.917,0.10986
2541.988,0.10982
2540.059,0.10973
2538.131,0.10963
2536.202,0.10944
2534.273,0.10915
2532.345,0.10885
2530.416,0.10862
2528.487,0.10843
2526.559,0.10821
2524.630,0.10799
2522.701,0.10785
2520.773,0.10781
2518.844,0.10779
2516.915,0.10776
2514.987,0.10779
2513.058,0.10794
2511.129,0.10814
2509.201,0.10828
2507.272,0.10840
2505.343,0.10859
2503.415,0.10882
2501.486,0.10895
2499.557,0.10892
2497.628,0.10885
2495.700,0.10885
2493.771,0.10889
2491.842,0.10889
2489.914,0.10889
2487.985,0.10902
2486.056,0.10925
2484.128,0.10943
2482.199,0.10946
2480.270,0.10943
2478.342,0.10945
2476.413,0.10947
2474.484,0.10942
2472.556,0.10935
2470.627,0.10936
2468.698,0.10941
2466.770,0.10930
2464.841,0.10903
2462.912,0.10876
2460.984,0.10862
2459.055,0.10853
2457.126,0.10837
2455.198,0.10822
2453.269,0.10816
2451.340,0.10810
2449.412,0.10787
2447.483,0.10752
2445.554,0.10722
2443.626,0.10703
2441.697,0.10681
2439.768,0.10648
2437.840,0.10619
2435.911,0.10614
2433.982,0.10624
2432.054,0.10632
2430.125,0.10636
2428.196,0.10650
2426.268,0.10675
2424.339,0.10689
2422.410,0.10683
2420.482,0.10666
2418.553,0.10649
2416.624,0.10628
2414.696,0.10597
2412.767,0.10569
2410.838,0.10560
2408.910,0.10565
2406.981,0.10563
2405.052,0.10546
2403.124,0.10530
2401.195,0.10523
2399.266,0.10517
2397.338,0.10503
2395.409,0.10493
2393.480,0.10502
2391.552,0.10524
2389.623,0.10544
2387.694,0.10564
2385.766,0.10596
2383.837,0.10638
2381.908,0.10670
2379.980,0.10685
2378.051,0.10692
2376.122,0.10693
2374.194,0.10680
2372.265,0.10645
2370.336,0.10607
2368.408,0.10585
2366.479,0.10575
2364.550,0.10562
2362.622,0.10547
2360.693,0.10542
2358.764,0.10548
2356.836,0.10551
2354.907,0.10545
2352.978,0.10539
2351.050,0.10542
2349.121,0.10541
2347.192,0.10524
2345.264,0.10494
2343.335,0.10464
2341.406,0.10433
2339.478,0.10384
2337.549,0.10321
2335.620,0.10267
2333.691,0.10232
2331.763,0.10201
2329.834,0.10168
2327.905,0.10145
2325.977,0.10138
2324.048,0.10138
2322.119,0.10129
2320.191,0.10117
2318.262,0.10120
2316.333,0.10137
2314.405,0.10148
2312.476,0.10151
2310.547,0.10168
2308.619,0.10207
2306.690,0.10246
2304.761,0.10267
2302.833,0.10281
2300.904,0.10304
2298.975,0.10321
2297.047,0.10309
2295.118,0.10271
2293.189,0.10235
2291.261,0.10215
2289.332,0.10189
2287.403,0.10149
2285.475,0.10117
2283.546,0.10110
2281.617,0.10110
2279.689,0.10093
2277.760,0.10065
2275.831,0.10055
2273.903,0.10062
2271.974,0.10062
2270.045,0.10044
2268.117,0.10030
2266.188,0.10034
2264.259,0.10032
2262.331,0.10007
2260.402,0.09977
2258.473,0.09968
2256.545,0.09972
2254.616,0.09959
2252.687,0.09929
2250.759,0.09908
2248.830,0.09906
2246.901,0.09898
2244.973,0.09867
2243.044,0.09833
2241.115,0.09822
2239.187,0.09821
2237.258,0.09805
2235.329,0.09777
2233.401,0.09762
2231.472,0.09762
2229.543,0.09753
2227.615,0.09727
2225.686,0.09704
2223.757,0.09702
2221.829,0.09707
2219.900,0.09696
2217.971,0.09677
2216.043,0.09672
2214.114,0.09679
2212.185,0.09678
2210.257,0.09662
2208.328,0.09655
2206.399,0.09667
2204.471,0.09685
2202.542,0.09693
2200.613,0.09703
2198.685,0.09727
2196.756,0.09754
2194.827,0.09764
2192.899,0.09756
2190.970,0.09750
2189.041,0.09749
2187.113,0.09740
2185.184,0.09718
2183.255,0.09699
2181.327,0.09696
2179.398,0.09694
2177.469,0.09681
2175.540,0.09668
2173.612,0.09669
2171.683,0.09678
2169.754,0.09681
2167.826,0.09676
2165.897,0.09678
2163.968,0.09686
2162.040,0.09686
2160.111,0.09671
2158.182,0.09653
2156.254,0.09643
2154.325,0.09632
2152.396,0.09608
2150.468,0.09585
2148.539,0.09576
2146.610,0.09576
2144.682,0.09566
2142.753,0.09548
2140.824,0.09540
2138.896,0.09544
2136.967,0.09546
2135.038,0.09538
2133.110,0.09533
2131.181,0.09544
2129.252,0.09555
2127.324,0.09548
2125.395,0.09525
2123.466,0.09511
2121.538,0.09509
2119.609,0.09502
2117.680,0.09482
2115.752,0.09468
2113.823,0.09472
2111.894,0.09479
2109.966,0.09468
2108.037,0.09450
2106.108,0.09448
2104.180,0.09459
2102.251,0.09460
2100.322,0.09443
2098.394,0.09426
2096.465,0.09421
2094.536,0.09414
2092.608,0.09390
2090.679,0.09357
2088.750,0.09334
2086.822,0.09321
2084.893,0.09303
2082.964,0.09280
2081.036,0.09270
2079.107,0.09285
2077.178,0.09311
2075.250,0.09334
2073.321,0.09357
2071.392,0.09389
2069.464,0.09427
2067.535,0.09452
2065.606,0.09455
2063.678,0.09449
2061.749,0.09442
2059.820,0.09432
2057.892,0.09411
2055.963,0.09385
2054.034,0.09367
2052.106,0.09356
2050.177,0.09340
2048.248,0.09316
2046.320,0.09296
2044.391,0.09288
2042.462,0.09287
2040.534,0.09288
2038.605,0.09291
2036.676,0.09301
2034.748,0.09317
2032.819,0.09333
2030.890,0.09348
2028.962,0.09363
2027.033,0.09376
2025.104,0.09384
2023.176,0.09380
2021.247,0.09365
2019.318,0.09351
2017.390,0.09344
2015.461,0.09340
2013.532,0.09339
2011.603,0.09341
2009.675,0.09349
2007.746,0.09363
2005.817,0.09375
2003.889,0.09377
2001.960,0.09371
2000.031,0.09364
1998.103,0.09361
1996.174,0.09357
1994.245,0.09352
1992.317,0.09350
1990.388,0.09355
1988.459,0.09370
1986.531,0.09389
1984.602,0.09407
1982.673,0.09424
1980.745,0.09438
1978.816,0.09447
1976.887,0.09450
1974.959,0.09452
1973.030,0.09458
1971.101,0.09467
1969.173,0.09474
1967.244,0.09475
1965.315,0.09476
1963.387,0.09482
1961.458,0.09491
1959.529,0.09493
1957.601,0.09489
1955.672,0.09485
1953.743,0.09484
1951.815,0.09485
1949.886,0.09486
1947.957,0.09489
1946.029,0.09495
1944.100,0.09502
1942.171,0.09504
1940.243,0.09499
1938.314,0.09492
1936.385,0.09486
1934.457,0.09481
1932.528,0.09474
1930.599,0.09469
1928.671,0.09470
1926.742,0.09476
1924.813,0.09484
1922.885,0.09495
1920.956,0.09505
1919.027,0.09516
1917.099,0.09524
1915.170,0.09525
1913.241,0.09522
1911.313,0.09516
1909.384,0.09510
1907.455,0.09502
1905.527,0.09494
1903.598,0.09485
1901.669,0.09476
1899.741,0.09471
1897.812,0.09469
1895.883,0.09468
1893.955,0.09472
1892.026,0.09485
1890.097,0.09506
1888.169,0.09526
1886.240,0.09543
1884.311,0.09561
1882.383,0.09583
1880.454,0.09606
1878.525,0.09625
1876.597,0.09638
1874.668,0.09647
1872.739,0.09655
1870.811,0.09663
1868.882,0.09667
1866.953,0.09667
1865.025,0.09670
1863.096,0.09673
1861.167,0.09672
1859.239,0.09664
1857.310,0.09657
1855.381,0.09651
1853.452,0.09645
1851.524,0.09641
1849.595,0.09646
1847.666,0.09670
1845.738,0.09702
1843.809,0.09728
1841.880,0.09746
1839.952,0.09768
1838.023,0.09794
1836.094,0.09814
1834.166,0.09828
1832.237,0.09847
1830.308,0.09874
1828.380,0.09900
1826.451,0.09921
1824.522,0.09942
1822.594,0.09972
1820.665,0.10010
1818.736,0.10047
1816.808,0.10083
1814.879,0.10126
1812.950,0.10177
1811.022,0.10227
1809.093,0.10265
1807.164,0.10297
1805.236,0.10331
1803.307,0.10364
1801.378,0.10386
1799.450,0.10399
1797.521,0.10417
1795.592,0.10446
1793.664,0.10478
1791.735,0.10504
1789.806,0.10532
1787.878,0.10577
1785.949,0.10634
1784.020,0.10692
1782.092,0.10752
1780.163,0.10824
1778.234,0.10909
1776.306,0.10994
1774.377,0.11067
1772.448,0.11127
1770.520,0.11177
1768.591,0.11212
1766.662,0.11231
1764.734,0.11251
1762.805,0.11293
1760.876,0.11364
1758.948,0.11452
1757.019,0.11559
1755.090,0.11704
1753.162,0.11915
1751.233,0.12211
1749.304,0.12600
1747.376,0.13102
1745.447,0.13712
1743.518,0.14351
1741.590,0.14873
1739.661,0.15146
1737.732,0.15131
1735.804,0.14888
1733.875,0.14507
1731.946,0.14080
1730.018,0.13697
1728.089,0.13409
1726.160,0.13223
1724.232,0.13113
1722.303,0.13053
1720.374,0.13043
1718.446,0.13078
1716.517,0.13135
1714.588,0.13190
1712.660,0.13242
1710.731,0.13303
1708.802,0.13375
1706.874,0.13444
1704.945,0.13497
1703.016,0.13548
1701.088,0.13612
1699.159,0.13675
1697.230,0.13725
1695.302,0.13773
1693.373,0.13836
1691.444,0.13921
1689.515,0.14009
1687.587,0.14086
1685.658,0.14167
1683.729,0.14264
1681.801,0.14366
1679.872,0.14466
1677.943,0.14572
1676.015,0.14697
1674.086,0.14836
1672.157,0.14977
1670.229,0.15116
1668.300,0.15262
1666.371,0.15432
1664.443,0.15623
1662.514,0.15820
1660.585,0.16016
1658.657,0.16230
1656.728,0.16474
1654.799,0.16737
1652.871,0.17001
1650.942,0.17269
1649.013,0.17556
1647.085,0.17842
1645.156,0.18099
1643.227,0.18335
1641.299,0.18577
1639.370,0.18840
1637.441,0.19128
1635.513,0.19446
1633.584,0.19804
1631.655,0.20216
1629.727,0.20678
1627.798,0.21177
1625.869,0.21716
1623.941,0.22304
1622.012,0.22944
1620.083,0.23645
1618.155,0.24432
1616.226,0.25318
1614.297,0.26308
1612.369,0.27440
1610.440,0.28798
1608.511,0.30517
1606.583,0.32770
1604.654,0.35701
1602.725,0.39243
1600.797,0.42879
1598.868,0.45736
1596.939,0.47389
1595.011,0.48273
1593.082,0.48556
1591.153,0.47291
1589.225,0.43965
1587.296,0.39840
1585.367,0.36610
1583.439,0.35088
1581.510,0.35352
1579.581,0.37089
1577.653,0.39573
1575.724,0.41680
1573.795,0.42364
1571.867,0.41212
1569.938,0.38460
1568.009,0.34738
1566.081,0.30785
1564.152,0.27132
1562.223,0.23996
1560.295,0.21388
1558.366,0.19292
1556.437,0.17753
1554.509,0.16823
1552.580,0.16490
1550.651,0.16727
1548.723,0.17599
1546.794,0.19272
1544.865,0.21890
1542.937,0.25272
1541.008,0.28591
1539.079,0.30909
1537.151,0.32352
1535.222,0.33667
1533.293,0.34576
1531.364,0.33968
1529.436,0.31638
1527.507,0.28543
1525.578,0.25610
1523.650,0.23206
1521.721,0.21334
1519.792,0.19876
1517.864,0.18705
1515.935,0.17731
1514.006,0.16923
1512.078,0.16271
1510.149,0.15737
1508.220,0.15261
1506.292,0.14809
1504.363,0.14383
1502.434,0.13997
1500.506,0.13659
1498.577,0.13392
1496.648,0.13214
1494.720,0.13092
1492.791,0.12975
1490.862,0.12847
1488.934,0.12734
1487.005,0.12672
1485.076,0.12675
1483.148,0.12763
1481.219,0.12960
1479.290,0.13275
1477.362,0.13677
1475.433,0.14154
1473.504,0.14749
1471.576,0.15553
1469.647,0.16669
1467.718,0.18249
1465.790,0.20581
1463.861,0.23907
1461.932,0.27640
1460.004,0.29844
1458.075,0.28776
1456.146,0.25104
1454.218,0.20996
1452.289,0.17872
1450.360,0.16012
1448.432,0.15208
1446.503,0.15230
1444.574,0.15933
1442.646,0.17254
1440.717,0.19202
1438.788,0.21687
1436.860,0.24181
1434.931,0.25717
1433.002,0.25747
1431.074,0.24845
1429.145,0.24106
1427.216,0.24221
1425.288,0.25010
1423.359,0.25283
1421.430,0.23811
1419.502,0.20955
1417.573,0.18189
1415.644,0.16404
1413.716,0.15615
1411.787,0.15526
1409.858,0.15863
1407.930,0.16478
1406.001,0.17350
1404.072,0.18525
1402.144,0.20080
1400.215,0.22140
1398.286,0.24804
1396.358,0.27916
1394.429,0.30967
1392.500,0.33380
1390.572,0.34699
1388.643,0.34466
1386.714,0.32522
1384.786,0.29389
1382.857,0.25960
1380.928,0.23039
1379.000,0.21078
1377.071,0.19803
1375.142,0.18355
1373.214,0.16444
1371.285,0.14761
1369.356,0.13882
1367.427,0.13714
1365.499,0.13966
1363.570,0.14571
1361.641,0.15623
1359.713,0.17204
1357.784,0.19332
1355.855,0.21872
1353.927,0.24258
1351.998,0.25505
1350.069,0.24999
1348.141,0.23237
1346.212,0.21282
1344.283,0.19798
1342.355,0.18886
1340.426,0.18483
1338.497,0.18541
1336.569,0.18880
1334.640,0.19265
1332.711,0.19694
1330.783,0.20405
1328.854,0.21580
1326.925,0.23172
1324.997,0.24918
1323.068,0.26448
1321.139,0.27487
1319.211,0.28066
1317.282,0.28515
1315.353,0.29141
1313.425,0.29836
1311.496,0.30002
1309.567,0.29060
1307.639,0.27089
1305.710,0.24754
1303.781,0.22703
1301.853,0.21216
1299.924,0.20276
1297.995,0.19787
1296.067,0.19691
1294.138,0.19944
1292.209,0.20493
1290.281,0.21329
1288.352,0.22533
1286.423,0.24247
1284.495,0.26654
1282.566,0.30037
1280.637,0.34710
1278.709,0.40545
1276.780,0.46386
1274.851,0.50667
1272.923,0.53329
1270.994,0.55463
1269.065,0.56772
1267.137,0.55543
1265.208,0.51287
1263.279,0.45592
1261.351,0.40205
1259.422,0.35793
1257.493,0.32279
1255.565,0.29474
1253.636,0.27343
1251.707,0.25937
1249.779,0.25151
1247.850,0.24623
1245.921,0.24112
1243.993,0.23856
1242.064,0.24286
1240.135,0.25592
1238.207,0.27551
1236.278,0.29522
1234.349,0.30731
1232.421,0.30801
1230.492,0.29971
1228.563,0.28792
1226.635,0.27788
1224.706,0.27349
1222.777,0.27683
1220.849,0.28630
1218.920,0.29526
1216.991,0.29573
1215.063,0.28541
1213.134,0.26868
1211.205,0.25102
1209.277,0.23522
1207.348,0.22163
1205.419,0.20982
1203.490,0.19971
1201.562,0.19137
1199.633,0.18440
1197.704,0.17819
1195.776,0.17261
1193.847,0.16787
1191.918,0.16393
1189.990,0.16035
1188.061,0.15693
1186.132,0.15396
1184.204,0.15156
1182.275,0.14931
1180.346,0.14683
1178.418,0.14430
1176.489,0.14209
1174.560,0.14000
1172.632,0.13758
1170.703,0.13485
1168.774,0.13226
1166.846,0.12985
1164.917,0.12728
1162.988,0.12450
1161.060,0.12200
1159.131,0.11998
1157.202,0.11801
1155.274,0.11573
1153.345,0.11341
1151.416,0.11141
1149.488,0.10952
1147.559,0.10734
1145.630,0.10503
1143.702,0.10313
1141.773,0.10169
1139.844,0.10033
1137.916,0.09900
1135.987,0.09816
1134.058,0.09803
1132.130,0.09810
1130.201,0.09762
1128.272,0.09640
1126.344,0.09482
1124.415,0.09304
1122.486,0.09097
1120.558,0.08884
1118.629,0.08716
1116.700,0.08596
1114.772,0.08475
1112.843,0.08338
1110.914,0.08227
1108.986,0.08168
1107.057,0.08128
1105.128,0.08067
1103.200,0.08002
1101.271,0.07971
1099.342,0.07962
1097.414,0.07935
1095.485,0.07897
1093.556,0.07893
1091.628,0.07939
1089.699,0.07998
1087.770,0.08039
1085.842,0.08068
1083.913,0.08093
1081.984,0.08094
1080.056,0.08055
1078.127,0.08007
1076.198,0.07997
1074.270,0.08034
1072.341,0.08096
1070.412,0.08190
1068.484,0.08351
1066.555,0.08590
1064.626,0.08888
1062.698,0.09234
1060.769,0.09643
1058.840,0.10136
1056.912,0.10728
1054.983,0.11462
1053.054,0.12429
1051.126,0.13741
1049.197,0.15532
1047.268,0.18016
1045.339,0.21503
1043.411,0.26024
1041.482,0.30377
1039.553,0.32094
1037.625,0.30165
1035.696,0.26420
1033.767,0.22793
1031.839,0.19922
1029.910,0.17925
1027.981,0.16823
1026.053,0.16488
1024.124,0.16685
1022.195,0.17145
1020.267,0.17577
1018.338,0.17690
1016.409,0.17294
1014.481,0.16415
1012.552,0.15264
1010.623,0.14079
1008.695,0.12967
1006.766,0.11925
1004.837,0.10963
1002.909,0.10157
1000.980,0.09554
999.051,0.09088
997.123,0.08681
995.194,0.08357
993.265,0.08178
991.337,0.08104
989.408,0.08033
987.479,0.07967
985.551,0.07996
983.622,0.08140
981.693,0.08306
979.765,0.08454
977.836,0.08676
975.907,0.09045
973.979,0.09497
972.050,0.09946
970.121,0.10435
968.193,0.11070
966.264,0.11844
964.335,0.12661
962.407,0.13519
960.478,0.14531
958.549,0.15766
956.621,0.17171
954.692,0.18694
952.763,0.20390
950.835,0.22263
948.906,0.23957
946.977,0.24876
945.049,0.24811
943.120,0.24206
941.191,0.23678
939.263,0.23609
937.334,0.24222
935.405,0.25743
933.477,0.28380
931.548,0.32172
929.619,0.36780
927.691,0.41209
925.762,0.43968
923.833,0.44281
921.905,0.43007
919.976,0.41632
918.047,0.40907
916.119,0.40669
914.190,0.40345
912.261,0.39446
910.333,0.37826
908.404,0.35668
906.475,0.33272
904.547,0.30874
902.618,0.28622
900.689,0.26601
898.761,0.24827
896.832,0.23252
894.903,0.21845
892.975,0.20659
891.046,0.19830
889.117,0.19641
887.189,0.20536
885.260,0.22602
883.331,0.24802
881.402,0.25535
879.474,0.24461
877.545,0.22610
875.616,0.20860
873.688,0.19418
871.759,0.18199
869.830,0.17143
867.902,0.16250
865.973,0.15495
864.044,0.14808
862.116,0.14180
860.187,0.13710
858.258,0.13605
856.330,0.14163
854.401,0.15300
852.472,0.16183
850.544,0.16391
848.615,0.16745
846.686,0.17892
844.758,0.19189
842.829,0.19444
840.900,0.18339
838.972,0.16622
837.043,0.15042
835.114,0.13868
833.186,0.13083
831.257,0.12523
829.328,0.12033
827.400,0.11614
825.471,0.11331
823.542,0.11137
821.614,0.10915
819.685,0.10661
817.756,0.10474
815.828,0.10372
813.899,0.10247
811.970,0.10040
810.042,0.09843
808.113,0.09745
806.184,0.09707
804.256,0.09673
802.327,0.09744
800.398,0.10105
798.470,0.10852
796.541,0.12045
794.612,0.13917
792.684,0.16852
790.755,0.20995
788.826,0.25769
786.898,0.29962
784.969,0.32681
783.040,0.33730
781.112,0.32883
779.183,0.30110
777.254,0.26354
775.326,0.22834
773.397,0.20067
771.468,0.17935
769.540,0.16221
767.611,0.14864
765.682,0.13844
763.754,0.13084
761.825,0.12673
759.896,0.13167
757.968,0.15364
756.039,0.19031
754.110,0.21831
752.182,0.21535
750.253,0.19116
748.324,0.16731
746.396,0.15157
744.467,0.14311
742.538,0.14159
740.610,0.14617
738.681,0.15148
736.752,0.15110
734.824,0.14485
732.895,0.13737
730.966,0.13134
729.038,0.12632
727.109,0.12175
725.180,0.11811
723.251,0.11546
721.323,0.11294
719.394,0.11008
717.465,0.10758
715.537,0.10601
713.608,0.10477
711.679,0.10303
709.751,0.10109
707.822,0.09976
705.893,0.09888
703.965,0.09765
702.036,0.09603
700.107,0.09478
698.179,0.09408
696.250,0.09325
694.321,0.09202
692.393,0.09096
690.464,0.09044
688.535,0.08997
686.607,0.08912
684.678,0.08832
682.749,0.08827
680.821,0.08895
678.892,0.09010
676.963,0.09221
675.035,0.09578
673.106,0.09972
671.177,0.10159
669.249,0.10026
667.320,0.09697
665.391,0.09342
663.463,0.09015
661.534,0.08724
659.605,0.08503
657.677,0.08354
655.748,0.08230
653.819,0.08097
651.891,0.07987
649.962,0.07934
648.033,0.07903
646.105,0.07847
644.176,0.07792
642.247,0.07773
640.319,0.07759
638.390,0.07701
636.461,0.07630
634.533,0.07615
632.604,0.07650
630.675,0.07692
628.747,0.07764
626.818,0.07934
624.889,0.08213
622.961,0.08552
621.032,0.08961
619.103,0.09532
617.175,0.10345
615.246,0.11422
613.317,0.12809
611.389,0.14576
609.460,0.16607
607.531,0.18460
605.603,0.19601
603.674,0.19836
601.745,0.19382
599.817,0.18604
597.888,0.17934
595.959,0.17915
594.031,0.18755
592.102,0.19826
590.173,0.20345
588.245,0.20252
586.316,0.19693
584.387,0.18619
582.459,0.17172
580.530,0.15672
578.601,0.14370
576.673,0.13385
574.744,0.12666
572.815,0.12054
570.887,0.11496
568.958,0.11072
567.029,0.10792
565.101,0.10530
563.172,0.10215
561.243,0.09945
559.314,0.09797
557.386,0.09679
555.457,0.09486
553.528,0.09278
551.600,0.09168
549.671,0.09116
547.742,0.08996
545.814,0.08820
543.885,0.08714
541.956,0.08691
540.028,0.08626
538.099,0.08487
536.170,0.08396
534.242,0.08403
532.313,0.08388
530.384,0.08271
528.456,0.08161
526.527,0.08168
524.598,0.08199
522.670,0.08121
520.741,0.07998
518.812,0.07981
516.884,0.08048
514.955,0.08062
513.026,0.08028
511.098,0.08078
509.169,0.08228
507.240,0.08355
505.312,0.08445
503.383,0.08648
501.454,0.09029
499.526,0.09455
497.597,0.09827
495.668,0.10247
493.740,0.10801
491.811,0.11351
489.882,0.11723
487.954,0.11952
486.025,0.12139
484.096,0.12243
482.168,0.12150
480.239,0.11904
478.310,0.11673
476.382,0.11525
474.453,0.11396
472.524,0.11315
470.596,0.11509
468.667,0.12141
466.738,0.13083
464.810,0.14074
462.881,0.14902
460.952,0.15357
459.024,0.15248
457.095,0.14626
455.166,0.13851
453.238,0.13236
451.309,0.12780
449.380,0.12345
447.452,0.11909
445.523,0.11586
443.594,0.11391
441.666,0.11128
439.737,0.10724
437.808,0.10403
435.880,0.10314
433.951,0.10272
432.022,0.10086
430.094,0.09876
428.165,0.09814
426.236,0.09867
424.308,0.09927
422.379,0.10066
420.450,0.10439
418.522,0.10995
416.593,0.11716
414.664,0.12789
412.736,0.14183
410.807,0.15547
408.878,0.16666
406.950,0.17512
405.021,0.18188
403.092,0.19132
401.163,0.20545
399.235,0.21981
