7600.891,0.39512
7598.962,0.39505
7597.034,0.39514
7595.105,0.39509
7593.176,0.39485
7591.248,0.39471
7589.319,0.39476
7587.390,0.39470
7585.462,0.39434
7583.533,0.39396
7581.604,0.39387
7579.676,0.39387
7577.747,0.39368
7575.818,0.39344
7573.890,0.39336
7571.961,0.39330
7570.032,0.39305
7568.104,0.39273
7566.175,0.39265
7564.246,0.39271
7562.318,0.39269
7560.389,0.39258
7558.460,0.39247
7556.532,0.39240
7554.603,0.39239
7552.674,0.39244
7550.746,0.39247
7548.817,0.39225
7546.888,0.39182
7544.960,0.39148
7543.031,0.39130
7541.102,0.39122
7539.174,0.39132
7537.245,0.39136
7535.316,0.39116
7533.388,0.39082
7531.459,0.39047
7529.530,0.39028
7527.602,0.39037
7525.673,0.39052
7523.744,0.39043
7521.816,0.39018
7519.887,0.39000
7517.958,0.38979
7516.030,0.38933
7514.101,0.38891
7512.172,0.38893
7510.244,0.38917
7508.315,0.38918
7506.386,0.38889
7504.458,0.38844
7502.529,0.38800
7500.600,0.38784
7498.672,0.38793
7496.743,0.38792
7494.814,0.38781
7492.885,0.38782
7490.957,0.38777
7489.028,0.38769
7487.099,0.38777
7485.171,0.38762
7483.242,0.38711
7481.313,0.38678
7479.385,0.38693
7477.456,0.38719
7475.527,0.38716
7473.599,0.38689
7471.670,0.38671
7469.741,0.38659
7467.813,0.38645
7465.884,0.38624
7463.955,0.38612
7462.027,0.38625
7460.098,0.38632
7458.169,0.38613
7456.241,0.38598
7454.312,0.38591
7452.383,0.38577
7450.455,0.38561
7448.526,0.38544
7446.597,0.38526
7444.669,0.38510
7442.740,0.38494
7440.811,0.38473
7438.883,0.38468
7436.954,0.38487
7435.025,0.38493
7433.097,0.38461
7431.168,0.38423
7429.239,0.38408
7427.311,0.38397
7425.382,0.38377
7423.453,0.38352
7421.525,0.38337
7419.596,0.38339
7417.667,0.38349
7415.739,0.38350
7413.810,0.38335
7411.881,0.38310
7409.953,0.38293
7408.024,0.38292
7406.095,0.38291
7404.167,0.38274
7402.238,0.38250
7400.309,0.38234
7398.381,0.38221
7396.452,0.38207
7394.523,0.38193
7392.595,0.38187
7390.666,0.38190
7388.737,0.38189
7386.809,0.38182
7384.880,0.38177
7382.951,0.38170
7381.023,0.38152
7379.094,0.38126
7377.165,0.38094
7375.237,0.38066
7373.308,0.38051
7371.379,0.38045
7369.451,0.38039
7367.522,0.38030
7365.593,0.38025
7363.665,0.38014
7361.736,0.37992
7359.807,0.37970
7357.879,0.37951
7355.950,0.37942
7354.021,0.37941
7352.093,0.37934
7350.164,0.37926
7348.235,0.37929
7346.307,0.37935
7344.378,0.37920
7342.449,0.37889
7340.521,0.37866
7338.592,0.37853
7336.663,0.37845
7334.734,0.37845
7332.806,0.37835
7330.877,0.37808
7328.948,0.37786
7327.020,0.37768
7325.091,0.37752
7323.162,0.37754
7321.234,0.37762
7319.305,0.37754
7317.376,0.37734
7315.448,0.37707
7313.519,0.37687
7311.590,0.37675
7309.662,0.37661
7307.733,0.37650
7305.804,0.37645
7303.876,0.37636
7301.947,0.37624
7300.018,0.37606
7298.090,0.37585
7296.161,0.37569
7294.232,0.37554
7292.304,0.37542
7290.375,0.37535
7288.446,0.37534
7286.518,0.37533
7284.589,0.37519
7282.660,0.37485
7280.732,0.37451
7278.803,0.37438
7276.874,0.37437
7274.946,0.37430
7273.017,0.37415
7271.088,0.37396
7269.160,0.37376
7267.231,0.37365
7265.302,0.37368
7263.374,0.37370
7261.445,0.37367
7259.516,0.37360
7257.588,0.37338
7255.659,0.37312
7253.730,0.37298
7251.802,0.37273
7249.873,0.37229
7247.944,0.37204
7246.016,0.37204
7244.087,0.37209
7242.158,0.37226
7240.230,0.37243
7238.301,0.37229
7236.372,0.37198
7234.444,0.37185
7232.515,0.37185
7230.586,0.37170
7228.658,0.37148
7226.729,0.37143
7224.800,0.37149
7222.872,0.37149
7220.943,0.37146
7219.014,0.37135
7217.086,0.37106
7215.157,0.37081
7213.228,0.37074
7211.300,0.37065
7209.371,0.37048
7207.442,0.37040
7205.514,0.37036
7203.585,0.37023
7201.656,0.37003
7199.728,0.36985
7197.799,0.36968
7195.870,0.36955
7193.942,0.36954
7192.013,0.36960
7190.084,0.36950
7188.156,0.36924
7186.227,0.36909
7184.298,0.36905
7182.370,0.36896
7180.441,0.36881
7178.512,0.36869
7176.584,0.36867
7174.655,0.36873
7172.726,0.36874
7170.797,0.36863
7168.869,0.36850
7166.940,0.36832
7165.011,0.36805
7163.083,0.36788
7161.154,0.36785
7159.225,0.36784
7157.297,0.36778
7155.368,0.36768
7153.439,0.36755
7151.511,0.36731
7149.582,0.36703
7147.653,0.36699
7145.725,0.36712
7143.796,0.36709
7141.867,0.36691
7139.939,0.36669
7138.010,0.36647
7136.081,0.36632
7134.153,0.36630
7132.224,0.36630
7130.295,0.36623
7128.367,0.36602
7126.438,0.36569
7124.509,0.36546
7122.581,0.36547
7120.652,0.36558
7118.723,0.36554
7116.795,0.36528
7114.866,0.36503
7112.937,0.36497
7111.009,0.36513
7109.080,0.36527
7107.151,0.36515
7105.223,0.36492
7103.294,0.36469
7101.365,0.36439
7099.437,0.36410
7097.508,0.36397
7095.579,0.36397
7093.651,0.36394
7091.722,0.36374
7089.793,0.36346
7087.865,0.36327
7085.936,0.36321
7084.007,0.36317
7082.079,0.36305
7080.150,0.36286
7078.221,0.36273
7076.293,0.36270
7074.364,0.36268
7072.435,0.36262
7070.507,0.36263
7068.578,0.36272
7066.649,0.36269
7064.721,0.36243
7062.792,0.36210
7060.863,0.36181
7058.935,0.36160
7057.006,0.36150
7055.077,0.36148
7053.149,0.36148
7051.220,0.36144
7049.291,0.36137
7047.363,0.36129
7045.434,0.36116
7043.505,0.36103
7041.577,0.36086
7039.648,0.36059
7037.719,0.36049
7035.791,0.36056
7033.862,0.36061
7031.933,0.36056
7030.005,0.36035
7028.076,0.36007
7026.147,0.35989
7024.219,0.35977
7022.290,0.35965
7020.361,0.35965
7018.433,0.35971
7016.504,0.35958
7014.575,0.35931
7012.646,0.35921
7010.718,0.35930
7008.789,0.35934
7006.860,0.35924
7004.932,0.35906
7003.003,0.35894
7001.074,0.35889
6999.146,0.35874
6997.217,0.35843
6995.288,0.35825
6993.360,0.35830
6991.431,0.35839
6989.502,0.35835
6987.574,0.35821
6985.645,0.35813
6983.716,0.35810
6981.788,0.35798
6979.859,0.35777
6977.930,0.35758
6976.002,0.35751
6974.073,0.35751
6972.144,0.35745
6970.216,0.35737
6968.287,0.35733
6966.358,0.35723
6964.430,0.35702
6962.501,0.35678
6960.572,0.35658
6958.644,0.35648
6956.715,0.35642
6954.786,0.35627
6952.858,0.35604
6950.929,0.35583
6949.000,0.35573
6947.072,0.35577
6945.143,0.35586
6943.214,0.35586
6941.286,0.35573
6939.357,0.35556
6937.428,0.35545
6935.500,0.35549
6933.571,0.35552
6931.642,0.35542
6929.714,0.35518
6927.785,0.35492
6925.856,0.35474
6923.928,0.35463
6921.999,0.35450
6920.070,0.35432
6918.142,0.35415
6916.213,0.35404
6914.284,0.35396
6912.356,0.35383
6910.427,0.35362
6908.498,0.35345
6906.570,0.35343
6904.641,0.35343
6902.712,0.35333
6900.784,0.35312
6898.855,0.35296
6896.926,0.35297
6894.998,0.35296
6893.069,0.35276
6891.140,0.35250
6889.212,0.35229
6887.283,0.35215
6885.354,0.35209
6883.426,0.35210
6881.497,0.35205
6879.568,0.35187
6877.640,0.35168
6875.711,0.35155
6873.782,0.35139
6871.854,0.35117
6869.925,0.35097
6867.996,0.35080
6866.068,0.35061
6864.139,0.35048
6862.210,0.35048
6860.282,0.35051
6858.353,0.35039
6856.424,0.35017
6854.496,0.35005
6852.567,0.35001
6850.638,0.34992
6848.709,0.34973
6846.781,0.34953
6844.852,0.34934
6842.923,0.34910
6840.995,0.34881
6839.066,0.34853
6837.137,0.34839
6835.209,0.34836
6833.280,0.34834
6831.351,0.34831
6829.423,0.34832
6827.494,0.34828
6825.565,0.34808
6823.637,0.34788
6821.708,0.34781
6819.779,0.34777
6817.851,0.34760
6815.922,0.34731
6813.993,0.34713
6812.065,0.34717
6810.136,0.34721
6808.207,0.34704
6806.279,0.34673
6804.350,0.34646
6802.421,0.34630
6800.493,0.34617
6798.564,0.34604
6796.635,0.34590
6794.707,0.34580
6792.778,0.34568
6790.849,0.34546
6788.921,0.34525
6786.992,0.34525
6785.063,0.34541
6783.135,0.34546
6781.206,0.34523
6779.277,0.34489
6777.349,0.34471
6775.420,0.34467
6773.491,0.34459
6771.563,0.34447
6769.634,0.34435
6767.705,0.34421
6765.777,0.34407
6763.848,0.34394
6761.919,0.34375
6759.991,0.34358
6758.062,0.34351
6756.133,0.34339
6754.205,0.34316
6752.276,0.34294
6750.347,0.34279
6748.419,0.34271
6746.490,0.34267
6744.561,0.34259
6742.633,0.34250
6740.704,0.34239
6738.775,0.34223
6736.847,0.34211
6734.918,0.34208
6732.989,0.34197
6731.061,0.34181
6729.132,0.34170
6727.203,0.34162
6725.275,0.34154
6723.346,0.34143
6721.417,0.34119
6719.489,0.34090
6717.560,0.34082
6715.631,0.34094
6713.703,0.34101
6711.774,0.34087
6709.845,0.34063
6707.917,0.34033
6705.988,0.34001
6704.059,0.33984
6702.131,0.33982
6700.202,0.33981
6698.273,0.33976
6696.345,0.33963
6694.416,0.33943
6692.487,0.33927
6690.558,0.33913
6688.630,0.33899
6686.701,0.33887
6684.772,0.33874
6682.844,0.33860
6680.915,0.33852
6678.986,0.33848
6677.058,0.33839
6675.129,0.33825
6673.200,0.33810
6671.272,0.33791
6669.343,0.33773
6667.414,0.33759
6665.486,0.33747
6663.557,0.33730
6661.628,0.33711
6659.700,0.33704
6657.771,0.33704
6655.842,0.33693
6653.914,0.33673
6651.985,0.33657
6650.056,0.33648
6648.128,0.33644
6646.199,0.33634
6644.270,0.33616
6642.342,0.33600
6640.413,0.33594
6638.484,0.33594
6636.556,0.33589
6634.627,0.33575
6632.698,0.33547
6630.770,0.33521
6628.841,0.33514
6626.912,0.33517
6624.984,0.33507
6623.055,0.33484
6621.126,0.33468
6619.198,0.33466
6617.269,0.33465
6615.340,0.33448
6613.412,0.33426
6611.483,0.33410
6609.554,0.33399
6607.626,0.33381
6605.697,0.33359
6603.768,0.33343
6601.840,0.33335
6599.911,0.33326
6597.982,0.33314
6596.054,0.33303
6594.125,0.33290
6592.196,0.33276
6590.268,0.33267
6588.339,0.33256
6586.410,0.33241
6584.482,0.33229
6582.553,0.33222
6580.624,0.33214
6578.696,0.33201
6576.767,0.33185
6574.838,0.33167
6572.910,0.33151
6570.981,0.33139
6569.052,0.33131
6567.124,0.33123
6565.195,0.33116
6563.266,0.33109
6561.338,0.33097
6559.409,0.33080
6557.480,0.33059
6555.552,0.33040
6553.623,0.33028
6551.694,0.33018
6549.766,0.33006
6547.837,0.32996
6545.908,0.32987
6543.980,0.32974
6542.051,0.32963
6540.122,0.32954
6538.194,0.32947
6536.265,0.32940
6534.336,0.32928
6532.408,0.32914
6530.479,0.32906
6528.550,0.32900
6526.621,0.32886
6524.693,0.32865
6522.764,0.32851
6520.835,0.32844
6518.907,0.32834
6516.978,0.32818
6515.049,0.32801
6513.121,0.32784
6511.192,0.32767
6509.263,0.32757
6507.335,0.32755
6505.406,0.32749
6503.477,0.32735
6501.549,0.32722
6499.620,0.32712
6497.691,0.32702
6495.763,0.32694
6493.834,0.32685
6491.905,0.32668
6489.977,0.32653
6488.048,0.32649
6486.119,0.32642
6484.191,0.32621
6482.262,0.32601
6480.333,0.32593
6478.405,0.32590
6476.476,0.32586
6474.547,0.32580
6472.619,0.32568
6470.690,0.32554
6468.761,0.32537
6466.833,0.32515
6464.904,0.32496
6462.975,0.32485
6461.047,0.32480
6459.118,0.32478
6457.189,0.32475
6455.261,0.32468
6453.332,0.32458
6451.403,0.32439
6449.475,0.32418
6447.546,0.32403
6445.617,0.32388
6443.689,0.32370
6441.760,0.32354
6439.831,0.32342
6437.903,0.32334
6435.974,0.32324
6434.045,0.32309
6432.117,0.32294
6430.188,0.32281
6428.259,0.32265
6426.331,0.32252
6424.402,0.32247
6422.473,0.32242
6420.545,0.32237
6418.616,0.32230
6416.687,0.32216
6414.759,0.32195
6412.830,0.32177
6410.901,0.32167
6408.973,0.32157
6407.044,0.32144
6405.115,0.32128
6403.187,0.32112
6401.258,0.32097
6399.329,0.32081
6397.401,0.32068
6395.472,0.32060
6393.543,0.32050
6391.615,0.32041
6389.686,0.32031
6387.757,0.32018
6385.829,0.32004
6383.900,0.31994
6381.971,0.31991
6380.043,0.31996
6378.114,0.31995
6376.185,0.31979
6374.257,0.31954
6372.328,0.31935
6370.399,0.31924
6368.471,0.31906
6366.542,0.31881
6364.613,0.31866
6362.684,0.31865
6360.756,0.31863
6358.827,0.31849
6356.898,0.31832
6354.970,0.31820
6353.041,0.31809
6351.112,0.31796
6349.184,0.31785
6347.255,0.31774
6345.326,0.31758
6343.398,0.31739
6341.469,0.31730
6339.540,0.31726
6337.612,0.31715
6335.683,0.31698
6333.754,0.31681
6331.826,0.31665
6329.897,0.31650
6327.968,0.31646
6326.040,0.31644
6324.111,0.31632
6322.182,0.31620
6320.254,0.31609
6318.325,0.31594
6316.396,0.31576
6314.468,0.31561
6312.539,0.31553
6310.610,0.31550
6308.682,0.31542
6306.753,0.31525
6304.824,0.31505
6302.896,0.31487
6300.967,0.31470
6299.038,0.31452
6297.110,0.31438
6295.181,0.31434
6293.252,0.31431
6291.324,0.31419
6289.395,0.31401
6287.466,0.31381
6285.538,0.31363
6283.609,0.31349
6281.680,0.31340
6279.752,0.31334
6277.823,0.31331
6275.894,0.31323
6273.966,0.31307
6272.037,0.31289
6270.108,0.31276
6268.180,0.31268
6266.251,0.31261
6264.322,0.31253
6262.394,0.31243
6260.465,0.31230
6258.536,0.31212
6256.608,0.31192
6254.679,0.31181
6252.750,0.31174
6250.822,0.31162
6248.893,0.31149
6246.964,0.31136
6245.036,0.31119
6243.107,0.31103
6241.178,0.31093
6239.250,0.31081
6237.321,0.31064
6235.392,0.31053
6233.464,0.31050
6231.535,0.31044
6229.606,0.31034
6227.678,0.31024
6225.749,0.31013
6223.820,0.31003
6221.892,0.30998
6219.963,0.30990
6218.034,0.30974
6216.106,0.30954
6214.177,0.30939
6212.248,0.30930
6210.320,0.30924
6208.391,0.30916
6206.462,0.30904
6204.533,0.30890
6202.605,0.30876
6200.676,0.30860
6198.747,0.30847
6196.819,0.30839
6194.890,0.30832
6192.961,0.30824
6191.033,0.30817
6189.104,0.30811
6187.175,0.30801
6185.247,0.30792
6183.318,0.30787
6181.389,0.30786
6179.461,0.30780
6177.532,0.30765
6175.603,0.30748
6173.675,0.30738
6171.746,0.30740
6169.817,0.30751
6167.889,0.30760
6165.960,0.30772
6164.031,0.30790
6162.103,0.30812
6160.174,0.30840
6158.245,0.30884
6156.317,0.30947
6154.388,0.31021
6152.459,0.31081
6150.531,0.31096
6148.602,0.31057
6146.673,0.30982
6144.745,0.30902
6142.816,0.30843
6140.887,0.30810
6138.959,0.30797
6137.030,0.30809
6135.101,0.30852
6133.173,0.30898
6131.244,0.30905
6129.315,0.30859
6127.387,0.30778
6125.458,0.30696
6123.529,0.30626
6121.601,0.30564
6119.672,0.30513
6117.743,0.30474
6115.815,0.30443
6113.886,0.30416
6111.957,0.30395
6110.029,0.30374
6108.100,0.30349
6106.171,0.30324
6104.243,0.30303
6102.314,0.30287
6100.385,0.30273
6098.457,0.30265
6096.528,0.30259
6094.599,0.30249
6092.671,0.30235
6090.742,0.30218
6088.813,0.30200
6086.885,0.30181
6084.956,0.30163
6083.027,0.30147
6081.099,0.30135
6079.170,0.30121
6077.241,0.30103
6075.313,0.30088
6073.384,0.30076
6071.455,0.30063
6069.527,0.30053
6067.598,0.30050
6065.669,0.30052
6063.741,0.30058
6061.812,0.30058
6059.883,0.30046
6057.955,0.30032
6056.026,0.30022
6054.097,0.30009
6052.169,0.29987
6050.240,0.29964
6048.311,0.29947
6046.383,0.29937
6044.454,0.29932
6042.525,0.29928
6040.596,0.29923
6038.668,0.29914
6036.739,0.29904
6034.810,0.29892
6032.882,0.29874
6030.953,0.29854
6029.024,0.29838
6027.096,0.29830
6025.167,0.29826
6023.238,0.29821
6021.310,0.29816
6019.381,0.29816
6017.452,0.29821
6015.524,0.29824
6013.595,0.29823
6011.666,0.29826
6009.738,0.29835
6007.809,0.29849
6005.880,0.29862
6003.952,0.29859
6002.023,0.29838
6000.094,0.29811
5998.166,0.29786
5996.237,0.29764
5994.308,0.29739
5992.380,0.29708
5990.451,0.29677
5988.522,0.29653
5986.594,0.29638
5984.665,0.29625
5982.736,0.29607
5980.808,0.29589
5978.879,0.29575
5976.950,0.29562
5975.022,0.29552
5973.093,0.29543
5971.164,0.29533
5969.236,0.29513
5967.307,0.29487
5965.378,0.29466
5963.450,0.29456
5961.521,0.29451
5959.592,0.29443
5957.664,0.29439
5955.735,0.29434
5953.806,0.29427
5951.878,0.29420
5949.949,0.29416
5948.020,0.29410
5946.092,0.29402
5944.163,0.29390
5942.234,0.29376
5940.306,0.29365
5938.377,0.29359
5936.448,0.29352
5934.520,0.29340
5932.591,0.29326
5930.662,0.29318
5928.734,0.29317
5926.805,0.29314
5924.876,0.29307
5922.948,0.29295
5921.019,0.29286
5919.090,0.29281
5917.162,0.29273
5915.233,0.29261
5913.304,0.29251
5911.376,0.29239
5909.447,0.29224
5907.518,0.29213
5905.590,0.29209
5903.661,0.29202
5901.732,0.29189
5899.804,0.29176
5897.875,0.29165
5895.946,0.29150
5894.018,0.29135
5892.089,0.29122
5890.160,0.29109
5888.232,0.29095
5886.303,0.29084
5884.374,0.29075
5882.445,0.29061
5880.517,0.29043
5878.588,0.29032
5876.659,0.29031
5874.731,0.29029
5872.802,0.29019
5870.873,0.29006
5868.945,0.29000
5867.016,0.28995
5865.087,0.28985
5863.159,0.28971
5861.230,0.28956
5859.301,0.28942
5857.373,0.28933
5855.444,0.28924
5853.515,0.28911
5851.587,0.28896
5849.658,0.28882
5847.729,0.28867
5845.801,0.28852
5843.872,0.28839
5841.943,0.28824
5840.015,0.28803
5838.086,0.28784
5836.157,0.28771
5834.229,0.28762
5832.300,0.28751
5830.371,0.28737
5828.443,0.28719
5826.514,0.28700
5824.585,0.28683
5822.657,0.28665
5820.728,0.28650
5818.799,0.28636
5816.871,0.28621
5814.942,0.28608
5813.013,0.28594
5811.085,0.28581
5809.156,0.28569
5807.227,0.28559
5805.299,0.28546
5803.370,0.28531
5801.441,0.28518
5799.513,0.28505
5797.584,0.28492
5795.655,0.28482
5793.727,0.28474
5791.798,0.28462
5789.869,0.28446
5787.941,0.28432
5786.012,0.28419
5784.083,0.28404
5782.155,0.28387
5780.226,0.28368
5778.297,0.28350
5776.369,0.28337
5774.440,0.28327
5772.511,0.28318
5770.583,0.28307
5768.654,0.28296
5766.725,0.28286
5764.797,0.28273
5762.868,0.28259
5760.939,0.28248
5759.011,0.28238
5757.082,0.28229
5755.153,0.28223
5753.225,0.28218
5751.296,0.28208
5749.367,0.28192
5747.439,0.28174
5745.510,0.28159
5743.581,0.28148
5741.653,0.28141
5739.724,0.28133
5737.795,0.28124
5735.867,0.28112
5733.938,0.28098
5732.009,0.28086
5730.081,0.28076
5728.152,0.28066
5726.223,0.28054
5724.295,0.28040
5722.366,0.28029
5720.437,0.28022
5718.508,0.28012
5716.580,0.27999
5714.651,0.27986
5712.722,0.27975
5710.794,0.27964
5708.865,0.27949
5706.936,0.27934
5705.008,0.27922
5703.079,0.27907
5701.150,0.27884
5699.222,0.27867
5697.293,0.27858
5695.364,0.27846
5693.436,0.27830
5691.507,0.27813
5689.578,0.27792
5687.650,0.27771
5685.721,0.27758
5683.792,0.27747
5681.864,0.27737
5679.935,0.27729
5678.006,0.27722
5676.078,0.27708
5674.149,0.27691
5672.220,0.27675
5670.292,0.27663
5668.363,0.27653
5666.434,0.27642
5664.506,0.27627
5662.577,0.27614
5660.648,0.27603
5658.720,0.27589
5656.791,0.27569
5654.862,0.27552
5652.934,0.27541
5651.005,0.27533
5649.076,0.27520
5647.148,0.27504
5645.219,0.27490
5643.290,0.27478
5641.362,0.27462
5639.433,0.27444
5637.504,0.27429
5635.576,0.27417
5633.647,0.27404
5631.718,0.27390
5629.790,0.27378
5627.861,0.27369
5625.932,0.27363
5624.004,0.27355
5622.075,0.27343
5620.146,0.27328
5618.218,0.27308
5616.289,0.27292
5614.360,0.27284
5612.432,0.27276
5610.503,0.27265
5608.574,0.27255
5606.646,0.27249
5604.717,0.27239
5602.788,0.27225
5600.860,0.27212
5598.931,0.27200
5597.002,0.27188
5595.074,0.27177
5593.145,0.27164
5591.216,0.27148
5589.288,0.27131
5587.359,0.27115
5585.430,0.27100
5583.502,0.27089
5581.573,0.27080
5579.644,0.27066
5577.716,0.27051
5575.787,0.27038
5573.858,0.27025
5571.930,0.27008
5570.001,0.26991
5568.072,0.26981
5566.144,0.26979
5564.215,0.26977
5562.286,0.26969
5560.357,0.26958
5558.429,0.26945
5556.500,0.26928
5554.571,0.26911
5552.643,0.26899
5550.714,0.26889
5548.785,0.26876
5546.857,0.26858
5544.928,0.26841
5542.999,0.26827
5541.071,0.26816
5539.142,0.26806
5537.213,0.26797
5535.285,0.26787
5533.356,0.26776
5531.427,0.26765
5529.499,0.26756
5527.570,0.26746
5525.641,0.26736
5523.713,0.26725
5521.784,0.26712
5519.855,0.26699
5517.927,0.26688
5515.998,0.26677
5514.069,0.26664
5512.141,0.26651
5510.212,0.26639
5508.283,0.26629
5506.355,0.26619
5504.426,0.26610
5502.497,0.26605
5500.569,0.26598
5498.640,0.26584
5496.711,0.26566
5494.783,0.26550
5492.854,0.26540
5490.925,0.26534
5488.997,0.26524
5487.068,0.26507
5485.139,0.26488
5483.211,0.26476
5481.282,0.26469
5479.353,0.26459
5477.425,0.26442
5475.496,0.26422
5473.567,0.26407
5471.639,0.26396
5469.710,0.26385
5467.781,0.26374
5465.853,0.26362
5463.924,0.26351
5461.995,0.26340
5460.067,0.26329
5458.138,0.26319
5456.209,0.26312
5454.281,0.26300
5452.352,0.26282
5450.423,0.26266
5448.495,0.26256
5446.566,0.26246
5444.637,0.26232
5442.709,0.26220
5440.780,0.26209
5438.851,0.26199
5436.923,0.26188
5434.994,0.26174
5433.065,0.26161
5431.137,0.26150
5429.208,0.26142
5427.279,0.26133
5425.351,0.26121
5423.422,0.26105
5421.493,0.26089
5419.565,0.26078
5417.636,0.26069
5415.707,0.26059
5413.779,0.26048
5411.850,0.26038
5409.921,0.26030
5407.993,0.26021
5406.064,0.26010
5404.135,0.25998
5402.207,0.25986
5400.278,0.25973
5398.349,0.25963
5396.420,0.25952
5394.492,0.25938
5392.563,0.25922
5390.634,0.25907
5388.706,0.25896
5386.777,0.25885
5384.848,0.25868
5382.920,0.25852
5380.991,0.25842
5379.062,0.25836
5377.134,0.25825
5375.205,0.25813
5373.276,0.25805
5371.348,0.25798
5369.419,0.25786
5367.490,0.25768
5365.562,0.25754
5363.633,0.25745
5361.704,0.25731
5359.776,0.25714
5357.847,0.25700
5355.918,0.25695
5353.990,0.25691
5352.061,0.25680
5350.132,0.25667
5348.204,0.25656
5346.275,0.25647
5344.346,0.25637
5342.418,0.25624
5340.489,0.25611
5338.560,0.25599
5336.632,0.25591
5334.703,0.25582
5332.774,0.25571
5330.846,0.25557
5328.917,0.25542
5326.988,0.25530
5325.060,0.25518
5323.131,0.25504
5321.202,0.25488
5319.274,0.25474
5317.345,0.25462
5315.416,0.25450
5313.488,0.25440
5311.559,0.25436
5309.630,0.25428
5307.702,0.25415
5305.773,0.25403
5303.844,0.25394
5301.916,0.25384
5299.987,0.25370
5298.058,0.25356
5296.130,0.25346
5294.201,0.25337
5292.272,0.25323
5290.344,0.25309
5288.415,0.25297
5286.486,0.25285
5284.558,0.25275
5282.629,0.25265
5280.700,0.25254
5278.772,0.25241
5276.843,0.25226
5274.914,0.25212
5272.986,0.25202
5271.057,0.25195
5269.128,0.25184
5267.200,0.25172
5265.271,0.25159
5263.342,0.25149
5261.414,0.25141
5259.485,0.25133
5257.556,0.25121
5255.628,0.25104
5253.699,0.25090
5251.770,0.25078
5249.842,0.25068
5247.913,0.25057
5245.984,0.25046
5244.056,0.25037
5242.127,0.25028
5240.198,0.25016
5238.269,0.25000
5236.341,0.24983
5234.412,0.24972
5232.483,0.24966
5230.555,0.24959
5228.626,0.24946
5226.697,0.24934
5224.769,0.24924
5222.840,0.24915
5220.911,0.24905
5218.983,0.24896
5217.054,0.24886
5215.125,0.24874
5213.197,0.24862
5211.268,0.24847
5209.339,0.24829
5207.411,0.24813
5205.482,0.24806
5203.553,0.24804
5201.625,0.24795
5199.696,0.24778
5197.767,0.24759
5195.839,0.24747
5193.910,0.24741
5191.981,0.24736
5190.053,0.24726
5188.124,0.24715
5186.195,0.24707
5184.267,0.24698
5182.338,0.24685
5180.409,0.24671
5178.481,0.24658
5176.552,0.24649
5174.623,0.24640
5172.695,0.24629
5170.766,0.24621
5168.837,0.24615
5166.909,0.24604
5164.980,0.24588
5163.051,0.24572
5161.123,0.24555
5159.194,0.24540
5157.265,0.24527
5155.337,0.24516
5153.408,0.24508
5151.479,0.24502
5149.551,0.24490
5147.622,0.24474
5145.693,0.24459
5143.765,0.24445
5141.836,0.24431
5139.907,0.24418
5137.979,0.24409
5136.050,0.24405
5134.121,0.24398
5132.193,0.24385
5130.264,0.24369
5128.335,0.24355
5126.407,0.24343
5124.478,0.24332
5122.549,0.24321
5120.621,0.24311
5118.692,0.24299
5116.763,0.24287
5114.835,0.24277
5112.906,0.24268
5110.977,0.24256
5109.049,0.24240
5107.120,0.24225
5105.191,0.24216
5103.263,0.24209
5101.334,0.24200
5099.405,0.24191
5097.477,0.24182
5095.548,0.24170
5093.619,0.24155
5091.691,0.24141
5089.762,0.24132
5087.833,0.24124
5085.905,0.24114
5083.976,0.24104
5082.047,0.24093
5080.119,0.24080
5078.190,0.24069
5076.261,0.24060
5074.332,0.24052
5072.404,0.24040
5070.475,0.24024
5068.546,0.24008
5066.618,0.23994
5064.689,0.23982
5062.760,0.23969
5060.832,0.23956
5058.903,0.23945
5056.974,0.23935
5055.046,0.23924
5053.117,0.23913
5051.188,0.23902
5049.260,0.23891
5047.331,0.23879
5045.402,0.23866
5043.474,0.23853
5041.545,0.23840
5039.616,0.23826
5037.688,0.23812
5035.759,0.23802
5033.830,0.23792
5031.902,0.23781
5029.973,0.23770
5028.044,0.23758
5026.116,0.23745
5024.187,0.23734
5022.258,0.23723
5020.330,0.23713
5018.401,0.23704
5016.472,0.23695
5014.544,0.23684
5012.615,0.23670
5010.686,0.23660
5008.758,0.23653
5006.829,0.23642
5004.900,0.23629
5002.972,0.23619
5001.043,0.23613
4999.114,0.23602
4997.186,0.23587
4995.257,0.23574
4993.328,0.23564
4991.400,0.23553
4989.471,0.23539
4987.542,0.23528
4985.614,0.23519
4983.685,0.23506
4981.756,0.23492
4979.828,0.23481
4977.899,0.23471
4975.970,0.23461
4974.042,0.23448
4972.113,0.23434
4970.184,0.23422
4968.256,0.23412
4966.327,0.23403
4964.398,0.23392
4962.470,0.23380
4960.541,0.23370
4958.612,0.23358
4956.684,0.23343
4954.755,0.23329
4952.826,0.23318
4950.898,0.23310
4948.969,0.23299
4947.040,0.23288
4945.112,0.23280
4943.183,0.23273
4941.254,0.23262
4939.326,0.23247
4937.397,0.23235
4935.468,0.23226
4933.540,0.23216
4931.611,0.23207
4929.682,0.23199
4927.754,0.23187
4925.825,0.23172
4923.896,0.23157
4921.968,0.23142
4920.039,0.23130
4918.110,0.23119
4916.181,0.23108
4914.253,0.23100
4912.324,0.23090
4910.395,0.23078
4908.467,0.23067
4906.538,0.23057
4904.609,0.23046
4902.681,0.23033
4900.752,0.23019
4898.823,0.23007
4896.895,0.22995
4894.966,0.22985
4893.037,0.22976
4891.109,0.22962
4889.180,0.22948
4887.251,0.22938
4885.323,0.22933
4883.394,0.22923
4881.465,0.22909
4879.537,0.22894
4877.608,0.22883
4875.679,0.22876
4873.751,0.22867
4871.822,0.22851
4869.893,0.22833
4867.965,0.22819
4866.036,0.22811
4864.107,0.22802
4862.179,0.22793
4860.250,0.22785
4858.321,0.22774
4856.393,0.22761
4854.464,0.22749
4852.535,0.22738
4850.607,0.22726
4848.678,0.22715
4846.749,0.22707
4844.821,0.22699
4842.892,0.22689
4840.963,0.22674
4839.035,0.22658
4837.106,0.22646
4835.177,0.22635
4833.249,0.22625
4831.320,0.22614
4829.391,0.22602
4827.463,0.22590
4825.534,0.22580
4823.605,0.22568
4821.677,0.22555
4819.748,0.22541
4817.819,0.22528
4815.891,0.22517
4813.962,0.22506
4812.033,0.22495
4810.105,0.22485
4808.176,0.22473
4806.247,0.22457
4804.319,0.22441
4802.390,0.22427
4800.461,0.22415
4798.533,0.22404
4796.604,0.22394
4794.675,0.22385
4792.747,0.22377
4790.818,0.22368
4788.889,0.22358
4786.961,0.22347
4785.032,0.22335
4783.103,0.22323
4781.175,0.22311
4779.246,0.22302
4777.317,0.22294
4775.389,0.22283
4773.460,0.22269
4771.531,0.22256
4769.603,0.22245
4767.674,0.22236
4765.745,0.22226
4763.817,0.22217
4761.888,0.22210
4759.959,0.22203
4758.031,0.22194
4756.102,0.22182
4754.173,0.22173
4752.244,0.22167
4750.316,0.22157
4748.387,0.22140
4746.458,0.22125
4744.530,0.22113
4742.601,0.22103
4740.672,0.22093
4738.744,0.22079
4736.815,0.22063
4734.886,0.22048
4732.958,0.22034
4731.029,0.22021
4729.100,0.22011
4727.172,0.22004
4725.243,0.21997
4723.314,0.21988
4721.386,0.21977
4719.457,0.21967
4717.528,0.21954
4715.600,0.21939
4713.671,0.21927
4711.742,0.21922
4709.814,0.21918
4707.885,0.21909
4705.956,0.21894
4704.028,0.21879
4702.099,0.21868
4700.170,0.21860
4698.242,0.21850
4696.313,0.21839
4694.384,0.21829
4692.456,0.21823
4690.527,0.21816
4688.598,0.21804
4686.670,0.21792
4684.741,0.21783
4682.812,0.21774
4680.884,0.21763
4678.955,0.21753
4677.026,0.21743
4675.098,0.21733
4673.169,0.21723
4671.240,0.21710
4669.312,0.21696
4667.383,0.21688
4665.454,0.21680
4663.526,0.21666
4661.597,0.21649
4659.668,0.21637
4657.740,0.21630
4655.811,0.21622
4653.882,0.21612
4651.954,0.21602
4650.025,0.21590
4648.096,0.21577
4646.168,0.21565
4644.239,0.21555
4642.310,0.21544
4640.382,0.21534
4638.453,0.21522
4636.524,0.21508
4634.596,0.21495
4632.667,0.21482
4630.738,0.21468
4628.810,0.21453
4626.881,0.21442
4624.952,0.21435
4623.024,0.21428
4621.095,0.21418
4619.166,0.21407
4617.238,0.21397
4615.309,0.21386
4613.380,0.21373
4611.452,0.21360
4609.523,0.21354
4607.594,0.21349
4605.666,0.21340
4603.737,0.21327
4601.808,0.21314
4599.880,0.21303
4597.951,0.21293
4596.022,0.21283
4594.093,0.21270
4592.165,0.21255
4590.236,0.21240
4588.307,0.21231
4586.379,0.21223
4584.450,0.21214
4582.521,0.21204
4580.593,0.21194
4578.664,0.21183
4576.735,0.21172
4574.807,0.21164
4572.878,0.21154
4570.949,0.21142
4569.021,0.21132
4567.092,0.21122
4565.163,0.21112
4563.235,0.21101
4561.306,0.21089
4559.377,0.21081
4557.449,0.21073
4555.520,0.21062
4553.591,0.21048
4551.663,0.21039
4549.734,0.21032
4547.805,0.21025
4545.877,0.21014
4543.948,0.21001
4542.019,0.20989
4540.091,0.20979
4538.162,0.20972
4536.233,0.20965
4534.305,0.20958
4532.376,0.20952
4530.447,0.20944
4528.519,0.20934
4526.590,0.20923
4524.661,0.20915
4522.733,0.20909
4520.804,0.20904
4518.875,0.20896
4516.947,0.20885
4515.018,0.20875
4513.089,0.20864
4511.161,0.20852
4509.232,0.20842
4507.303,0.20838
4505.375,0.20839
4503.446,0.20843
4501.517,0.20851
4499.589,0.20864
4497.660,0.20883
4495.731,0.20913
4493.803,0.20944
4491.874,0.20961
4489.945,0.20957
4488.017,0.20936
4486.088,0.20910
4484.159,0.20890
4482.231,0.20875
4480.302,0.20853
4478.373,0.20819
4476.445,0.20777
4474.516,0.20742
4472.587,0.20719
4470.659,0.20707
4468.730,0.20701
4466.801,0.20699
4464.873,0.20701
4462.944,0.20708
4461.015,0.20713
4459.087,0.20714
4457.158,0.20713
4455.229,0.20705
4453.301,0.20689
4451.372,0.20670
4449.443,0.20653
4447.515,0.20634
4445.586,0.20613
4443.657,0.20589
4441.729,0.20566
4439.800,0.20546
4437.871,0.20530
4435.943,0.20519
4434.014,0.20513
4432.085,0.20510
4430.156,0.20512
4428.228,0.20519
4426.299,0.20527
4424.370,0.20538
4422.442,0.20553
4420.513,0.20570
4418.584,0.20590
4416.656,0.20609
4414.727,0.20620
4412.798,0.20619
4410.870,0.20609
4408.941,0.20601
4407.012,0.20597
4405.084,0.20596
4403.155,0.20594
4401.226,0.20590
4399.298,0.20580
4397.369,0.20557
4395.440,0.20525
4393.512,0.20493
4391.583,0.20472
4389.654,0.20460
4387.726,0.20452
4385.797,0.20447
4383.868,0.20447
4381.940,0.20448
4380.011,0.20445
4378.082,0.20429
4376.154,0.20399
4374.225,0.20360
4372.296,0.20320
4370.368,0.20283
4368.439,0.20249
4366.510,0.20221
4364.582,0.20198
4362.653,0.20178
4360.724,0.20156
4358.796,0.20138
4356.867,0.20128
4354.938,0.20127
4353.010,0.20129
4351.081,0.20136
4349.152,0.20153
4347.224,0.20174
4345.295,0.20190
4343.366,0.20202
4341.438,0.20213
4339.509,0.20222
4337.580,0.20225
4335.652,0.20219
4333.723,0.20204
4331.794,0.20182
4329.866,0.20156
4327.937,0.20133
4326.008,0.20125
4324.080,0.20138
4322.151,0.20171
4320.222,0.20205
4318.294,0.20216
4316.365,0.20199
4314.436,0.20174
4312.508,0.20159
4310.579,0.20147
4308.650,0.20125
4306.722,0.20090
4304.793,0.20048
4302.864,0.20010
4300.936,0.19985
4299.007,0.19971
4297.078,0.19964
4295.150,0.19962
4293.221,0.19963
4291.292,0.19964
4289.364,0.19964
4287.435,0.19957
4285.506,0.19940
4283.578,0.19919
4281.649,0.19898
4279.720,0.19873
4277.792,0.19844
4275.863,0.19810
4273.934,0.19775
4272.005,0.19743
4270.077,0.19713
4268.148,0.19686
4266.219,0.19660
4264.291,0.19636
4262.362,0.19615
4260.433,0.19595
4258.505,0.19575
4256.576,0.19559
4254.647,0.19545
4252.719,0.19528
4250.790,0.19508
4248.861,0.19488
4246.933,0.19471
4245.004,0.19457
4243.075,0.19441
4241.147,0.19425
4239.218,0.19412
4237.289,0.19399
4235.361,0.19384
4233.432,0.19371
4231.503,0.19361
4229.575,0.19351
4227.646,0.19344
4225.717,0.19339
4223.789,0.19336
4221.860,0.19333
4219.931,0.19331
4218.003,0.19328
4216.074,0.19323
4214.145,0.19316
4212.217,0.19307
4210.288,0.19297
4208.359,0.19285
4206.431,0.19277
4204.502,0.19273
4202.573,0.19269
4200.645,0.19259
4198.716,0.19246
4196.787,0.19232
4194.859,0.19217
4192.930,0.19198
4191.001,0.19181
4189.073,0.19164
4187.144,0.19146
4185.215,0.19127
4183.287,0.19108
4181.358,0.19091
4179.429,0.19079
4177.501,0.19067
4175.572,0.19052
4173.643,0.19039
4171.715,0.19025
4169.786,0.19012
4167.857,0.18997
4165.929,0.18983
4164.000,0.18970
4162.071,0.18958
4160.143,0.18944
4158.214,0.18930
4156.285,0.18917
4154.357,0.18906
4152.428,0.18895
4150.499,0.18883
4148.571,0.18872
4146.642,0.18861
4144.713,0.18848
4142.785,0.18835
4140.856,0.18825
4138.927,0.18816
4136.999,0.18807
4135.070,0.18797
4133.141,0.18785
4131.213,0.18774
4129.284,0.18765
4127.355,0.18755
4125.427,0.18741
4123.498,0.18729
4121.569,0.18725
4119.641,0.18724
4117.712,0.18721
4115.783,0.18716
4113.855,0.18713
4111.926,0.18713
4109.997,0.18716
4108.068,0.18718
4106.140,0.18715
4104.211,0.18710
4102.282,0.18703
4100.354,0.18695
4098.425,0.18687
4096.496,0.18679
4094.568,0.18672
4092.639,0.18662
4090.710,0.18648
4088.782,0.18630
4086.853,0.18612
4084.924,0.18596
4082.996,0.18579
4081.067,0.18561
4079.138,0.18545
4077.210,0.18530
4075.281,0.18513
4073.352,0.18494
4071.424,0.18476
4069.495,0.18458
4067.566,0.18438
4065.638,0.18419
4063.709,0.18402
4061.780,0.18387
4059.852,0.18372
4057.923,0.18358
4055.994,0.18345
4054.066,0.18333
4052.137,0.18322
4050.208,0.18312
4048.280,0.18303
4046.351,0.18296
4044.422,0.18289
4042.494,0.18280
4040.565,0.18269
4038.636,0.18260
4036.708,0.18254
4034.779,0.18247
4032.850,0.18240
4030.922,0.18234
4028.993,0.18231
4027.064,0.18231
4025.136,0.18233
4023.207,0.18234
4021.278,0.18228
4019.350,0.18217
4017.421,0.18205
4015.492,0.18195
4013.564,0.18187
4011.635,0.18178
4009.706,0.18166
4007.778,0.18152
4005.849,0.18139
4003.920,0.18129
4001.992,0.18118
4000.063,0.18108
3998.134,0.18101
3996.206,0.18099
3994.277,0.18096
3992.348,0.18089
3990.420,0.18076
3988.491,0.18061
3986.562,0.18048
3984.634,0.18034
3982.705,0.18015
3980.776,0.17995
3978.848,0.17975
3976.919,0.17955
3974.990,0.17934
3973.062,0.17914
3971.133,0.17898
3969.204,0.17885
3967.276,0.17872
3965.347,0.17858
3963.418,0.17845
3961.490,0.17838
3959.561,0.17831
3957.632,0.17817
3955.704,0.17801
3953.775,0.17790
3951.846,0.17782
3949.917,0.17770
3947.989,0.17753
3946.060,0.17735
3944.131,0.17721
3942.203,0.17710
3940.274,0.17698
3938.345,0.17687
3936.417,0.17679
3934.488,0.17672
3932.559,0.17662
3930.631,0.17653
3928.702,0.17645
3926.773,0.17637
3924.845,0.17629
3922.916,0.17619
3920.987,0.17608
3919.059,0.17595
3917.130,0.17583
3915.201,0.17571
3913.273,0.17559
3911.344,0.17546
3909.415,0.17532
3907.487,0.17513
3905.558,0.17490
3903.629,0.17471
3901.701,0.17458
3899.772,0.17451
3897.843,0.17444
3895.915,0.17434
3893.986,0.17420
3892.057,0.17408
3890.129,0.17399
3888.200,0.17387
3886.271,0.17374
3884.343,0.17366
3882.414,0.17357
3880.485,0.17346
3878.557,0.17336
3876.628,0.17326
3874.699,0.17313
3872.771,0.17296
3870.842,0.17280
3868.913,0.17270
3866.985,0.17263
3865.056,0.17253
3863.127,0.17243
3861.199,0.17237
3859.270,0.17229
3857.341,0.17210
3855.413,0.17183
3853.484,0.17167
3851.555,0.17167
3849.627,0.17165
3847.698,0.17154
3845.769,0.17138
3843.841,0.17123
3841.912,0.17112
3839.983,0.17100
3838.055,0.17089
3836.126,0.17083
3834.197,0.17076
3832.269,0.17067
3830.340,0.17057
3828.411,0.17048
3826.483,0.17037
3824.554,0.17023
3822.625,0.17005
3820.697,0.16989
3818.768,0.16978
3816.839,0.16970
3814.911,0.16964
3812.982,0.16959
3811.053,0.16949
3809.125,0.16935
3807.196,0.16922
3805.267,0.16911
3803.339,0.16896
3801.410,0.16884
3799.481,0.16880
3797.553,0.16875
3795.624,0.16867
3793.695,0.16860
3791.767,0.16851
3789.838,0.16839
3787.909,0.16824
3785.980,0.16811
3784.052,0.16799
3782.123,0.16784
3780.194,0.16769
3778.266,0.16759
3776.337,0.16751
3774.408,0.16739
3772.480,0.16724
3770.551,0.16710
3768.622,0.16701
3766.694,0.16696
3764.765,0.16691
3762.836,0.16681
3760.908,0.16668
3758.979,0.16656
3757.050,0.16647
3755.122,0.16634
3753.193,0.16618
3751.264,0.16606
3749.336,0.16600
3747.407,0.16588
3745.478,0.16572
3743.550,0.16564
3741.621,0.16565
3739.692,0.16558
3737.764,0.16541
3735.835,0.16525
3733.906,0.16517
3731.978,0.16513
3730.049,0.16505
3728.120,0.16491
3726.192,0.16479
3724.263,0.16473
3722.334,0.16468
3720.406,0.16461
3718.477,0.16450
3716.548,0.16439
3714.620,0.16428
3712.691,0.16417
3710.762,0.16409
3708.834,0.16404
3706.905,0.16399
3704.976,0.16390
3703.048,0.16380
3701.119,0.16371
3699.190,0.16364
3697.262,0.16359
3695.333,0.16352
3693.404,0.16340
3691.476,0.16326
3689.547,0.16316
3687.618,0.16312
3685.690,0.16312
3683.761,0.16310
3681.832,0.16306
3679.904,0.16299
3677.975,0.16287
3676.046,0.16279
3674.118,0.16278
3672.189,0.16276
3670.260,0.16271
3668.332,0.16269
3666.403,0.16267
3664.474,0.16261
3662.546,0.16253
3660.617,0.16244
3658.688,0.16234
3656.760,0.16223
3654.831,0.16211
3652.902,0.16197
3650.974,0.16183
3649.045,0.16175
3647.116,0.16175
3645.188,0.16176
3643.259,0.16174
3641.330,0.16170
3639.402,0.16164
3637.473,0.16158
3635.544,0.16151
3633.616,0.16145
3631.687,0.16137
3629.758,0.16128
3627.830,0.16128
3625.901,0.16135
3623.972,0.16136
3622.043,0.16128
3620.115,0.16118
3618.186,0.16117
3616.257,0.16119
3614.329,0.16117
3612.400,0.16113
3610.471,0.16111
3608.543,0.16113
3606.614,0.16115
3604.685,0.16114
3602.757,0.16111
3600.828,0.16111
3598.899,0.16112
3596.971,0.16110
3595.042,0.16108
3593.113,0.16109
3591.185,0.16109
3589.256,0.16106
3587.327,0.16101
3585.399,0.16101
3583.470,0.16105
3581.541,0.16107
3579.613,0.16104
3577.684,0.16099
3575.755,0.16097
3573.827,0.16098
3571.898,0.16096
3569.969,0.16089
3568.041,0.16083
3566.112,0.16086
3564.183,0.16091
3562.255,0.16094
3560.326,0.16093
3558.397,0.16095
3556.469,0.16098
3554.540,0.16099
3552.611,0.16097
3550.683,0.16095
3548.754,0.16096
3546.825,0.16096
3544.897,0.16096
3542.968,0.16099
3541.039,0.16103
3539.111,0.16107
3537.182,0.16107
3535.253,0.16104
3533.325,0.16099
3531.396,0.16095
3529.467,0.16087
3527.539,0.16076
3525.610,0.16068
3523.681,0.16064
3521.753,0.16061
3519.824,0.16055
3517.895,0.16047
3515.967,0.16041
3514.038,0.16038
3512.109,0.16034
3510.181,0.16027
3508.252,0.16024
3506.323,0.16022
3504.395,0.16018
3502.466,0.16011
3500.537,0.16007
3498.609,0.16004
3496.680,0.15998
3494.751,0.15993
3492.823,0.15991
3490.894,0.15992
3488.965,0.15990
3487.037,0.15983
3485.108,0.15975
3483.179,0.15972
3481.251,0.15973
3479.322,0.15974
3477.393,0.15972
3475.465,0.15970
3473.536,0.15971
3471.607,0.15973
3469.679,0.15972
3467.750,0.15973
3465.821,0.15980
3463.892,0.15988
3461.964,0.15987
3460.035,0.15977
3458.106,0.15971
3456.178,0.15972
3454.249,0.15969
3452.320,0.15958
3450.392,0.15947
3448.463,0.15944
3446.534,0.15942
3444.606,0.15933
3442.677,0.15919
3440.748,0.15910
3438.820,0.15905
3436.891,0.15898
3434.962,0.15886
3433.034,0.15874
3431.105,0.15867
3429.176,0.15861
3427.248,0.15850
3425.319,0.15837
3423.390,0.15833
3421.462,0.15836
3419.533,0.15834
3417.604,0.15824
3415.676,0.15812
3413.747,0.15803
3411.818,0.15791
3409.890,0.15769
3407.961,0.15745
3406.032,0.15726
3404.104,0.15710
3402.175,0.15689
3400.246,0.15663
3398.318,0.15641
3396.389,0.15626
3394.460,0.15611
3392.532,0.15590
3390.603,0.15568
3388.674,0.15552
3386.746,0.15541
3384.817,0.15526
3382.888,0.15507
3380.960,0.15493
3379.031,0.15485
3377.102,0.15475
3375.174,0.15454
3373.245,0.15432
3371.316,0.15418
3369.388,0.15408
3367.459,0.15390
3365.530,0.15367
3363.602,0.15347
3361.673,0.15335
3359.744,0.15321
3357.816,0.15301
3355.887,0.15284
3353.958,0.15274
3352.030,0.15265
3350.101,0.15249
3348.172,0.15229
3346.244,0.15210
3344.315,0.15194
3342.386,0.15175
3340.458,0.15152
3338.529,0.15131
3336.600,0.15117
3334.672,0.15105
3332.743,0.15088
3330.814,0.15069
3328.886,0.15058
3326.957,0.15052
3325.028,0.15043
3323.100,0.15027
3321.171,0.15015
3319.242,0.15008
3317.314,0.14997
3315.385,0.14980
3313.456,0.14961
3311.528,0.14946
3309.599,0.14934
3307.670,0.14916
3305.742,0.14899
3303.813,0.14889
3301.884,0.14883
3299.955,0.14872
3298.027,0.14855
3296.098,0.14841
3294.169,0.14834
3292.241,0.14824
3290.312,0.14807
3288.383,0.14789
3286.455,0.14780
3284.526,0.14775
3282.597,0.14764
3280.669,0.14747
3278.740,0.14733
3276.811,0.14725
3274.883,0.14713
3272.954,0.14697
3271.025,0.14682
3269.097,0.14674
3267.168,0.14666
3265.239,0.14652
3263.311,0.14634
3261.382,0.14620
3259.453,0.14610
3257.525,0.14598
3255.596,0.14583
3253.667,0.14570
3251.739,0.14563
3249.810,0.14554
3247.881,0.14537
3245.953,0.14515
3244.024,0.14499
3242.095,0.14486
3240.167,0.14469
3238.238,0.14449
3236.309,0.14433
3234.381,0.14423
3232.452,0.14411
3230.523,0.14392
3228.595,0.14374
3226.666,0.14361
3224.737,0.14350
3222.809,0.14333
3220.880,0.14312
3218.951,0.14296
3217.023,0.14285
3215.094,0.14272
3213.165,0.14251
3211.237,0.14230
3209.308,0.14214
3207.379,0.14200
3205.451,0.14181
3203.522,0.14160
3201.593,0.14141
3199.665,0.14129
3197.736,0.14118
3195.807,0.14105
3193.879,0.14098
3191.950,0.14101
3190.021,0.14104
3188.093,0.14101
3186.164,0.14098
3184.235,0.14102
3182.307,0.14108
3180.378,0.14108
3178.449,0.14103
3176.521,0.14099
3174.592,0.14100
3172.663,0.14099
3170.735,0.14096
3168.806,0.14095
3166.877,0.14099
3164.949,0.14103
3163.020,0.14101
3161.091,0.14097
3159.163,0.14095
3157.234,0.14095
3155.305,0.14089
3153.377,0.14077
3151.448,0.14069
3149.519,0.14067
3147.591,0.14068
3145.662,0.14071
3143.733,0.14080
3141.804,0.14100
3139.876,0.14126
3137.947,0.14146
3136.018,0.14160
3134.090,0.14170
3132.161,0.14174
3130.232,0.14168
3128.304,0.14156
3126.375,0.14146
3124.446,0.14145
3122.518,0.14149
3120.589,0.14156
3118.660,0.14171
3116.732,0.14200
3114.803,0.14239
3112.874,0.14279
3110.946,0.14316
3109.017,0.14354
3107.088,0.14393
3105.160,0.14424
3103.231,0.14449
3101.302,0.14478
3099.374,0.14522
3097.445,0.14575
3095.516,0.14636
3093.588,0.14714
3091.659,0.14826
3089.730,0.14995
3087.802,0.15253
3085.873,0.15675
3083.944,0.16407
3082.016,0.17740
3080.087,0.20149
3078.158,0.23716
3076.230,0.26871
3074.301,0.27136
3072.372,0.24861
3070.444,0.23138
3068.515,0.23686
3066.586,0.25016
3064.658,0.24356
3062.729,0.21596
3060.800,0.18814
3058.872,0.17034
3056.943,0.16034
3055.014,0.15415
3053.086,0.14970
3051.157,0.14648
3049.228,0.14432
3047.300,0.14287
3045.371,0.14182
3043.442,0.14095
3041.514,0.14019
3039.585,0.13953
3037.656,0.13897
3035.728,0.13852
3033.799,0.13818
3031.870,0.13794
3029.942,0.13782
3028.013,0.13781
3026.084,0.13793
3024.156,0.13816
3022.227,0.13848
3020.298,0.13892
3018.370,0.13954
3016.441,0.14044
3014.512,0.14169
3012.584,0.14345
3010.655,0.14595
3008.726,0.14965
3006.798,0.15507
3004.869,0.16183
3002.940,0.16758
3001.012,0.16923
2999.083,0.16620
2997.154,0.16092
2995.226,0.15604
2993.297,0.15258
2991.368,0.15042
2989.440,0.14914
2987.511,0.14839
2985.582,0.14805
2983.654,0.14810
2981.725,0.14849
2979.796,0.14914
2977.867,0.15001
2975.939,0.15121
2974.010,0.15276
2972.081,0.15459
2970.153,0.15665
2968.224,0.15887
2966.295,0.16112
2964.367,0.16318
2962.438,0.16482
2960.509,0.16589
2958.581,0.16644
2956.652,0.16663
2954.723,0.16669
2952.795,0.16690
2950.866,0.16739
2948.937,0.16780
2947.009,0.16757
2945.080,0.16676
2943.151,0.16608
2941.223,0.16611
2939.294,0.16689
2937.365,0.16812
2935.437,0.16944
2933.508,0.17064
2931.579,0.17150
2929.651,0.17185
2927.722,0.17159
2925.793,0.17078
2923.865,0.16959
2921.936,0.16812
2920.007,0.16639
2918.079,0.16439
2916.150,0.16221
2914.221,0.16006
2912.293,0.15811
2910.364,0.15641
2908.435,0.15495
2906.507,0.15371
2904.578,0.15261
2902.649,0.15153
2900.721,0.15046
2898.792,0.14946
2896.863,0.14850
2894.935,0.14746
2893.006,0.14639
2891.077,0.14538
2889.149,0.14456
2887.220,0.14394
2885.291,0.14354
2883.363,0.14344
2881.434,0.14363
2879.505,0.14402
2877.577,0.14439
2875.648,0.14461
2873.719,0.14461
2871.791,0.14442
2869.862,0.14422
2867.933,0.14427
2866.005,0.14476
2864.076,0.14563
2862.147,0.14652
2860.219,0.14705
2858.290,0.14700
2856.361,0.14639
2854.433,0.14530
2852.504,0.14381
2850.575,0.14198
2848.647,0.13992
2846.718,0.13791
2844.789,0.13632
2842.861,0.13532
2840.932,0.13482
2839.003,0.13459
2837.075,0.13438
2835.146,0.13392
2833.217,0.13317
2831.289,0.13226
2829.360,0.13126
2827.431,0.13010
2825.503,0.12886
2823.574,0.12774
2821.645,0.12693
2819.716,0.12644
2817.788,0.12613
2815.859,0.12598
2813.930,0.12601
2812.002,0.12616
2810.073,0.12626
2808.144,0.12626
2806.216,0.12622
2804.287,0.12612
2802.358,0.12580
2800.430,0.12517
2798.501,0.12429
2796.572,0.12333
2794.644,0.12238
2792.715,0.12148
2790.786,0.12067
2788.858,0.12006
2786.929,0.11963
2785.000,0.11928
2783.072,0.11893
2781.143,0.11864
2779.214,0.11848
2777.286,0.11840
2775.357,0.11830
2773.428,0.11822
2771.500,0.11823
2769.571,0.11829
2767.642,0.11831
2765.714,0.11827
2763.785,0.11829
2761.856,0.11848
2759.928,0.11878
2757.999,0.11909
2756.070,0.11944
2754.142,0.11986
2752.213,0.12035
2750.284,0.12081
2748.356,0.12109
2746.427,0.12108
2744.498,0.12074
2742.570,0.12012
2740.641,0.11932
2738.712,0.11856
2736.784,0.11796
2734.855,0.11748
2732.926,0.11700
2730.998,0.11656
2729.069,0.11621
2727.140,0.11593
2725.212,0.11561
2723.283,0.11525
2721.354,0.11497
2719.426,0.11478
2717.497,0.11464
2715.568,0.11445
2713.640,0.11430
2711.711,0.11424
2709.782,0.11423
2707.854,0.11419
2705.925,0.11412
2703.996,0.11410
2702.068,0.11410
2700.139,0.11404
2698.210,0.11389
2696.282,0.11378
2694.353,0.11378
2692.424,0.11382
2690.496,0.11382
2688.567,0.11381
2686.638,0.11385
2684.710,0.11390
2682.781,0.11385
2680.852,0.11372
2678.924,0.11364
2676.995,0.11367
2675.066,0.11371
2673.138,0.11364
2671.209,0.11349
2669.280,0.11334
2667.352,0.11317
2665.423,0.11288
2663.494,0.11254
2661.566,0.11225
2659.637,0.11205
2657.708,0.11184
2655.779,0.11155
2653.851,0.11127
2651.922,0.11107
2649.993,0.11093
2648.065,0.11077
2646.136,0.11063
2644.207,0.11057
2642.279,0.11054
2640.350,0.11047
2638.421,0.11036
2636.493,0.11030
2634.564,0.11032
2632.635,0.11036
2630.707,0.11039
2628.778,0.11044
2626.849,0.11058
2624.921,0.11076
2622.992,0.11088
2621.063,0.11093
2619.135,0.11098
2617.206,0.11103
2615.277,0.11103
2613.349,0.11097
2611.420,0.11092
2609.491,0.11093
2607.563,0.11100
2605.634,0.11103
2603.705,0.11100
2601.777,0.11093
2599.848,0.11084
2597.919,0.11070
2595.991,0.11052
2594.062,0.11038
2592.133,0.11035
2590.205,0.11038
2588.276,0.11042
2586.347,0.11043
2584.419,0.11043
2582.490,0.11039
2580.561,0.11024
2578.633,0.10998
2576.704,0.10964
2574.775,0.10931
2572.847,0.10903
2570.918,0.10873
2568.989,0.10840
2567.061,0.10809
2565.132,0.10782
2563.203,0.10755
2561.275,0.10725
2559.346,0.10696
2557.417,0.10674
2555.489,0.10659
2553.560,0.10650
2551.631,0.10648
2549.703,0.10656
2547.774,0.10674
2545.845,0.10690
2543.917,0.10697
2541.988,0.10694
2540.059,0.10685
2538.131,0.10672
2536.202,0.10652
2534.273,0.10623
2532.345,0.10595
2530.416,0.10574
2528.487,0.10556
2526.559,0.10535
2524.630,0.10513
2522.701,0.10499
2520.773,0.10496
2518.844,0.10493
2516.915,0.10489
2514.987,0.10492
2513.058,0.10507
2511.129,0.10528
2509.201,0.10545
2507.272,0.10559
2505.343,0.10575
2503.415,0.10596
2501.486,0.10609
2499.557,0.10607
2497.628,0.10601
2495.700,0.10600
2493.771,0.10604
2491.842,0.10604
2489.914,0.10603
2487.985,0.10615
2486.056,0.10639
2484.128,0.10657
2482.199,0.10660
2480.270,0.10658
2478.342,0.10661
2476.413,0.10664
2474.484,0.10659
2472.556,0.10653
2470.627,0.10656
2468.698,0.10658
2466.770,0.10646
2464.841,0.10619
2462.912,0.10593
2460.984,0.10580
2459.055,0.10571
2457.126,0.10555
2455.198,0.10539
2453.269,0.10533
2451.340,0.10528
2449.412,0.10508
2447.483,0.10473
2445.554,0.10441
2443.626,0.10421
2441.697,0.10399
2439.768,0.10366
2437.840,0.10339
2435.911,0.10335
2433.982,0.10345
2432.054,0.10353
2430.125,0.10357
2428.196,0.10370
2426.268,0.10394
2424.339,0.10408
2422.410,0.10402
2420.482,0.10386
2418.553,0.10371
2416.624,0.10350
2414.696,0.10318
2412.767,0.10288
2410.838,0.10280
2408.910,0.10286
2406.981,0.10285
2405.052,0.10268
2403.124,0.10250
2401.195,0.10243
2399.266,0.10237
2397.338,0.10224
2395.409,0.10215
2393.480,0.10225
2391.552,0.10246
2389.623,0.10266
2387.694,0.10286
2385.766,0.10318
2383.837,0.10359
2381.908,0.10391
2379.980,0.10406
2378.051,0.10413
2376.122,0.10414
2374.194,0.10398
2372.265,0.10361
2370.336,0.10322
2368.408,0.10299
2366.479,0.10288
2364.550,0.10274
2362.622,0.10257
2360.693,0.10252
2358.764,0.10261
2356.836,0.10266
2354.907,0.10260
2352.978,0.10255
2351.050,0.10259
2349.121,0.10259
2347.192,0.10242
2345.264,0.10212
2343.335,0.10182
2341.406,0.10148
2339.478,0.10096
2337.549,0.10034
2335.620,0.09982
2333.691,0.09947
2331.763,0.09916
2329.834,0.09883
2327.905,0.09859
2325.977,0.09853
2324.048,0.09855
2322.119,0.09848
2320.191,0.09837
2318.262,0.09841
2316.333,0.09859
2314.405,0.09872
2312.476,0.09875
2310.547,0.09892
2308.619,0.09929
2306.690,0.09967
2304.761,0.09989
2302.833,0.10004
2300.904,0.10028
2298.975,0.10047
2297.047,0.10036
2295.118,0.09997
2293.189,0.09962
2291.261,0.09940
2289.332,0.09913
2287.403,0.09874
2285.475,0.09844
2283.546,0.09838
2281.617,0.09839
2279.689,0.09821
2277.760,0.09794
2275.831,0.09783
2273.903,0.09788
2271.974,0.09786
2270.045,0.09768
2268.117,0.09757
2266.188,0.09762
2264.259,0.09761
2262.331,0.09736
2260.402,0.09705
2258.473,0.09694
2256.545,0.09697
2254.616,0.09685
2252.687,0.09657
2250.759,0.09637
2248.830,0.09634
2246.901,0.09624
2244.973,0.09592
2243.044,0.09559
2241.115,0.09549
2239.187,0.09549
2237.258,0.09534
2235.329,0.09505
2233.401,0.09490
2231.472,0.09490
2229.543,0.09483
2227.615,0.09457
2225.686,0.09433
2223.757,0.09431
2221.829,0.09435
2219.900,0.09424
2217.971,0.09405
2216.043,0.09400
2214.114,0.09409
2212.185,0.09408
2210.257,0.09394
2208.328,0.09387
2206.399,0.09399
2204.471,0.09415
2202.542,0.09423
2200.613,0.09435
2198.685,0.09460
2196.756,0.09487
2194.827,0.09494
2192.899,0.09485
2190.970,0.09477
2189.041,0.09476
2187.113,0.09467
2185.184,0.09446
2183.255,0.09429
2181.327,0.09427
2179.398,0.09427
2177.469,0.09415
2175.540,0.09402
2173.612,0.09403
2171.683,0.09414
2169.754,0.09416
2167.826,0.09409
2165.897,0.09408
2163.968,0.09418
2162.040,0.09420
2160.111,0.09405
2158.182,0.09388
2156.254,0.09378
2154.325,0.09367
2152.396,0.09342
2150.468,0.09317
2148.539,0.09310
2146.610,0.09311
2144.682,0.09302
2142.753,0.09282
2140.824,0.09272
2138.896,0.09275
2136.967,0.09277
2135.038,0.09267
2133.110,0.09262
2131.181,0.09273
2129.252,0.09286
2127.324,0.09279
2125.395,0.09258
2123.466,0.09246
2121.538,0.09244
2119.609,0.09235
2117.680,0.09214
2115.752,0.09200
2113.823,0.09205
2111.894,0.09212
2109.966,0.09201
2108.037,0.09183
2106.108,0.09181
2104.180,0.09193
2102.251,0.09193
2100.322,0.09175
2098.394,0.09157
2096.465,0.09153
2094.536,0.09147
2092.608,0.09125
2090.679,0.09094
2088.750,0.09071
2086.822,0.09058
2084.893,0.09040
2082.964,0.09017
2081.036,0.09007
2079.107,0.09021
2077.178,0.09046
2075.250,0.09068
2073.321,0.09090
2071.392,0.09124
2069.464,0.09163
2067.535,0.09189
2065.606,0.09193
2063.678,0.09186
2061.749,0.09179
2059.820,0.09169
2057.892,0.09148
2055.963,0.09122
2054.034,0.09104
2052.106,0.09092
2050.177,0.09077
2048.248,0.09054
2046.320,0.09035
2044.391,0.09026
2042.462,0.09024
2040.534,0.09024
2038.605,0.09028
2036.676,0.09038
2034.748,0.09056
2032.819,0.09074
2030.890,0.09090
2028.962,0.09104
2027.033,0.09117
2025.104,0.09124
2023.176,0.09120
2021.247,0.09107
2019.318,0.09092
2017.390,0.09082
2015.461,0.09079
2013.532,0.09080
2011.603,0.09084
2009.675,0.09092
2007.746,0.09104
2005.817,0.09115
2003.889,0.09116
2001.960,0.09111
2000.031,0.09104
1998.103,0.09100
1996.174,0.09096
1994.245,0.09091
1992.317,0.09089
1990.388,0.09097
1988.459,0.09113
1986.531,0.09131
1984.602,0.09148
1982.673,0.09165
1980.745,0.09182
1978.816,0.09193
1976.887,0.09197
1974.959,0.09199
1973.030,0.09205
1971.101,0.09213
1969.173,0.09217
1967.244,0.09217
1965.315,0.09218
1963.387,0.09224
1961.458,0.09233
1959.529,0.09236
1957.601,0.09233
1955.672,0.09229
1953.743,0.09229
1951.815,0.09231
1949.886,0.09232
1947.957,0.09234
1946.029,0.09239
1944.100,0.09244
1942.171,0.09245
1940.243,0.09242
1938.314,0.09237
1936.385,0.09231
1934.457,0.09225
1932.528,0.09219
1930.599,0.09215
1928.671,0.09217
1926.742,0.09222
1924.813,0.09230
1922.885,0.09238
1920.956,0.09248
1919.027,0.09257
1917.099,0.09266
1915.170,0.09270
1913.241,0.09268
1911.313,0.09263
1909.384,0.09258
1907.455,0.09252
1905.527,0.09244
1903.598,0.09233
1901.669,0.09224
1899.741,0.09218
1897.812,0.09216
1895.883,0.09216
1893.955,0.09221
1892.026,0.09232
1890.097,0.09250
1888.169,0.09273
1886.240,0.09292
1884.311,0.09311
1882.383,0.09334
1880.454,0.09357
1878.525,0.09377
1876.597,0.09390
1874.668,0.09399
1872.739,0.09406
1870.811,0.09407
1868.882,0.09406
1866.953,0.09408
1865.025,0.09415
1863.096,0.09421
1861.167,0.09421
1859.239,0.09417
1857.310,0.09412
1855.381,0.09408
1853.452,0.09402
1851.524,0.09397
1849.595,0.09401
1847.666,0.09418
1845.738,0.09441
1843.809,0.09465
1841.880,0.09490
1839.952,0.09517
1838.023,0.09546
1836.094,0.09566
1834.166,0.09579
1832.237,0.09593
1830.308,0.09615
1828.380,0.09642
1826.451,0.09666
1824.522,0.09691
1822.594,0.09725
1820.665,0.09764
1818.736,0.09800
1816.808,0.09835
1814.879,0.09878
1812.950,0.09928
1811.022,0.09977
1809.093,0.10018
1807.164,0.10052
1805.236,0.10084
1803.307,0.10111
1801.378,0.10128
1799.450,0.10142
1797.521,0.10162
1795.592,0.10189
1793.664,0.10217
1791.735,0.10245
1789.806,0.10279
1787.878,0.10326
1785.949,0.10380
1784.020,0.10437
1782.092,0.10498
1780.163,0.10571
1778.234,0.10658
1776.306,0.10739
1774.377,0.10803
1772.448,0.10856
1770.520,0.10908
1768.591,0.10950
1766.662,0.10976
1764.734,0.10998
1762.805,0.11040
1760.876,0.11110
1758.948,0.11199
1757.019,0.11306
1755.090,0.11449
1753.162,0.11655
1751.233,0.11943
1749.304,0.12334
1747.376,0.12846
1745.447,0.13463
1743.518,0.14101
1741.590,0.14618
1739.661,0.14887
1737.732,0.14869
1735.804,0.14615
1733.875,0.14228
1731.946,0.13811
1730.018,0.13439
1728.089,0.13156
1726.160,0.12972
1724.232,0.12861
1722.303,0.12799
1720.374,0.12778
1718.446,0.12798
1716.517,0.12851
1714.588,0.12915
1712.660,0.12979
1710.731,0.13046
1708.802,0.13117
1706.874,0.13181
1704.945,0.13231
1703.016,0.13272
1701.088,0.13323
1699.159,0.13385
1697.230,0.13445
1695.302,0.13502
1693.373,0.13578
1691.444,0.13670
1689.515,0.13755
1687.587,0.13823
1685.658,0.13892
1683.729,0.13984
1681.801,0.14095
1679.872,0.14205
1677.943,0.14310
1676.015,0.14426
1674.086,0.14563
1672.157,0.14703
1670.229,0.14840
1668.300,0.14991
1666.371,0.15168
1664.443,0.15359
1662.514,0.15553
1660.585,0.15752
1658.657,0.15968
1656.728,0.16198
1654.799,0.16439
1652.871,0.16697
1650.942,0.16977
1649.013,0.17268
1647.085,0.17551
1645.156,0.17814
1643.227,0.18060
1641.299,0.18305
1639.370,0.18561
1637.441,0.18837
1635.513,0.19150
1633.584,0.19521
1631.655,0.19944
1629.727,0.20406
1627.798,0.20900
1625.869,0.21437
1623.941,0.22025
1622.012,0.22667
1620.083,0.23373
1618.155,0.24160
1616.226,0.25047
1614.297,0.26046
1612.369,0.27183
1610.440,0.28543
1608.511,0.30265
1606.583,0.32518
1604.654,0.35445
1602.725,0.38982
1600.797,0.42614
1598.868,0.45474
1596.939,0.47130
1595.011,0.48014
1593.082,0.48296
1591.153,0.47037
1589.225,0.43717
1587.296,0.39595
1585.367,0.36365
1583.439,0.34839
1581.510,0.35098
1579.581,0.36827
1577.653,0.39300
1575.724,0.41408
1573.795,0.42102
1571.867,0.40954
1569.938,0.38205
1568.009,0.34491
1566.081,0.30543
1564.152,0.26886
1562.223,0.23735
1560.295,0.21107
1558.366,0.19006
1556.437,0.17479
1554.509,0.16561
1552.580,0.16235
1550.651,0.16478
1548.723,0.17352
1546.794,0.19019
1544.865,0.21625
1542.937,0.24993
1541.008,0.28306
1539.079,0.30632
1537.151,0.32089
1535.222,0.33405
1533.293,0.34308
1531.364,0.33704
1529.436,0.31379
1527.507,0.28279
1525.578,0.25340
1523.650,0.22928
1521.721,0.21051
1519.792,0.19599
1517.864,0.18438
1515.935,0.17472
1514.006,0.16670
1512.078,0.16017
1510.149,0.15473
1508.220,0.14986
1506.292,0.14536
1504.363,0.14128
1502.434,0.13754
1500.506,0.13412
1498.577,0.13138
1496.648,0.12962
1494.720,0.12849
1492.791,0.12734
1490.862,0.12598
1488.934,0.12481
1487.005,0.12424
1485.076,0.12437
1483.148,0.12530
1481.219,0.12728
1479.290,0.13037
1477.362,0.13431
1475.433,0.13898
1473.504,0.14489
1471.576,0.15301
1469.647,0.16429
1467.718,0.18010
1465.790,0.20335
1463.861,0.23660
1461.932,0.27394
1460.004,0.29590
1458.075,0.28509
1456.146,0.24843
1454.218,0.20752
1452.289,0.17637
1450.360,0.15775
1448.432,0.14968
1446.503,0.14991
1444.574,0.15698
1442.646,0.17025
1440.717,0.18972
1438.788,0.21444
1436.860,0.23923
1434.931,0.25460
1433.002,0.25500
1431.074,0.24604
1429.145,0.23869
1427.216,0.23986
1425.288,0.24774
1423.359,0.25043
1421.430,0.23562
1419.502,0.20697
1417.573,0.17936
1415.644,0.16164
1413.716,0.15384
1411.787,0.15297
1409.858,0.15634
1407.930,0.16247
1406.001,0.17114
1404.072,0.18286
1402.144,0.19841
1400.215,0.21896
1398.286,0.24553
1396.358,0.27660
1394.429,0.30710
1392.500,0.33127
1390.572,0.34450
1388.643,0.34217
1386.714,0.32276
1384.786,0.29151
1382.857,0.25725
1380.928,0.22805
1379.000,0.20846
1377.071,0.19569
1375.142,0.18117
1373.214,0.16207
1371.285,0.14528
1369.356,0.13652
1367.427,0.13484
1365.499,0.13734
1363.570,0.14333
1361.641,0.15381
1359.713,0.16961
1357.784,0.19090
1355.855,0.21630
1353.927,0.24019
1351.998,0.25272
1350.069,0.24774
1348.141,0.23015
1346.212,0.21062
1344.283,0.19577
1342.355,0.18659
1340.426,0.18249
1338.497,0.18305
1336.569,0.18647
1334.640,0.19034
1332.711,0.19463
1330.783,0.20175
1328.854,0.21351
1326.925,0.22944
1324.997,0.24690
1323.068,0.26220
1321.139,0.27260
1319.211,0.27837
1317.282,0.28283
1315.353,0.28906
1313.425,0.29600
1311.496,0.29766
1309.567,0.28828
1307.639,0.26862
1305.710,0.24530
1303.781,0.22480
1301.853,0.20992
1299.924,0.20051
1297.995,0.19562
1296.067,0.19465
1294.138,0.19717
1292.209,0.20266
1290.281,0.21105
1288.352,0.22314
1286.423,0.24026
1284.495,0.26425
1282.566,0.29802
1280.637,0.34471
1278.709,0.40305
1276.780,0.46149
1274.851,0.50433
1272.923,0.53090
1270.994,0.55217
1269.065,0.56523
1267.137,0.55298
1265.208,0.51051
1263.279,0.45363
1261.351,0.39980
1259.422,0.35571
1257.493,0.32058
1255.565,0.29254
1253.636,0.27121
1251.707,0.25713
1249.779,0.24929
1247.850,0.24406
1245.921,0.23898
1243.993,0.23644
1242.064,0.24075
1240.135,0.25379
1238.207,0.27335
1236.278,0.29304
1234.349,0.30513
1232.421,0.30585
1230.492,0.29754
1228.563,0.28573
1226.635,0.27570
1224.706,0.27131
1222.777,0.27463
1220.849,0.28407
1218.920,0.29304
1216.991,0.29354
1215.063,0.28322
1213.134,0.26648
1211.205,0.24884
1209.277,0.23304
1207.348,0.21945
1205.419,0.20764
1203.490,0.19752
1201.562,0.18914
1199.633,0.18214
1197.704,0.17593
1195.776,0.17036
1193.847,0.16564
1191.918,0.16171
1189.990,0.15814
1188.061,0.15472
1186.132,0.15174
1184.204,0.14936
1182.275,0.14714
1180.346,0.14466
1178.418,0.14212
1176.489,0.13990
1174.560,0.13783
1172.632,0.13544
1170.703,0.13272
1168.774,0.13012
1166.846,0.12770
1164.917,0.12513
1162.988,0.12236
1161.060,0.11986
1159.131,0.11783
1157.202,0.11588
1155.274,0.11360
1153.345,0.11125
1151.416,0.10923
1149.488,0.10735
1147.559,0.10519
1145.630,0.10287
1143.702,0.10095
1141.773,0.09950
1139.844,0.09814
1137.916,0.09681
1135.987,0.09597
1134.058,0.09584
1132.130,0.09590
1130.201,0.09542
1128.272,0.09424
1126.344,0.09268
1124.415,0.09090
1122.486,0.08881
1120.558,0.08669
1118.629,0.08502
1116.700,0.08381
1114.772,0.08259
1112.843,0.08121
1110.914,0.08011
1108.986,0.07954
1107.057,0.07915
1105.128,0.07853
1103.200,0.07789
1101.271,0.07759
1099.342,0.07750
1097.414,0.07726
1095.485,0.07691
1093.556,0.07688
1091.628,0.07730
1089.699,0.07786
1087.770,0.07823
1085.842,0.07851
1083.913,0.07880
1081.984,0.07885
1080.056,0.07847
1078.127,0.07799
1076.198,0.07793
1074.270,0.07833
1072.341,0.07897
1070.412,0.07992
1068.484,0.08153
1066.555,0.08395
1064.626,0.08696
1062.698,0.09043
1060.769,0.09452
1058.840,0.09946
1056.912,0.10539
1054.983,0.11275
1053.054,0.12241
1051.126,0.13550
1049.197,0.15337
1047.268,0.17815
1045.339,0.21297
1043.411,0.25818
1041.482,0.30174
1039.553,0.31902
1037.625,0.29984
1035.696,0.26241
1033.767,0.22612
1031.839,0.19742
1029.910,0.17747
1027.981,0.16642
1026.053,0.16304
1024.124,0.16501
1022.195,0.16961
1020.267,0.17392
1018.338,0.17506
1016.409,0.17112
1014.481,0.16233
1012.552,0.15080
1010.623,0.13891
1008.695,0.12781
1006.766,0.11743
1004.837,0.10782
1002.909,0.09974
1000.980,0.09368
999.051,0.08900
997.123,0.08493
995.194,0.08169
993.265,0.07991
991.337,0.07917
989.408,0.07848
987.479,0.07782
985.551,0.07811
983.622,0.07955
981.693,0.08121
979.765,0.08268
977.836,0.08489
975.907,0.08857
973.979,0.09307
972.050,0.09754
970.121,0.10243
968.193,0.10879
966.264,0.11652
964.335,0.12467
962.407,0.13324
960.478,0.14337
958.549,0.15570
956.621,0.16972
954.692,0.18493
952.763,0.20191
950.835,0.22065
948.906,0.23761
946.977,0.24681
945.049,0.24616
943.120,0.24011
941.191,0.23482
939.263,0.23411
937.334,0.24021
935.405,0.25541
933.477,0.28179
931.548,0.31971
929.619,0.36574
927.691,0.40994
925.762,0.43751
923.833,0.44069
921.905,0.42800
919.976,0.41423
918.047,0.40695
916.119,0.40455
914.190,0.40129
912.261,0.39229
910.333,0.37614
908.404,0.35464
906.475,0.33069
904.547,0.30668
902.618,0.28414
900.689,0.26396
898.761,0.24622
896.832,0.23046
894.903,0.21641
892.975,0.20456
891.046,0.19626
889.117,0.19435
887.189,0.20327
885.260,0.22390
883.331,0.24588
881.402,0.25324
879.474,0.24253
877.545,0.22401
875.616,0.20647
873.688,0.19204
871.759,0.17990
869.830,0.16937
867.902,0.16043
865.973,0.15286
864.044,0.14600
862.116,0.13974
860.187,0.13505
858.258,0.13399
856.330,0.13954
854.401,0.15088
852.472,0.15968
850.544,0.16173
848.615,0.16526
846.686,0.17674
844.758,0.18970
842.829,0.19223
840.900,0.18116
838.972,0.16401
837.043,0.14826
835.114,0.13657
833.186,0.12874
831.257,0.12315
829.328,0.11827
827.400,0.11408
825.471,0.11120
823.542,0.10921
821.614,0.10696
819.685,0.10441
817.756,0.10255
815.828,0.10155
813.899,0.10030
811.970,0.09820
810.042,0.09622
808.113,0.09527
806.184,0.09493
804.256,0.09463
802.327,0.09539
800.398,0.09901
798.470,0.10643
796.541,0.11828
794.612,0.13689
792.684,0.16617
790.755,0.20758
788.826,0.25528
786.898,0.29718
784.969,0.32439
783.040,0.33502
781.112,0.32671
779.183,0.29907
777.254,0.26157
775.326,0.22643
773.397,0.19880
771.468,0.17751
769.540,0.16034
767.611,0.14673
765.682,0.13651
763.754,0.12897
761.825,0.12492
759.896,0.12989
757.968,0.15187
756.039,0.18852
754.110,0.21653
752.182,0.21360
750.253,0.18939
748.324,0.16549
746.396,0.14975
744.467,0.14134
742.538,0.13983
740.610,0.14434
738.681,0.14957
736.752,0.14912
734.824,0.14283
732.895,0.13535
730.966,0.12934
729.038,0.12432
727.109,0.11973
725.180,0.11606
723.251,0.11345
721.323,0.11100
719.394,0.10816
717.465,0.10561
715.537,0.10394
713.608,0.10260
711.679,0.10082
709.751,0.09892
707.822,0.09768
705.893,0.09686
703.965,0.09561
702.036,0.09393
700.107,0.09265
698.179,0.09197
696.250,0.09116
694.321,0.08991
692.393,0.08884
690.464,0.08834
688.535,0.08787
686.607,0.08700
684.678,0.08620
682.749,0.08614
680.821,0.08676
678.892,0.08787
676.963,0.08997
675.035,0.09353
673.106,0.09745
671.177,0.09932
669.249,0.09799
667.320,0.09469
665.391,0.09113
663.463,0.08786
661.534,0.08497
659.605,0.08278
657.677,0.08131
655.748,0.08009
653.819,0.07879
651.891,0.07772
649.962,0.07720
648.033,0.07688
646.105,0.07632
644.176,0.07576
642.247,0.07553
640.319,0.07537
638.390,0.07482
636.461,0.07417
634.533,0.07400
632.604,0.07431
630.675,0.07470
628.747,0.07538
626.818,0.07707
624.889,0.07987
622.961,0.08327
621.032,0.08736
619.103,0.09310
617.175,0.10127
615.246,0.11205
613.317,0.12592
611.389,0.14363
609.460,0.16400
607.531,0.18251
605.603,0.19390
603.674,0.19630
601.745,0.19177
599.817,0.18388
597.888,0.17710
595.959,0.17697
594.031,0.18549
592.102,0.19629
590.173,0.20148
588.245,0.20047
586.316,0.19483
584.387,0.18406
582.459,0.16953
580.530,0.15450
578.601,0.14148
576.673,0.13160
574.744,0.12439
572.815,0.11836
570.887,0.11285
568.958,0.10860
567.029,0.10576
565.101,0.10311
563.172,0.09992
561.243,0.09712
559.314,0.09556
557.386,0.09439
555.457,0.09254
553.528,0.09052
551.600,0.08942
549.671,0.08891
547.742,0.08772
545.814,0.08591
543.885,0.08482
541.956,0.08461
540.028,0.08397
538.099,0.08255
536.170,0.08162
534.242,0.08166
532.313,0.08143
530.384,0.08016
528.456,0.07904
526.527,0.07907
524.598,0.07925
522.670,0.07838
520.741,0.07725
518.812,0.07723
516.884,0.07797
514.955,0.07810
513.026,0.07765
511.098,0.07806
509.169,0.07965
507.240,0.08107
505.312,0.08195
503.383,0.08387
501.454,0.08762
499.526,0.09187
497.597,0.09559
495.668,0.09977
493.740,0.10519
491.811,0.11049
489.882,0.11418
487.954,0.11652
486.025,0.11825
484.096,0.11903
482.168,0.11803
480.239,0.11567
478.310,0.11353
476.382,0.11226
474.453,0.11107
472.524,0.11032
470.596,0.11233
468.667,0.11850
466.738,0.12768
464.810,0.13752
462.881,0.14575
460.952,0.15013
459.024,0.14908
457.095,0.14324
455.166,0.13573
453.238,0.12945
451.309,0.12477
449.380,0.12043
447.452,0.11599
445.523,0.11234
443.594,0.10970
441.666,0.10677
439.737,0.10305
437.808,0.10013
435.880,0.09897
433.951,0.09799
432.022,0.09588
430.094,0.09379
428.165,0.09331
426.236,0.09362
424.308,0.09332
422.379,0.09405
420.450,0.09812
418.522,0.10480
416.593,0.11334
414.664,0.12460
412.736,0.13729
410.807,0.14747
408.878,0.15318
406.950,0.15745
405.021,0.16502
403.092,0.17870
401.163,0.19641
399.235,0.21414
