7600.891,0.39584
7598.962,0.39570
7597.034,0.39550
7595.105,0.39508
7593.176,0.39490
7591.248,0.39508
7589.319,0.39513
7587.390,0.39494
7585.462,0.39474
7583.533,0.39446
7581.604,0.39415
7579.676,0.39410
7577.747,0.39416
7575.818,0.39403
7573.890,0.39388
7571.961,0.39369
7570.032,0.39339
7568.104,0.39314
7566.175,0.39297
7564.246,0.39283
7562.318,0.39272
7560.389,0.39270
7558.460,0.39273
7556.532,0.39277
7554.603,0.39280
7552.674,0.39262
7550.746,0.39221
7548.817,0.39191
7546.888,0.39197
7544.960,0.39217
7543.031,0.39217
7541.102,0.39196
7539.174,0.39167
7537.245,0.39139
7535.316,0.39120
7533.388,0.39109
7531.459,0.39102
7529.530,0.39097
7527.602,0.39088
7525.673,0.39078
7523.744,0.39078
7521.816,0.39079
7519.887,0.39065
7517.958,0.39037
7516.030,0.39005
7514.101,0.38988
7512.172,0.38976
7510.244,0.38962
7508.315,0.38959
7506.386,0.38951
7504.458,0.38912
7502.529,0.38867
7500.600,0.38842
7498.672,0.38848
7496.743,0.38865
7494.814,0.38848
7492.885,0.38818
7490.957,0.38811
7489.028,0.38811
7487.099,0.38808
7485.171,0.38798
7483.242,0.38771
7481.313,0.38740
7479.385,0.38726
7477.456,0.38740
7475.527,0.38756
7473.599,0.38757
7471.670,0.38743
7469.741,0.38709
7467.813,0.38673
7465.884,0.38650
7463.955,0.38637
7462.027,0.38642
7460.098,0.38651
7458.169,0.38636
7456.241,0.38598
7454.312,0.38567
7452.383,0.38569
7450.455,0.38575
7448.526,0.38547
7446.597,0.38513
7444.669,0.38518
7442.740,0.38539
7440.811,0.38533
7438.883,0.38510
7436.954,0.38495
7435.025,0.38484
7433.097,0.38468
7431.168,0.38446
7429.239,0.38430
7427.311,0.38426
7425.382,0.38422
7423.453,0.38411
7421.525,0.38397
7419.596,0.38376
7417.667,0.38351
7415.739,0.38339
7413.810,0.38334
7411.881,0.38320
7409.953,0.38312
7408.024,0.38327
7406.095,0.38337
7404.167,0.38320
7402.238,0.38301
7400.309,0.38291
7398.381,0.38273
7396.452,0.38255
7394.523,0.38247
7392.595,0.38249
7390.666,0.38243
7388.737,0.38227
7386.809,0.38213
7384.880,0.38198
7382.951,0.38185
7381.023,0.38178
7379.094,0.38170
7377.165,0.38155
7375.237,0.38142
7373.308,0.38135
7371.379,0.38122
7369.451,0.38096
7367.522,0.38070
7365.593,0.38059
7363.665,0.38059
7361.736,0.38059
7359.807,0.38052
7357.879,0.38043
7355.950,0.38037
7354.021,0.38010
7352.093,0.37955
7350.164,0.37913
7348.235,0.37913
7346.307,0.37934
7344.378,0.37944
7342.449,0.37931
7340.521,0.37908
7338.592,0.37892
7336.663,0.37892
7334.734,0.37900
7332.806,0.37895
7330.877,0.37880
7328.948,0.37870
7327.020,0.37850
7325.091,0.37818
7323.162,0.37804
7321.234,0.37799
7319.305,0.37774
7317.376,0.37742
7315.448,0.37729
7313.519,0.37729
7311.590,0.37725
7309.662,0.37726
7307.733,0.37741
7305.804,0.37748
7303.876,0.37734
7301.947,0.37713
7300.018,0.37694
7298.090,0.37674
7296.161,0.37659
7294.232,0.37655
7292.304,0.37647
7290.375,0.37620
7288.446,0.37592
7286.518,0.37569
7284.589,0.37544
7282.660,0.37532
7280.732,0.37530
7278.803,0.37516
7276.874,0.37495
7274.946,0.37483
7273.017,0.37470
7271.088,0.37443
7269.160,0.37419
7267.231,0.37415
7265.302,0.37422
7263.374,0.37421
7261.445,0.37408
7259.516,0.37389
7257.588,0.37369
7255.659,0.37358
7253.730,0.37365
7251.802,0.37376
7249.873,0.37375
7247.944,0.37359
7246.016,0.37335
7244.087,0.37319
7242.158,0.37317
7240.230,0.37316
7238.301,0.37299
7236.372,0.37275
7234.444,0.37257
7232.515,0.37234
7230.586,0.37208
7228.658,0.37199
7226.729,0.37200
7224.800,0.37192
7222.872,0.37181
7220.943,0.37178
7219.014,0.37174
7217.086,0.37162
7215.157,0.37146
7213.228,0.37140
7211.300,0.37142
7209.371,0.37140
7207.442,0.37137
7205.514,0.37126
7203.585,0.37096
7201.656,0.37064
7199.728,0.37051
7197.799,0.37054
7195.870,0.37051
7193.942,0.37029
7192.013,0.36999
7190.084,0.36975
7188.156,0.36975
7186.227,0.36992
7184.298,0.36996
7182.370,0.36978
7180.441,0.36969
7178.512,0.36969
7176.584,0.36951
7174.655,0.36921
7172.726,0.36900
7170.797,0.36892
7168.869,0.36894
7166.940,0.36893
7165.011,0.36876
7163.083,0.36847
7161.154,0.36830
7159.225,0.36836
7157.297,0.36844
7155.368,0.36836
7153.439,0.36814
7151.511,0.36797
7149.582,0.36795
7147.653,0.36792
7145.725,0.36769
7143.796,0.36738
7141.867,0.36728
7139.939,0.36736
7138.010,0.36743
7136.081,0.36746
7134.153,0.36734
7132.224,0.36703
7130.295,0.36676
7128.367,0.36659
7126.438,0.36639
7124.509,0.36624
7122.581,0.36623
7120.652,0.36623
7118.723,0.36616
7116.795,0.36602
7114.866,0.36584
7112.937,0.36572
7111.009,0.36574
7109.080,0.36582
7107.151,0.36575
7105.223,0.36552
7103.294,0.36527
7101.365,0.36498
7099.437,0.36463
7097.508,0.36438
7095.579,0.36437
7093.651,0.36443
7091.722,0.36433
7089.793,0.36411
7087.865,0.36399
7085.936,0.36402
7084.007,0.36403
7082.079,0.36396
7080.150,0.36380
7078.221,0.36363
7076.293,0.36361
7074.364,0.36369
7072.435,0.36363
7070.507,0.36346
7068.578,0.36335
7066.649,0.36327
7064.721,0.36310
7062.792,0.36286
7060.863,0.36270
7058.935,0.36268
7057.006,0.36266
7055.077,0.36252
7053.149,0.36232
7051.220,0.36220
7049.291,0.36213
7047.363,0.36200
7045.434,0.36186
7043.505,0.36185
7041.577,0.36181
7039.648,0.36159
7037.719,0.36140
7035.791,0.36141
7033.862,0.36143
7031.933,0.36130
7030.005,0.36109
7028.076,0.36086
7026.147,0.36071
7024.219,0.36068
7022.290,0.36066
7020.361,0.36059
7018.433,0.36057
7016.504,0.36050
7014.575,0.36032
7012.646,0.36018
7010.718,0.36007
7008.789,0.35990
7006.860,0.35970
7004.932,0.35955
7003.003,0.35955
7001.074,0.35962
6999.146,0.35953
6997.217,0.35932
6995.288,0.35921
6993.360,0.35920
6991.431,0.35921
6989.502,0.35920
6987.574,0.35905
6985.645,0.35877
6983.716,0.35855
6981.788,0.35845
6979.859,0.35834
6977.930,0.35814
6976.002,0.35797
6974.073,0.35794
6972.144,0.35803
6970.216,0.35808
6968.287,0.35796
6966.358,0.35771
6964.430,0.35749
6962.501,0.35738
6960.572,0.35737
6958.644,0.35734
6956.715,0.35719
6954.786,0.35698
6952.858,0.35674
6950.929,0.35653
6949.000,0.35645
6947.072,0.35643
6945.143,0.35636
6943.214,0.35625
6941.286,0.35612
6939.357,0.35604
6937.428,0.35604
6935.500,0.35607
6933.571,0.35604
6931.642,0.35591
6929.714,0.35567
6927.785,0.35539
6925.856,0.35519
6923.928,0.35516
6921.999,0.35516
6920.070,0.35494
6918.142,0.35468
6916.213,0.35462
6914.284,0.35460
6912.356,0.35436
6910.427,0.35412
6908.498,0.35414
6906.570,0.35421
6904.641,0.35410
6902.712,0.35396
6900.784,0.35390
6898.855,0.35378
6896.926,0.35354
6894.998,0.35332
6893.069,0.35324
6891.140,0.35315
6889.212,0.35293
6887.283,0.35272
6885.354,0.35259
6883.426,0.35251
6881.497,0.35238
6879.568,0.35209
6877.640,0.35181
6875.711,0.35175
6873.782,0.35185
6871.854,0.35190
6869.925,0.35181
6867.996,0.35162
6866.068,0.35151
6864.139,0.35147
6862.210,0.35138
6860.282,0.35125
6858.353,0.35113
6856.424,0.35094
6854.496,0.35070
6852.567,0.35053
6850.638,0.35045
6848.709,0.35043
6846.781,0.35029
6844.852,0.34999
6842.923,0.34969
6840.995,0.34950
6839.066,0.34941
6837.137,0.34938
6835.209,0.34935
6833.280,0.34922
6831.351,0.34899
6829.423,0.34876
6827.494,0.34862
6825.565,0.34854
6823.637,0.34848
6821.708,0.34840
6819.779,0.34826
6817.851,0.34815
6815.922,0.34808
6813.993,0.34797
6812.065,0.34782
6810.136,0.34765
6808.207,0.34744
6806.279,0.34728
6804.350,0.34720
6802.421,0.34711
6800.493,0.34700
6798.564,0.34686
6796.635,0.34663
6794.707,0.34645
6792.778,0.34635
6790.849,0.34622
6788.921,0.34599
6786.992,0.34581
6785.063,0.34575
6783.135,0.34581
6781.206,0.34582
6779.277,0.34566
6777.349,0.34544
6775.420,0.34533
6773.491,0.34530
6771.563,0.34522
6769.634,0.34511
6767.705,0.34504
6765.777,0.34494
6763.848,0.34470
6761.919,0.34443
6759.991,0.34429
6758.062,0.34422
6756.133,0.34409
6754.205,0.34388
6752.276,0.34375
6750.347,0.34371
6748.419,0.34360
6746.490,0.34339
6744.561,0.34323
6742.633,0.34319
6740.704,0.34319
6738.775,0.34318
6736.847,0.34310
6734.918,0.34293
6732.989,0.34272
6731.061,0.34258
6729.132,0.34248
6727.203,0.34235
6725.275,0.34220
6723.346,0.34206
6721.417,0.34195
6719.489,0.34185
6717.560,0.34173
6715.631,0.34164
6713.703,0.34160
6711.774,0.34153
6709.845,0.34133
6707.917,0.34104
6705.988,0.34075
6704.059,0.34054
6702.131,0.34045
6700.202,0.34038
6698.273,0.34025
6696.345,0.34020
6694.416,0.34027
6692.487,0.34022
6690.558,0.33990
6688.630,0.33956
6686.701,0.33940
6684.772,0.33933
6682.844,0.33922
6680.915,0.33910
6678.986,0.33901
6677.058,0.33890
6675.129,0.33876
6673.200,0.33867
6671.272,0.33857
6669.343,0.33840
6667.414,0.33825
6665.486,0.33816
6663.557,0.33803
6661.628,0.33787
6659.700,0.33779
6657.771,0.33779
6655.842,0.33771
6653.914,0.33748
6651.985,0.33725
6650.056,0.33719
6648.128,0.33718
6646.199,0.33709
6644.270,0.33696
6642.342,0.33677
6640.413,0.33647
6638.484,0.33618
6636.556,0.33604
6634.627,0.33602
6632.698,0.33593
6630.770,0.33572
6628.841,0.33557
6626.912,0.33565
6624.984,0.33578
6623.055,0.33572
6621.126,0.33549
6619.198,0.33527
6617.269,0.33508
6615.340,0.33488
6613.412,0.33467
6611.483,0.33453
6609.554,0.33451
6607.626,0.33449
6605.697,0.33435
6603.768,0.33420
6601.840,0.33414
6599.911,0.33410
6597.982,0.33401
6596.054,0.33391
6594.125,0.33382
6592.196,0.33366
6590.268,0.33342
6588.339,0.33320
6586.410,0.33305
6584.482,0.33295
6582.553,0.33287
6580.624,0.33281
6578.696,0.33270
6576.767,0.33253
6574.838,0.33242
6572.910,0.33242
6570.981,0.33234
6569.052,0.33208
6567.124,0.33176
6565.195,0.33157
6563.266,0.33151
6561.338,0.33147
6559.409,0.33139
6557.480,0.33131
6555.552,0.33125
6553.623,0.33116
6551.694,0.33095
6549.766,0.33073
6547.837,0.33064
6545.908,0.33057
6543.980,0.33049
6542.051,0.33041
6540.122,0.33030
6538.194,0.33020
6536.265,0.33012
6534.336,0.32996
6532.408,0.32972
6530.479,0.32954
6528.550,0.32950
6526.621,0.32945
6524.693,0.32932
6522.764,0.32915
6520.835,0.32901
6518.907,0.32888
6516.978,0.32870
6515.049,0.32857
6513.121,0.32854
6511.192,0.32847
6509.263,0.32841
6507.335,0.32841
6505.406,0.32830
6503.477,0.32805
6501.549,0.32785
6499.620,0.32774
6497.691,0.32762
6495.763,0.32744
6493.834,0.32724
6491.905,0.32713
6489.977,0.32715
6488.048,0.32717
6486.119,0.32707
6484.191,0.32690
6482.262,0.32674
6480.333,0.32661
6478.405,0.32646
6476.476,0.32633
6474.547,0.32625
6472.619,0.32617
6470.690,0.32609
6468.761,0.32599
6466.833,0.32582
6464.904,0.32567
6462.975,0.32561
6461.047,0.32555
6459.118,0.32544
6457.189,0.32537
6455.261,0.32539
6453.332,0.32537
6451.403,0.32518
6449.475,0.32491
6447.546,0.32468
6445.617,0.32450
6443.689,0.32435
6441.760,0.32425
6439.831,0.32414
6437.903,0.32399
6435.974,0.32386
6434.045,0.32375
6432.117,0.32363
6430.188,0.32348
6428.259,0.32330
6426.331,0.32316
6424.402,0.32312
6422.473,0.32312
6420.545,0.32307
6418.616,0.32289
6416.687,0.32266
6414.759,0.32245
6412.830,0.32230
6410.901,0.32218
6408.973,0.32209
6407.044,0.32203
6405.115,0.32195
6403.187,0.32186
6401.258,0.32175
6399.329,0.32162
6397.401,0.32147
6395.472,0.32130
6393.543,0.32109
6391.615,0.32091
6389.686,0.32084
6387.757,0.32087
6385.829,0.32083
6383.900,0.32066
6381.971,0.32048
6380.043,0.32039
6378.114,0.32033
6376.185,0.32021
6374.257,0.32000
6372.328,0.31978
6370.399,0.31966
6368.471,0.31955
6366.542,0.31940
6364.613,0.31929
6362.684,0.31921
6360.756,0.31911
6358.827,0.31899
6356.898,0.31884
6354.970,0.31865
6353.041,0.31850
6351.112,0.31842
6349.184,0.31836
6347.255,0.31827
6345.326,0.31816
6343.398,0.31801
6341.469,0.31786
6339.540,0.31774
6337.612,0.31768
6335.683,0.31766
6333.754,0.31757
6331.826,0.31739
6329.897,0.31719
6327.968,0.31703
6326.040,0.31690
6324.111,0.31677
6322.182,0.31665
6320.254,0.31657
6318.325,0.31647
6316.396,0.31637
6314.468,0.31625
6312.539,0.31614
6310.610,0.31605
6308.682,0.31597
6306.753,0.31582
6304.824,0.31564
6302.896,0.31552
6300.967,0.31537
6299.038,0.31517
6297.110,0.31505
6295.181,0.31506
6293.252,0.31502
6291.324,0.31487
6289.395,0.31466
6287.466,0.31445
6285.538,0.31431
6283.609,0.31422
6281.680,0.31410
6279.752,0.31397
6277.823,0.31387
6275.894,0.31377
6273.966,0.31366
6272.037,0.31354
6270.108,0.31345
6268.180,0.31337
6266.251,0.31323
6264.322,0.31306
6262.394,0.31297
6260.465,0.31289
6258.536,0.31270
6256.608,0.31247
6254.679,0.31238
6252.750,0.31234
6250.822,0.31219
6248.893,0.31201
6246.964,0.31191
6245.036,0.31182
6243.107,0.31171
6241.178,0.31159
6239.250,0.31147
6237.321,0.31136
6235.392,0.31130
6233.464,0.31125
6231.535,0.31113
6229.606,0.31102
6227.678,0.31094
6225.749,0.31087
6223.820,0.31078
6221.892,0.31063
6219.963,0.31044
6218.034,0.31030
6216.106,0.31019
6214.177,0.31002
6212.248,0.30985
6210.320,0.30977
6208.391,0.30972
6206.462,0.30967
6204.533,0.30958
6202.605,0.30942
6200.676,0.30924
6198.747,0.30907
6196.819,0.30899
6194.890,0.30896
6192.961,0.30891
6191.033,0.30887
6189.104,0.30883
6187.175,0.30871
6185.247,0.30852
6183.318,0.30836
6181.389,0.30828
6179.461,0.30826
6177.532,0.30816
6175.603,0.30803
6173.675,0.30796
6171.746,0.30798
6169.817,0.30805
6167.889,0.30816
6165.960,0.30830
6164.031,0.30846
6162.103,0.30865
6160.174,0.30896
6158.245,0.30942
6156.317,0.31006
6154.388,0.31086
6152.459,0.31151
6150.531,0.31161
6148.602,0.31114
6146.673,0.31039
6144.745,0.30962
6142.816,0.30901
6140.887,0.30866
6138.959,0.30857
6137.030,0.30877
6135.101,0.30922
6133.173,0.30960
6131.244,0.30957
6129.315,0.30904
6127.387,0.30825
6125.458,0.30746
6123.529,0.30675
6121.601,0.30613
6119.672,0.30565
6117.743,0.30530
6115.815,0.30502
6113.886,0.30481
6111.957,0.30466
6110.029,0.30445
6108.100,0.30415
6106.171,0.30385
6104.243,0.30362
6102.314,0.30346
6100.385,0.30334
6098.457,0.30326
6096.528,0.30313
6094.599,0.30295
6092.671,0.30277
6090.742,0.30264
6088.813,0.30252
6086.885,0.30238
6084.956,0.30218
6083.027,0.30197
6081.099,0.30184
6079.170,0.30174
6077.241,0.30162
6075.313,0.30150
6073.384,0.30138
6071.455,0.30125
6069.527,0.30109
6067.598,0.30098
6065.669,0.30099
6063.741,0.30108
6061.812,0.30110
6059.883,0.30099
6057.955,0.30081
6056.026,0.30061
6054.097,0.30044
6052.169,0.30029
6050.240,0.30013
6048.311,0.29998
6046.383,0.29985
6044.454,0.29980
6042.525,0.29981
6040.596,0.29983
6038.668,0.29976
6036.739,0.29958
6034.810,0.29936
6032.882,0.29917
6030.953,0.29905
6029.024,0.29900
6027.096,0.29893
6025.167,0.29886
6023.238,0.29882
6021.310,0.29879
6019.381,0.29873
6017.452,0.29870
6015.524,0.29874
6013.595,0.29881
6011.666,0.29884
6009.738,0.29892
6007.809,0.29907
6005.880,0.29917
6003.952,0.29913
6002.023,0.29893
6000.094,0.29866
5998.166,0.29841
5996.237,0.29817
5994.308,0.29788
5992.380,0.29754
5990.451,0.29724
5988.522,0.29699
5986.594,0.29677
5984.665,0.29663
5982.736,0.29652
5980.808,0.29641
5978.879,0.29632
5976.950,0.29623
5975.022,0.29613
5973.093,0.29600
5971.164,0.29582
5969.236,0.29561
5967.307,0.29544
5965.378,0.29534
5963.450,0.29527
5961.521,0.29522
5959.592,0.29517
5957.664,0.29507
5955.735,0.29492
5953.806,0.29477
5951.878,0.29470
5949.949,0.29471
5948.020,0.29473
5946.092,0.29466
5944.163,0.29454
5942.234,0.29443
5940.306,0.29431
5938.377,0.29419
5936.448,0.29410
5934.520,0.29405
5932.591,0.29400
5930.662,0.29393
5928.734,0.29384
5926.805,0.29374
5924.876,0.29364
5922.948,0.29354
5921.019,0.29342
5919.090,0.29333
5917.162,0.29325
5915.233,0.29316
5913.304,0.29301
5911.376,0.29284
5909.447,0.29267
5907.518,0.29258
5905.590,0.29256
5903.661,0.29256
5901.732,0.29250
5899.804,0.29239
5897.875,0.29229
5895.946,0.29217
5894.018,0.29200
5892.089,0.29183
5890.160,0.29167
5888.232,0.29155
5886.303,0.29142
5884.374,0.29130
5882.445,0.29119
5880.517,0.29109
5878.588,0.29101
5876.659,0.29094
5874.731,0.29082
5872.802,0.29069
5870.873,0.29058
5868.945,0.29052
5867.016,0.29046
5865.087,0.29039
5863.159,0.29026
5861.230,0.29007
5859.301,0.28992
5857.373,0.28982
5855.444,0.28972
5853.515,0.28961
5851.587,0.28945
5849.658,0.28924
5847.729,0.28910
5845.801,0.28903
5843.872,0.28894
5841.943,0.28880
5840.015,0.28865
5838.086,0.28853
5836.157,0.28841
5834.229,0.28824
5832.300,0.28805
5830.371,0.28788
5828.443,0.28775
5826.514,0.28758
5824.585,0.28739
5822.657,0.28726
5820.728,0.28717
5818.799,0.28703
5816.871,0.28683
5814.942,0.28664
5813.013,0.28651
5811.085,0.28636
5809.156,0.28621
5807.227,0.28608
5805.299,0.28597
5803.370,0.28586
5801.441,0.28573
5799.513,0.28556
5797.584,0.28541
5795.655,0.28534
5793.727,0.28528
5791.798,0.28518
5789.869,0.28502
5787.941,0.28482
5786.012,0.28462
5784.083,0.28446
5782.155,0.28434
5780.226,0.28422
5778.297,0.28409
5776.369,0.28396
5774.440,0.28385
5772.511,0.28377
5770.583,0.28367
5768.654,0.28353
5766.725,0.28338
5764.797,0.28325
5762.868,0.28313
5760.939,0.28300
5759.011,0.28288
5757.082,0.28277
5755.153,0.28270
5753.225,0.28264
5751.296,0.28255
5749.367,0.28246
5747.439,0.28236
5745.510,0.28221
5743.581,0.28208
5741.653,0.28201
5739.724,0.28194
5737.795,0.28180
5735.867,0.28166
5733.938,0.28152
5732.009,0.28136
5730.081,0.28122
5728.152,0.28113
5726.223,0.28104
5724.295,0.28088
5722.366,0.28073
5720.437,0.28065
5718.508,0.28060
5716.580,0.28053
5714.651,0.28045
5712.722,0.28033
5710.794,0.28017
5708.865,0.27999
5706.936,0.27984
5705.008,0.27972
5703.079,0.27958
5701.150,0.27941
5699.222,0.27925
5697.293,0.27911
5695.364,0.27896
5693.436,0.27875
5691.507,0.27855
5689.578,0.27840
5687.650,0.27829
5685.721,0.27817
5683.792,0.27804
5681.864,0.27793
5679.935,0.27786
5678.006,0.27777
5676.078,0.27764
5674.149,0.27751
5672.220,0.27740
5670.292,0.27725
5668.363,0.27707
5666.434,0.27687
5664.506,0.27672
5662.577,0.27660
5660.648,0.27647
5658.720,0.27632
5656.791,0.27618
5654.862,0.27608
5652.934,0.27597
5651.005,0.27584
5649.076,0.27570
5647.148,0.27556
5645.219,0.27542
5643.290,0.27526
5641.362,0.27509
5639.433,0.27491
5637.504,0.27475
5635.576,0.27462
5633.647,0.27450
5631.718,0.27437
5629.790,0.27428
5627.861,0.27421
5625.932,0.27415
5624.004,0.27406
5622.075,0.27392
5620.146,0.27376
5618.218,0.27364
5616.289,0.27354
5614.360,0.27343
5612.432,0.27328
5610.503,0.27314
5608.574,0.27303
5606.646,0.27290
5604.717,0.27276
5602.788,0.27264
5600.860,0.27254
5598.931,0.27241
5597.002,0.27228
5595.074,0.27220
5593.145,0.27213
5591.216,0.27201
5589.288,0.27186
5587.359,0.27169
5585.430,0.27151
5583.502,0.27136
5581.573,0.27125
5579.644,0.27114
5577.716,0.27100
5575.787,0.27083
5573.858,0.27068
5571.930,0.27056
5570.001,0.27046
5568.072,0.27036
5566.144,0.27029
5564.215,0.27022
5562.286,0.27011
5560.357,0.26998
5558.429,0.26987
5556.500,0.26976
5554.571,0.26962
5552.643,0.26948
5550.714,0.26936
5548.785,0.26922
5546.857,0.26905
5544.928,0.26889
5542.999,0.26877
5541.071,0.26870
5539.142,0.26861
5537.213,0.26850
5535.285,0.26839
5533.356,0.26829
5531.427,0.26818
5529.499,0.26806
5527.570,0.26793
5525.641,0.26782
5523.713,0.26772
5521.784,0.26762
5519.855,0.26751
5517.927,0.26738
5515.998,0.26723
5514.069,0.26707
5512.141,0.26694
5510.212,0.26686
5508.283,0.26679
5506.355,0.26666
5504.426,0.26654
5502.497,0.26645
5500.569,0.26636
5498.640,0.26627
5496.711,0.26616
5494.783,0.26603
5492.854,0.26591
5490.925,0.26580
5488.997,0.26567
5487.068,0.26552
5485.139,0.26538
5483.211,0.26524
5481.282,0.26512
5479.353,0.26500
5477.425,0.26488
5475.496,0.26475
5473.567,0.26462
5471.639,0.26446
5469.710,0.26432
5467.781,0.26420
5465.853,0.26408
5463.924,0.26396
5461.995,0.26383
5460.067,0.26372
5458.138,0.26364
5456.209,0.26353
5454.281,0.26341
5452.352,0.26331
5450.423,0.26322
5448.495,0.26310
5446.566,0.26296
5444.637,0.26282
5442.709,0.26265
5440.780,0.26251
5438.851,0.26239
5436.923,0.26227
5434.994,0.26217
5433.065,0.26207
5431.137,0.26197
5429.208,0.26186
5427.279,0.26176
5425.351,0.26166
5423.422,0.26156
5421.493,0.26143
5419.565,0.26127
5417.636,0.26113
5415.707,0.26103
5413.779,0.26097
5411.850,0.26093
5409.921,0.26083
5407.993,0.26067
5406.064,0.26052
5404.135,0.26040
5402.207,0.26026
5400.278,0.26013
5398.349,0.26005
5396.420,0.26000
5394.492,0.25989
5392.563,0.25975
5390.634,0.25964
5388.706,0.25956
5386.777,0.25944
5384.848,0.25923
5382.920,0.25906
5380.991,0.25899
5379.062,0.25893
5377.134,0.25881
5375.205,0.25867
5373.276,0.25856
5371.348,0.25846
5369.419,0.25835
5367.490,0.25824
5365.562,0.25813
5363.633,0.25799
5361.704,0.25782
5359.776,0.25766
5357.847,0.25753
5355.918,0.25746
5353.990,0.25742
5352.061,0.25737
5350.132,0.25725
5348.204,0.25708
5346.275,0.25694
5344.346,0.25684
5342.418,0.25673
5340.489,0.25659
5338.560,0.25645
5336.632,0.25633
5334.703,0.25623
5332.774,0.25614
5330.846,0.25605
5328.917,0.25596
5326.988,0.25582
5325.060,0.25563
5323.131,0.25547
5321.202,0.25535
5319.274,0.25522
5317.345,0.25509
5315.416,0.25501
5313.488,0.25495
5311.559,0.25486
5309.630,0.25472
5307.702,0.25458
5305.773,0.25447
5303.844,0.25439
5301.916,0.25429
5299.987,0.25415
5298.058,0.25401
5296.130,0.25390
5294.201,0.25378
5292.272,0.25364
5290.344,0.25352
5288.415,0.25344
5286.486,0.25334
5284.558,0.25320
5282.629,0.25308
5280.700,0.25300
5278.772,0.25290
5276.843,0.25276
5274.914,0.25261
5272.986,0.25252
5271.057,0.25246
5269.128,0.25239
5267.200,0.25228
5265.271,0.25213
5263.342,0.25197
5261.414,0.25184
5259.485,0.25177
5257.556,0.25168
5255.628,0.25154
5253.699,0.25140
5251.770,0.25129
5249.842,0.25114
5247.913,0.25100
5245.984,0.25089
5244.056,0.25082
5242.127,0.25073
5240.198,0.25060
5238.269,0.25043
5236.341,0.25030
5234.412,0.25022
5232.483,0.25015
5230.555,0.25006
5228.626,0.24993
5226.697,0.24981
5224.769,0.24972
5222.840,0.24962
5220.911,0.24953
5218.983,0.24942
5217.054,0.24927
5215.125,0.24910
5213.197,0.24897
5211.268,0.24888
5209.339,0.24878
5207.411,0.24867
5205.482,0.24858
5203.553,0.24849
5201.625,0.24840
5199.696,0.24829
5197.767,0.24818
5195.839,0.24805
5193.910,0.24793
5191.981,0.24782
5190.053,0.24770
5188.124,0.24759
5186.195,0.24750
5184.267,0.24742
5182.338,0.24729
5180.409,0.24713
5178.481,0.24701
5176.552,0.24692
5174.623,0.24682
5172.695,0.24671
5170.766,0.24664
5168.837,0.24658
5166.909,0.24648
5164.980,0.24634
5163.051,0.24615
5161.123,0.24595
5159.194,0.24579
5157.265,0.24567
5155.337,0.24561
5153.408,0.24556
5151.479,0.24550
5149.551,0.24538
5147.622,0.24521
5145.693,0.24507
5143.765,0.24495
5141.836,0.24483
5139.907,0.24468
5137.979,0.24451
5136.050,0.24440
5134.121,0.24434
5132.193,0.24424
5130.264,0.24411
5128.335,0.24398
5126.407,0.24386
5124.478,0.24375
5122.549,0.24368
5120.621,0.24360
5118.692,0.24347
5116.763,0.24330
5114.835,0.24314
5112.906,0.24300
5110.977,0.24289
5109.049,0.24278
5107.120,0.24270
5105.191,0.24264
5103.263,0.24256
5101.334,0.24246
5099.405,0.24236
5097.477,0.24223
5095.548,0.24208
5093.619,0.24194
5091.691,0.24181
5089.762,0.24172
5087.833,0.24167
5085.905,0.24159
5083.976,0.24146
5082.047,0.24129
5080.119,0.24115
5078.190,0.24106
5076.261,0.24099
5074.332,0.24089
5072.404,0.24077
5070.475,0.24065
5068.546,0.24054
5066.618,0.24043
5064.689,0.24032
5062.760,0.24021
5060.832,0.24010
5058.903,0.23997
5056.974,0.23983
5055.046,0.23968
5053.117,0.23955
5051.188,0.23943
5049.260,0.23930
5047.331,0.23917
5045.402,0.23908
5043.474,0.23898
5041.545,0.23885
5039.616,0.23872
5037.688,0.23858
5035.759,0.23845
5033.830,0.23836
5031.902,0.23828
5029.973,0.23820
5028.044,0.23810
5026.116,0.23795
5024.187,0.23777
5022.258,0.23763
5020.330,0.23754
5018.401,0.23747
5016.472,0.23736
5014.544,0.23724
5012.615,0.23711
5010.686,0.23698
5008.758,0.23686
5006.829,0.23680
5004.900,0.23673
5002.972,0.23661
5001.043,0.23649
4999.114,0.23637
4997.186,0.23626
4995.257,0.23615
4993.328,0.23604
4991.400,0.23592
4989.471,0.23580
4987.542,0.23567
4985.614,0.23555
4983.685,0.23545
4981.756,0.23535
4979.828,0.23526
4977.899,0.23515
4975.970,0.23504
4974.042,0.23492
4972.113,0.23479
4970.184,0.23467
4968.256,0.23455
4966.327,0.23443
4964.398,0.23429
4962.470,0.23418
4960.541,0.23411
4958.612,0.23401
4956.684,0.23387
4954.755,0.23374
4952.826,0.23364
4950.898,0.23355
4948.969,0.23344
4947.040,0.23334
4945.112,0.23324
4943.183,0.23313
4941.254,0.23302
4939.326,0.23291
4937.397,0.23279
4935.468,0.23264
4933.540,0.23252
4931.611,0.23243
4929.682,0.23235
4927.754,0.23225
4925.825,0.23212
4923.896,0.23198
4921.968,0.23186
4920.039,0.23174
4918.110,0.23161
4916.181,0.23147
4914.253,0.23135
4912.324,0.23124
4910.395,0.23114
4908.467,0.23104
4906.538,0.23096
4904.609,0.23090
4902.681,0.23079
4900.752,0.23063
4898.823,0.23048
4896.895,0.23036
4894.966,0.23025
4893.037,0.23013
4891.109,0.23004
4889.180,0.22995
4887.251,0.22983
4885.323,0.22971
4883.394,0.22959
4881.465,0.22948
4879.537,0.22936
4877.608,0.22925
4875.679,0.22913
4873.751,0.22900
4871.822,0.22885
4869.893,0.22873
4867.965,0.22862
4866.036,0.22854
4864.107,0.22845
4862.179,0.22835
4860.250,0.22824
4858.321,0.22810
4856.393,0.22798
4854.464,0.22788
4852.535,0.22776
4850.607,0.22764
4848.678,0.22755
4846.749,0.22745
4844.821,0.22735
4842.892,0.22726
4840.963,0.22714
4839.035,0.22699
4837.106,0.22686
4835.177,0.22673
4833.249,0.22659
4831.320,0.22645
4829.391,0.22634
4827.463,0.22627
4825.534,0.22619
4823.605,0.22607
4821.677,0.22594
4819.748,0.22581
4817.819,0.22568
4815.891,0.22558
4813.962,0.22547
4812.033,0.22535
4810.105,0.22522
4808.176,0.22510
4806.247,0.22498
4804.319,0.22483
4802.390,0.22469
4800.461,0.22459
4798.533,0.22450
4796.604,0.22441
4794.675,0.22432
4792.747,0.22421
4790.818,0.22408
4788.889,0.22395
4786.961,0.22381
4785.032,0.22370
4783.103,0.22360
4781.175,0.22348
4779.246,0.22336
4777.317,0.22328
4775.389,0.22317
4773.460,0.22303
4771.531,0.22290
4769.603,0.22281
4767.674,0.22272
4765.745,0.22262
4763.817,0.22252
4761.888,0.22243
4759.959,0.22238
4758.031,0.22234
4756.102,0.22224
4754.173,0.22213
4752.244,0.22202
4750.316,0.22191
4748.387,0.22177
4746.458,0.22163
4744.530,0.22153
4742.601,0.22144
4740.672,0.22132
4738.744,0.22118
4736.815,0.22102
4734.886,0.22087
4732.958,0.22073
4731.029,0.22061
4729.100,0.22051
4727.172,0.22044
4725.243,0.22036
4723.314,0.22026
4721.386,0.22015
4719.457,0.22003
4717.528,0.21990
4715.600,0.21975
4713.671,0.21961
4711.742,0.21952
4709.814,0.21946
4707.885,0.21938
4705.956,0.21927
4704.028,0.21916
4702.099,0.21906
4700.170,0.21896
4698.242,0.21887
4696.313,0.21879
4694.384,0.21868
4692.456,0.21857
4690.527,0.21848
4688.598,0.21840
4686.670,0.21830
4684.741,0.21820
4682.812,0.21810
4680.884,0.21799
4678.955,0.21787
4677.026,0.21778
4675.098,0.21770
4673.169,0.21761
4671.240,0.21746
4669.312,0.21732
4667.383,0.21722
4665.454,0.21712
4663.526,0.21698
4661.597,0.21685
4659.668,0.21676
4657.740,0.21672
4655.811,0.21666
4653.882,0.21653
4651.954,0.21638
4650.025,0.21625
4648.096,0.21612
4646.168,0.21599
4644.239,0.21588
4642.310,0.21578
4640.382,0.21571
4638.453,0.21562
4636.524,0.21549
4634.596,0.21533
4632.667,0.21519
4630.738,0.21505
4628.810,0.21492
4626.881,0.21480
4624.952,0.21472
4623.024,0.21464
4621.095,0.21453
4619.166,0.21439
4617.238,0.21429
4615.309,0.21422
4613.380,0.21412
4611.452,0.21399
4609.523,0.21390
4607.594,0.21383
4605.666,0.21373
4603.737,0.21359
4601.808,0.21346
4599.880,0.21335
4597.951,0.21324
4596.022,0.21315
4594.093,0.21303
4592.165,0.21289
4590.236,0.21275
4588.307,0.21265
4586.379,0.21257
4584.450,0.21247
4582.521,0.21236
4580.593,0.21226
4578.664,0.21217
4576.735,0.21207
4574.807,0.21198
4572.878,0.21190
4570.949,0.21180
4569.021,0.21169
4567.092,0.21158
4565.163,0.21150
4563.235,0.21141
4561.306,0.21130
4559.377,0.21117
4557.449,0.21105
4555.520,0.21092
4553.591,0.21080
4551.663,0.21072
4549.734,0.21063
4547.805,0.21052
4545.877,0.21043
4543.948,0.21033
4542.019,0.21022
4540.091,0.21013
4538.162,0.21007
4536.233,0.21000
4534.305,0.20992
4532.376,0.20984
4530.447,0.20976
4528.519,0.20966
4526.590,0.20954
4524.661,0.20942
4522.733,0.20935
4520.804,0.20932
4518.875,0.20927
4516.947,0.20918
4515.018,0.20906
4513.089,0.20894
4511.161,0.20882
4509.232,0.20873
4507.303,0.20871
4505.375,0.20874
4503.446,0.20877
4501.517,0.20880
4499.589,0.20889
4497.660,0.20911
4495.731,0.20943
4493.803,0.20973
4491.874,0.20988
4489.945,0.20982
4488.017,0.20961
4486.088,0.20941
4484.159,0.20927
4482.231,0.20912
4480.302,0.20888
4478.373,0.20852
4476.445,0.20811
4474.516,0.20776
4472.587,0.20751
4470.659,0.20737
4468.730,0.20733
4466.801,0.20735
4464.873,0.20740
4462.944,0.20746
4461.015,0.20751
4459.087,0.20752
4457.158,0.20747
4455.229,0.20736
4453.301,0.20720
4451.372,0.20701
4449.443,0.20681
4447.515,0.20660
4445.586,0.20638
4443.657,0.20616
4441.729,0.20593
4439.800,0.20572
4437.871,0.20557
4435.943,0.20548
4434.014,0.20545
4432.085,0.20543
4430.156,0.20543
4428.228,0.20549
4426.299,0.20558
4424.370,0.20568
4422.442,0.20583
4420.513,0.20602
4418.584,0.20622
4416.656,0.20641
4414.727,0.20653
4412.798,0.20649
4410.870,0.20637
4408.941,0.20630
4407.012,0.20629
4405.084,0.20628
4403.155,0.20627
4401.226,0.20623
4399.298,0.20608
4397.369,0.20584
4395.440,0.20555
4393.512,0.20525
4391.583,0.20502
4389.654,0.20490
4387.726,0.20482
4385.797,0.20477
4383.868,0.20474
4381.940,0.20473
4380.011,0.20468
4378.082,0.20453
4376.154,0.20424
4374.225,0.20388
4372.296,0.20351
4370.368,0.20315
4368.439,0.20280
4366.510,0.20250
4364.582,0.20226
4362.653,0.20205
4360.724,0.20184
4358.796,0.20168
4356.867,0.20159
4354.938,0.20157
4353.010,0.20159
4351.081,0.20166
4349.152,0.20182
4347.224,0.20204
4345.295,0.20222
4343.366,0.20233
4341.438,0.20243
4339.509,0.20251
4337.580,0.20254
4335.652,0.20246
4333.723,0.20229
4331.794,0.20207
4329.866,0.20184
4327.937,0.20165
4326.008,0.20156
4324.080,0.20166
4322.151,0.20198
4320.222,0.20232
4318.294,0.20242
4316.365,0.20222
4314.436,0.20197
4312.508,0.20182
4310.579,0.20172
4308.650,0.20152
4306.722,0.20118
4304.793,0.20076
4302.864,0.20041
4300.936,0.20018
4299.007,0.20005
4297.078,0.19996
4295.150,0.19991
4293.221,0.19989
4291.292,0.19991
4289.364,0.19991
4287.435,0.19983
4285.506,0.19966
4283.578,0.19946
4281.649,0.19926
4279.720,0.19902
4277.792,0.19873
4275.863,0.19839
4273.934,0.19804
4272.005,0.19771
4270.077,0.19739
4268.148,0.19710
4266.219,0.19684
4264.291,0.19660
4262.362,0.19639
4260.433,0.19618
4258.505,0.19599
4256.576,0.19584
4254.647,0.19571
4252.719,0.19556
4250.790,0.19535
4248.861,0.19514
4246.933,0.19498
4245.004,0.19486
4243.075,0.19473
4241.147,0.19456
4239.218,0.19441
4237.289,0.19426
4235.361,0.19412
4233.432,0.19398
4231.503,0.19385
4229.575,0.19376
4227.646,0.19372
4225.717,0.19368
4223.789,0.19364
4221.860,0.19359
4219.931,0.19354
4218.003,0.19351
4216.074,0.19348
4214.145,0.19342
4212.217,0.19332
4210.288,0.19322
4208.359,0.19312
4206.431,0.19306
4204.502,0.19301
4202.573,0.19293
4200.645,0.19281
4198.716,0.19268
4196.787,0.19257
4194.859,0.19242
4192.930,0.19222
4191.001,0.19203
4189.073,0.19186
4187.144,0.19168
4185.215,0.19148
4183.287,0.19131
4181.358,0.19120
4179.429,0.19110
4177.501,0.19095
4175.572,0.19078
4173.643,0.19062
4171.715,0.19049
4169.786,0.19037
4167.857,0.19023
4165.929,0.19007
4164.000,0.18990
4162.071,0.18978
4160.143,0.18967
4158.214,0.18954
4156.285,0.18940
4154.357,0.18930
4152.428,0.18920
4150.499,0.18908
4148.571,0.18895
4146.642,0.18885
4144.713,0.18874
4142.785,0.18862
4140.856,0.18850
4138.927,0.18841
4136.999,0.18832
4135.070,0.18821
4133.141,0.18809
4131.213,0.18801
4129.284,0.18794
4127.355,0.18784
4125.427,0.18771
4123.498,0.18759
4121.569,0.18753
4119.641,0.18750
4117.712,0.18746
4115.783,0.18741
4113.855,0.18738
4111.926,0.18740
4109.997,0.18742
4108.068,0.18742
4106.140,0.18740
4104.211,0.18736
4102.282,0.18730
4100.354,0.18721
4098.425,0.18712
4096.496,0.18705
4094.568,0.18698
4092.639,0.18688
4090.710,0.18671
4088.782,0.18652
4086.853,0.18638
4084.924,0.18623
4082.996,0.18604
4081.067,0.18584
4079.138,0.18567
4077.210,0.18551
4075.281,0.18534
4073.352,0.18514
4071.424,0.18496
4069.495,0.18480
4067.566,0.18464
4065.638,0.18445
4063.709,0.18427
4061.780,0.18412
4059.852,0.18399
4057.923,0.18386
4055.994,0.18370
4054.066,0.18355
4052.137,0.18343
4050.208,0.18334
4048.280,0.18326
4046.351,0.18319
4044.422,0.18310
4042.494,0.18299
4040.565,0.18290
4038.636,0.18284
4036.708,0.18281
4034.779,0.18275
4032.850,0.18268
4030.922,0.18262
4028.993,0.18258
4027.064,0.18256
4025.136,0.18255
4023.207,0.18253
4021.278,0.18248
4019.350,0.18241
4017.421,0.18230
4015.492,0.18218
4013.564,0.18209
4011.635,0.18199
4009.706,0.18186
4007.778,0.18172
4005.849,0.18161
4003.920,0.18150
4001.992,0.18139
4000.063,0.18129
3998.134,0.18123
3996.206,0.18121
3994.277,0.18119
3992.348,0.18113
3990.420,0.18102
3988.491,0.18089
3986.562,0.18074
3984.634,0.18057
3982.705,0.18036
3980.776,0.18017
3978.848,0.17999
3976.919,0.17982
3974.990,0.17961
3973.062,0.17940
3971.133,0.17922
3969.204,0.17910
3967.276,0.17897
3965.347,0.17883
3963.418,0.17871
3961.490,0.17864
3959.561,0.17856
3957.632,0.17843
3955.704,0.17828
3953.775,0.17816
3951.846,0.17806
3949.917,0.17794
3947.989,0.17779
3946.060,0.17762
3944.131,0.17746
3942.203,0.17733
3940.274,0.17721
3938.345,0.17710
3936.417,0.17703
3934.488,0.17698
3932.559,0.17691
3930.631,0.17680
3928.702,0.17670
3926.773,0.17663
3924.845,0.17657
3922.916,0.17647
3920.987,0.17634
3919.059,0.17621
3917.130,0.17607
3915.201,0.17592
3913.273,0.17578
3911.344,0.17564
3909.415,0.17552
3907.487,0.17537
3905.558,0.17518
3903.629,0.17502
3901.701,0.17489
3899.772,0.17478
3897.843,0.17466
3895.915,0.17455
3893.986,0.17446
3892.057,0.17438
3890.129,0.17428
3888.200,0.17413
3886.271,0.17399
3884.343,0.17390
3882.414,0.17381
3880.485,0.17370
3878.557,0.17359
3876.628,0.17349
3874.699,0.17339
3872.771,0.17326
3870.842,0.17312
3868.913,0.17301
3866.985,0.17292
3865.056,0.17281
3863.127,0.17271
3861.199,0.17263
3859.270,0.17255
3857.341,0.17240
3855.413,0.17221
3853.484,0.17206
3851.555,0.17198
3849.627,0.17191
3847.698,0.17179
3845.769,0.17166
3843.841,0.17154
3841.912,0.17144
3839.983,0.17132
3838.055,0.17121
3836.126,0.17112
3834.197,0.17104
3832.269,0.17097
3830.340,0.17086
3828.411,0.17073
3826.483,0.17061
3824.554,0.17049
3822.625,0.17034
3820.697,0.17020
3818.768,0.17011
3816.839,0.17003
3814.911,0.16997
3812.982,0.16989
3811.053,0.16977
3809.125,0.16962
3807.196,0.16949
3805.267,0.16939
3803.339,0.16927
3801.410,0.16915
3799.481,0.16906
3797.553,0.16900
3795.624,0.16893
3793.695,0.16884
3791.767,0.16874
3789.838,0.16862
3787.909,0.16848
3785.980,0.16834
3784.052,0.16821
3782.123,0.16807
3780.194,0.16793
3778.266,0.16782
3776.337,0.16773
3774.408,0.16764
3772.480,0.16751
3770.551,0.16737
3768.622,0.16727
3766.694,0.16720
3764.765,0.16715
3762.836,0.16706
3760.908,0.16694
3758.979,0.16684
3757.050,0.16675
3755.122,0.16664
3753.193,0.16649
3751.264,0.16639
3749.336,0.16634
3747.407,0.16626
3745.478,0.16613
3743.550,0.16604
3741.621,0.16600
3739.692,0.16590
3737.764,0.16574
3735.835,0.16559
3733.906,0.16549
3731.978,0.16540
3730.049,0.16531
3728.120,0.16519
3726.192,0.16508
3724.263,0.16500
3722.334,0.16493
3720.406,0.16484
3718.477,0.16472
3716.548,0.16459
3714.620,0.16448
3712.691,0.16440
3710.762,0.16434
3708.834,0.16430
3706.905,0.16426
3704.976,0.16418
3703.048,0.16408
3701.119,0.16397
3699.190,0.16388
3697.262,0.16381
3695.333,0.16376
3693.404,0.16368
3691.476,0.16357
3689.547,0.16348
3687.618,0.16342
3685.690,0.16339
3683.761,0.16336
3681.832,0.16331
3679.904,0.16325
3677.975,0.16319
3676.046,0.16314
3674.118,0.16310
3672.189,0.16304
3670.260,0.16299
3668.332,0.16298
3666.403,0.16294
3664.474,0.16286
3662.546,0.16278
3660.617,0.16269
3658.688,0.16260
3656.760,0.16250
3654.831,0.16241
3652.902,0.16232
3650.974,0.16222
3649.045,0.16214
3647.116,0.16209
3645.188,0.16205
3643.259,0.16201
3641.330,0.16196
3639.402,0.16192
3637.473,0.16186
3635.544,0.16182
3633.616,0.16180
3631.687,0.16177
3629.758,0.16170
3627.830,0.16165
3625.901,0.16167
3623.972,0.16168
3622.043,0.16163
3620.115,0.16157
3618.186,0.16155
3616.257,0.16155
3614.329,0.16153
3612.400,0.16150
3610.471,0.16150
3608.543,0.16153
3606.614,0.16154
3604.685,0.16150
3602.757,0.16146
3600.828,0.16148
3598.899,0.16150
3596.971,0.16149
3595.042,0.16147
3593.113,0.16148
3591.185,0.16150
3589.256,0.16150
3587.327,0.16147
3585.399,0.16146
3583.470,0.16147
3581.541,0.16148
3579.613,0.16145
3577.684,0.16140
3575.755,0.16139
3573.827,0.16141
3571.898,0.16140
3569.969,0.16135
3568.041,0.16133
3566.112,0.16137
3564.183,0.16140
3562.255,0.16139
3560.326,0.16138
3558.397,0.16140
3556.469,0.16143
3554.540,0.16144
3552.611,0.16142
3550.683,0.16141
3548.754,0.16142
3546.825,0.16142
3544.897,0.16143
3542.968,0.16145
3541.039,0.16151
3539.111,0.16154
3537.182,0.16152
3535.253,0.16148
3533.325,0.16145
3531.396,0.16142
3529.467,0.16137
3527.539,0.16127
3525.610,0.16119
3523.681,0.16114
3521.753,0.16110
3519.824,0.16103
3517.895,0.16095
3515.967,0.16091
3514.038,0.16087
3512.109,0.16080
3510.181,0.16074
3508.252,0.16073
3506.323,0.16074
3504.395,0.16071
3502.466,0.16064
3500.537,0.16056
3498.609,0.16051
3496.680,0.16048
3494.751,0.16045
3492.823,0.16043
3490.894,0.16043
3488.965,0.16041
3487.037,0.16034
3485.108,0.16026
3483.179,0.16024
3481.251,0.16026
3479.322,0.16025
3477.393,0.16020
3475.465,0.16019
3473.536,0.16023
3471.607,0.16026
3469.679,0.16024
3467.750,0.16024
3465.821,0.16030
3463.892,0.16036
3461.964,0.16035
3460.035,0.16028
3458.106,0.16023
3456.178,0.16022
3454.249,0.16017
3452.320,0.16005
3450.392,0.15995
3448.463,0.15993
3446.534,0.15993
3444.606,0.15983
3442.677,0.15969
3440.748,0.15959
3438.820,0.15955
3436.891,0.15949
3434.962,0.15936
3433.034,0.15924
3431.105,0.15916
3429.176,0.15909
3427.248,0.15897
3425.319,0.15884
3423.390,0.15881
3421.462,0.15883
3419.533,0.15880
3417.604,0.15869
3415.676,0.15856
3413.747,0.15847
3411.818,0.15835
3409.890,0.15813
3407.961,0.15786
3406.032,0.15766
3404.104,0.15749
3402.175,0.15727
3400.246,0.15700
3398.318,0.15678
3396.389,0.15663
3394.460,0.15648
3392.532,0.15626
3390.603,0.15604
3388.674,0.15588
3386.746,0.15577
3384.817,0.15563
3382.888,0.15546
3380.960,0.15530
3379.031,0.15518
3377.102,0.15505
3375.174,0.15487
3373.245,0.15468
3371.316,0.15454
3369.388,0.15442
3367.459,0.15423
3365.530,0.15397
3363.602,0.15376
3361.673,0.15363
3359.744,0.15349
3357.816,0.15331
3355.887,0.15315
3353.958,0.15305
3352.030,0.15295
3350.101,0.15278
3348.172,0.15257
3346.244,0.15238
3344.315,0.15221
3342.386,0.15201
3340.458,0.15179
3338.529,0.15160
3336.600,0.15147
3334.672,0.15135
3332.743,0.15116
3330.814,0.15096
3328.886,0.15083
3326.957,0.15075
3325.028,0.15065
3323.100,0.15052
3321.171,0.15039
3319.242,0.15029
3317.314,0.15016
3315.385,0.14997
3313.456,0.14979
3311.528,0.14966
3309.599,0.14954
3307.670,0.14936
3305.742,0.14918
3303.813,0.14906
3301.884,0.14897
3299.955,0.14885
3298.027,0.14868
3296.098,0.14854
3294.169,0.14845
3292.241,0.14836
3290.312,0.14819
3288.383,0.14801
3286.455,0.14789
3284.526,0.14781
3282.597,0.14768
3280.669,0.14753
3278.740,0.14742
3276.811,0.14734
3274.883,0.14722
3272.954,0.14705
3271.025,0.14689
3269.097,0.14680
3267.168,0.14673
3265.239,0.14658
3263.311,0.14638
3261.382,0.14624
3259.453,0.14616
3257.525,0.14605
3255.596,0.14591
3253.667,0.14576
3251.739,0.14566
3249.810,0.14555
3247.881,0.14538
3245.953,0.14517
3244.024,0.14501
3242.095,0.14490
3240.167,0.14475
3238.238,0.14456
3236.309,0.14440
3234.381,0.14428
3232.452,0.14416
3230.523,0.14396
3228.595,0.14375
3226.666,0.14361
3224.737,0.14352
3222.809,0.14339
3220.880,0.14320
3218.951,0.14304
3217.023,0.14293
3215.094,0.14279
3213.165,0.14258
3211.237,0.14237
3209.308,0.14221
3207.379,0.14207
3205.451,0.14187
3203.522,0.14164
3201.593,0.14147
3199.665,0.14134
3197.736,0.14123
3195.807,0.14111
3193.879,0.14106
3191.950,0.14107
3190.021,0.14109
3188.093,0.14105
3186.164,0.14102
3184.235,0.14107
3182.307,0.14116
3180.378,0.14117
3178.449,0.14111
3176.521,0.14106
3174.592,0.14106
3172.663,0.14106
3170.735,0.14103
3168.806,0.14103
3166.877,0.14107
3164.949,0.14110
3163.020,0.14108
3161.091,0.14102
3159.163,0.14100
3157.234,0.14100
3155.305,0.14096
3153.377,0.14087
3151.448,0.14081
3149.519,0.14080
3147.591,0.14081
3145.662,0.14085
3143.733,0.14096
3141.804,0.14118
3139.876,0.14142
3137.947,0.14159
3136.018,0.14172
3134.090,0.14185
3132.161,0.14190
3130.232,0.14184
3128.304,0.14172
3126.375,0.14163
3124.446,0.14164
3122.518,0.14170
3120.589,0.14178
3118.660,0.14191
3116.732,0.14218
3114.803,0.14255
3112.874,0.14293
3110.946,0.14330
3109.017,0.14370
3107.088,0.14411
3105.160,0.14443
3103.231,0.14469
3101.302,0.14500
3099.374,0.14544
3097.445,0.14597
3095.516,0.14658
3093.588,0.14736
3091.659,0.14850
3089.730,0.15019
3087.802,0.15278
3085.873,0.15699
3083.944,0.16429
3082.016,0.17762
3080.087,0.20173
3078.158,0.23742
3076.230,0.26899
3074.301,0.27165
3072.372,0.24887
3070.444,0.23161
3068.515,0.23708
3066.586,0.25038
3064.658,0.24381
3062.729,0.21624
3060.800,0.18841
3058.872,0.17059
3056.943,0.16058
3055.014,0.15439
3053.086,0.14995
3051.157,0.14674
3049.228,0.14457
3047.300,0.14311
3045.371,0.14206
3043.442,0.14120
3041.514,0.14044
3039.585,0.13976
3037.656,0.13920
3035.728,0.13877
3033.799,0.13844
3031.870,0.13819
3029.942,0.13805
3028.013,0.13804
3026.084,0.13816
3024.156,0.13838
3022.227,0.13869
3020.298,0.13912
3018.370,0.13975
3016.441,0.14065
3014.512,0.14193
3012.584,0.14369
3010.655,0.14620
3008.726,0.14991
3006.798,0.15535
3004.869,0.16212
3002.940,0.16786
3001.012,0.16949
2999.083,0.16643
2997.154,0.16113
2995.226,0.15624
2993.297,0.15281
2991.368,0.15068
2989.440,0.14938
2987.511,0.14861
2985.582,0.14826
2983.654,0.14832
2981.725,0.14872
2979.796,0.14937
2977.867,0.15026
2975.939,0.15146
2974.010,0.15300
2972.081,0.15482
2970.153,0.15688
2968.224,0.15909
2966.295,0.16133
2964.367,0.16340
2962.438,0.16504
2960.509,0.16611
2958.581,0.16667
2956.652,0.16685
2954.723,0.16690
2952.795,0.16712
2950.866,0.16760
2948.937,0.16799
2947.009,0.16776
2945.080,0.16697
2943.151,0.16630
2941.223,0.16634
2939.294,0.16714
2937.365,0.16837
2935.437,0.16969
2933.508,0.17086
2931.579,0.17173
2929.651,0.17209
2927.722,0.17183
2925.793,0.17100
2923.865,0.16979
2921.936,0.16832
2920.007,0.16659
2918.079,0.16458
2916.150,0.16239
2914.221,0.16024
2912.293,0.15831
2910.364,0.15662
2908.435,0.15517
2906.507,0.15394
2904.578,0.15285
2902.649,0.15178
2900.721,0.15071
2898.792,0.14969
2896.863,0.14870
2894.935,0.14767
2893.006,0.14660
2891.077,0.14560
2889.149,0.14477
2887.220,0.14414
2885.291,0.14375
2883.363,0.14364
2881.434,0.14384
2879.505,0.14421
2877.577,0.14459
2875.648,0.14482
2873.719,0.14483
2871.791,0.14464
2869.862,0.14441
2867.933,0.14444
2866.005,0.14494
2864.076,0.14583
2862.147,0.14675
2860.219,0.14729
2858.290,0.14724
2856.361,0.14662
2854.433,0.14553
2852.504,0.14404
2850.575,0.14221
2848.647,0.14013
2846.718,0.13811
2844.789,0.13652
2842.861,0.13550
2840.932,0.13501
2839.003,0.13481
2837.075,0.13460
2835.146,0.13411
2833.217,0.13336
2831.289,0.13244
2829.360,0.13142
2827.431,0.13027
2825.503,0.12904
2823.574,0.12795
2821.645,0.12716
2819.716,0.12667
2817.788,0.12635
2815.859,0.12620
2813.930,0.12623
2812.002,0.12638
2810.073,0.12649
2808.144,0.12649
2806.216,0.12644
2804.287,0.12633
2802.358,0.12602
2800.430,0.12539
2798.501,0.12450
2796.572,0.12355
2794.644,0.12260
2792.715,0.12168
2790.786,0.12084
2788.858,0.12022
2786.929,0.11980
2785.000,0.11946
2783.072,0.11910
2781.143,0.11879
2779.214,0.11864
2777.286,0.11856
2775.357,0.11847
2773.428,0.11840
2771.500,0.11842
2769.571,0.11849
2767.642,0.11849
2765.714,0.11844
2763.785,0.11846
2761.856,0.11866
2759.928,0.11896
2757.999,0.11927
2756.070,0.11961
2754.142,0.12004
2752.213,0.12053
2750.284,0.12099
2748.356,0.12127
2746.427,0.12126
2744.498,0.12091
2742.570,0.12029
2740.641,0.11949
2738.712,0.11873
2736.784,0.11811
2734.855,0.11763
2732.926,0.11716
2730.998,0.11672
2729.069,0.11637
2727.140,0.11609
2725.212,0.11577
2723.283,0.11543
2721.354,0.11517
2719.426,0.11501
2717.497,0.11485
2715.568,0.11465
2713.640,0.11447
2711.711,0.11439
2709.782,0.11438
2707.854,0.11435
2705.925,0.11428
2703.996,0.11427
2702.068,0.11429
2700.139,0.11423
2698.210,0.11408
2696.282,0.11398
2694.353,0.11398
2692.424,0.11402
2690.496,0.11401
2688.567,0.11399
2686.638,0.11402
2684.710,0.11406
2682.781,0.11402
2680.852,0.11389
2678.924,0.11380
2676.995,0.11383
2675.066,0.11387
2673.138,0.11381
2671.209,0.11366
2669.280,0.11351
2667.352,0.11333
2665.423,0.11305
2663.494,0.11270
2661.566,0.11241
2659.637,0.11219
2657.708,0.11197
2655.779,0.11167
2653.851,0.11140
2651.922,0.11122
2649.993,0.11109
2648.065,0.11093
2646.136,0.11079
2644.207,0.11071
2642.279,0.11069
2640.350,0.11063
2638.421,0.11054
2636.493,0.11047
2634.564,0.11047
2632.635,0.11051
2630.707,0.11054
2628.778,0.11058
2626.849,0.11072
2624.921,0.11092
2622.992,0.11105
2621.063,0.11110
2619.135,0.11115
2617.206,0.11121
2615.277,0.11123
2613.349,0.11118
2611.420,0.11111
2609.491,0.11112
2607.563,0.11118
2605.634,0.11120
2603.705,0.11117
2601.777,0.11110
2599.848,0.11102
2597.919,0.11088
2595.991,0.11071
2594.062,0.11057
2592.133,0.11053
2590.205,0.11055
2588.276,0.11057
2586.347,0.11056
2584.419,0.11056
2582.490,0.11053
2580.561,0.11041
2578.633,0.11015
2576.704,0.10981
2574.775,0.10948
2572.847,0.10918
2570.918,0.10887
2568.989,0.10854
2567.061,0.10823
2565.132,0.10797
2563.203,0.10771
2561.275,0.10742
2559.346,0.10713
2557.417,0.10690
2555.489,0.10675
2553.560,0.10664
2551.631,0.10661
2549.703,0.10670
2547.774,0.10688
2545.845,0.10705
2543.917,0.10712
2541.988,0.10708
2540.059,0.10701
2538.131,0.10689
2536.202,0.10669
2534.273,0.10641
2532.345,0.10611
2530.416,0.10587
2528.487,0.10570
2526.559,0.10551
2524.630,0.10530
2522.701,0.10516
2520.773,0.10511
2518.844,0.10508
2516.915,0.10503
2514.987,0.10505
2513.058,0.10521
2511.129,0.10542
2509.201,0.10560
2507.272,0.10573
2505.343,0.10590
2503.415,0.10612
2501.486,0.10625
2499.557,0.10623
2497.628,0.10616
2495.700,0.10616
2493.771,0.10620
2491.842,0.10619
2489.914,0.10619
2487.985,0.10633
2486.056,0.10658
2484.128,0.10677
2482.199,0.10679
2480.270,0.10676
2478.342,0.10678
2476.413,0.10680
2474.484,0.10676
2472.556,0.10669
2470.627,0.10669
2468.698,0.10672
2466.770,0.10660
2464.841,0.10632
2462.912,0.10607
2460.984,0.10594
2459.055,0.10585
2457.126,0.10569
2455.198,0.10555
2453.269,0.10548
2451.340,0.10541
2449.412,0.10519
2447.483,0.10485
2445.554,0.10455
2443.626,0.10436
2441.697,0.10413
2439.768,0.10381
2437.840,0.10356
2435.911,0.10352
2433.982,0.10361
2432.054,0.10368
2430.125,0.10371
2428.196,0.10384
2426.268,0.10408
2424.339,0.10423
2422.410,0.10418
2420.482,0.10402
2418.553,0.10387
2416.624,0.10365
2414.696,0.10332
2412.767,0.10303
2410.838,0.10295
2408.910,0.10300
2406.981,0.10297
2405.052,0.10281
2403.124,0.10265
2401.195,0.10258
2399.266,0.10252
2397.338,0.10238
2395.409,0.10229
2393.480,0.10240
2391.552,0.10263
2389.623,0.10282
2387.694,0.10300
2385.766,0.10332
2383.837,0.10374
2381.908,0.10405
2379.980,0.10419
2378.051,0.10425
2376.122,0.10427
2374.194,0.10411
2372.265,0.10374
2370.336,0.10335
2368.408,0.10313
2366.479,0.10302
2364.550,0.10288
2362.622,0.10271
2360.693,0.10266
2358.764,0.10273
2356.836,0.10279
2354.907,0.10275
2352.978,0.10271
2351.050,0.10275
2349.121,0.10276
2347.192,0.10258
2345.264,0.10226
2343.335,0.10194
2341.406,0.10160
2339.478,0.10110
2337.549,0.10048
2335.620,0.09996
2333.691,0.09962
2331.763,0.09931
2329.834,0.09897
2327.905,0.09873
2325.977,0.09869
2324.048,0.09871
2322.119,0.09863
2320.191,0.09852
2318.262,0.09855
2316.333,0.09872
2314.405,0.09884
2312.476,0.09890
2310.547,0.09908
2308.619,0.09946
2306.690,0.09984
2304.761,0.10003
2302.833,0.10017
2300.904,0.10040
2298.975,0.10060
2297.047,0.10051
2295.118,0.10014
2293.189,0.09978
2291.261,0.09957
2289.332,0.09931
2287.403,0.09890
2285.475,0.09857
2283.546,0.09850
2281.617,0.09850
2279.689,0.09832
2277.760,0.09805
2275.831,0.09796
2273.903,0.09803
2271.974,0.09802
2270.045,0.09784
2268.117,0.09771
2266.188,0.09775
2264.259,0.09773
2262.331,0.09748
2260.402,0.09719
2258.473,0.09709
2256.545,0.09714
2254.616,0.09703
2252.687,0.09673
2250.759,0.09653
2248.830,0.09649
2246.901,0.09641
2244.973,0.09611
2243.044,0.09578
2241.115,0.09566
2239.187,0.09564
2237.258,0.09548
2235.329,0.09521
2233.401,0.09505
2231.472,0.09504
2229.543,0.09495
2227.615,0.09470
2225.686,0.09448
2223.757,0.09447
2221.829,0.09452
2219.900,0.09440
2217.971,0.09420
2216.043,0.09415
2214.114,0.09423
2212.185,0.09421
2210.257,0.09407
2208.328,0.09401
2206.399,0.09414
2204.471,0.09430
2202.542,0.09438
2200.613,0.09448
2198.685,0.09472
2196.756,0.09500
2194.827,0.09509
2192.899,0.09500
2190.970,0.09493
2189.041,0.09493
2187.113,0.09485
2185.184,0.09463
2183.255,0.09444
2181.327,0.09440
2179.398,0.09439
2177.469,0.09427
2175.540,0.09415
2173.612,0.09417
2171.683,0.09427
2169.754,0.09428
2167.826,0.09422
2165.897,0.09425
2163.968,0.09434
2162.040,0.09433
2160.111,0.09418
2158.182,0.09400
2156.254,0.09389
2154.325,0.09377
2152.396,0.09355
2150.468,0.09332
2148.539,0.09324
2146.610,0.09325
2144.682,0.09316
2142.753,0.09298
2140.824,0.09287
2138.896,0.09291
2136.967,0.09293
2135.038,0.09284
2133.110,0.09276
2131.181,0.09285
2129.252,0.09299
2127.324,0.09295
2125.395,0.09275
2123.466,0.09260
2121.538,0.09257
2119.609,0.09248
2117.680,0.09227
2115.752,0.09213
2113.823,0.09218
2111.894,0.09225
2109.966,0.09215
2108.037,0.09197
2106.108,0.09196
2104.180,0.09207
2102.251,0.09208
2100.322,0.09190
2098.394,0.09174
2096.465,0.09170
2094.536,0.09165
2092.608,0.09142
2090.679,0.09109
2088.750,0.09087
2086.822,0.09074
2084.893,0.09056
2082.964,0.09032
2081.036,0.09021
2079.107,0.09035
2077.178,0.09061
2075.250,0.09084
2073.321,0.09106
2071.392,0.09139
2069.464,0.09179
2067.535,0.09204
2065.606,0.09208
2063.678,0.09201
2061.749,0.09194
2059.820,0.09184
2057.892,0.09163
2055.963,0.09138
2054.034,0.09119
2052.106,0.09106
2050.177,0.09089
2048.248,0.09067
2046.320,0.09048
2044.391,0.09041
2042.462,0.09040
2040.534,0.09039
2038.605,0.09042
2036.676,0.09052
2034.748,0.09068
2032.819,0.09085
2030.890,0.09101
2028.962,0.09116
2027.033,0.09132
2025.104,0.09141
2023.176,0.09136
2021.247,0.09122
2019.318,0.09107
2017.390,0.09098
2015.461,0.09094
2013.532,0.09093
2011.603,0.09095
2009.675,0.09104
2007.746,0.09118
2005.817,0.09130
2003.889,0.09131
2001.960,0.09124
2000.031,0.09117
1998.103,0.09113
1996.174,0.09109
1994.245,0.09104
1992.317,0.09103
1990.388,0.09109
1988.459,0.09124
1986.531,0.09144
1984.602,0.09163
1982.673,0.09181
1980.745,0.09196
1978.816,0.09207
1976.887,0.09210
1974.959,0.09211
1973.030,0.09217
1971.101,0.09227
1969.173,0.09232
1967.244,0.09230
1965.315,0.09230
1963.387,0.09236
1961.458,0.09245
1959.529,0.09248
1957.601,0.09246
1955.672,0.09243
1953.743,0.09242
1951.815,0.09243
1949.886,0.09245
1947.957,0.09247
1946.029,0.09251
1944.100,0.09256
1942.171,0.09257
1940.243,0.09254
1938.314,0.09249
1936.385,0.09243
1934.457,0.09236
1932.528,0.09229
1930.599,0.09226
1928.671,0.09227
1926.742,0.09234
1924.813,0.09243
1922.885,0.09253
1920.956,0.09263
1919.027,0.09272
1917.099,0.09280
1915.170,0.09283
1913.241,0.09280
1911.313,0.09274
1909.384,0.09267
1907.455,0.09261
1905.527,0.09253
1903.598,0.09244
1901.669,0.09236
1899.741,0.09231
1897.812,0.09229
1895.883,0.09228
1893.955,0.09231
1892.026,0.09241
1890.097,0.09260
1888.169,0.09284
1886.240,0.09304
1884.311,0.09323
1882.383,0.09345
1880.454,0.09368
1878.525,0.09387
1876.597,0.09399
1874.668,0.09407
1872.739,0.09415
1870.811,0.09419
1868.882,0.09420
1866.953,0.09422
1865.025,0.09428
1863.096,0.09434
1861.167,0.09436
1859.239,0.09431
1857.310,0.09425
1855.381,0.09420
1853.452,0.09415
1851.524,0.09408
1849.595,0.09411
1847.666,0.09430
1845.738,0.09456
1843.809,0.09480
1841.880,0.09504
1839.952,0.09531
1838.023,0.09559
1836.094,0.09579
1834.166,0.09591
1832.237,0.09606
1830.308,0.09629
1828.380,0.09656
1826.451,0.09679
1824.522,0.09704
1822.594,0.09737
1820.665,0.09775
1818.736,0.09813
1816.808,0.09850
1814.879,0.09891
1812.950,0.09940
1811.022,0.09988
1809.093,0.10028
1807.164,0.10063
1805.236,0.10097
1803.307,0.10126
1801.378,0.10145
1799.450,0.10160
1797.521,0.10180
1795.592,0.10206
1793.664,0.10232
1791.735,0.10258
1789.806,0.10292
1787.878,0.10339
1785.949,0.10395
1784.020,0.10451
1782.092,0.10510
1780.163,0.10582
1778.234,0.10668
1776.306,0.10752
1774.377,0.10818
1772.448,0.10873
1770.520,0.10924
1768.591,0.10964
1766.662,0.10989
1764.734,0.11011
1762.805,0.11053
1760.876,0.11122
1758.948,0.11211
1757.019,0.11318
1755.090,0.11462
1753.162,0.11670
1751.233,0.11960
1749.304,0.12350
1747.376,0.12858
1745.447,0.13474
1743.518,0.14111
1741.590,0.14629
1739.661,0.14899
1737.732,0.14883
1735.804,0.14632
1733.875,0.14248
1731.946,0.13828
1730.018,0.13452
1728.089,0.13169
1726.160,0.12985
1724.232,0.12875
1722.303,0.12814
1720.374,0.12795
1718.446,0.12819
1716.517,0.12872
1714.588,0.12934
1712.660,0.12995
1710.731,0.13062
1708.802,0.13134
1706.874,0.13199
1704.945,0.13247
1703.016,0.13291
1701.088,0.13345
1699.159,0.13407
1697.230,0.13465
1695.302,0.13522
1693.373,0.13595
1691.444,0.13685
1689.515,0.13770
1687.587,0.13840
1685.658,0.13911
1683.729,0.14005
1681.801,0.14116
1679.872,0.14224
1677.943,0.14327
1676.015,0.14444
1674.086,0.14580
1672.157,0.14720
1670.229,0.14859
1668.300,0.15011
1666.371,0.15186
1664.443,0.15376
1662.514,0.15569
1660.585,0.15770
1658.657,0.15987
1656.728,0.16221
1654.799,0.16465
1652.871,0.16721
1650.942,0.16997
1649.013,0.17287
1647.085,0.17572
1645.156,0.17837
1643.227,0.18083
1641.299,0.18330
1639.370,0.18587
1637.441,0.18863
1635.513,0.19177
1633.584,0.19545
1631.655,0.19965
1629.727,0.20426
1627.798,0.20923
1625.869,0.21462
1623.941,0.22053
1622.012,0.22696
1620.083,0.23398
1618.155,0.24180
1616.226,0.25066
1614.297,0.26063
1612.369,0.27199
1610.440,0.28557
1608.511,0.30275
1606.583,0.32530
1604.654,0.35459
1602.725,0.38997
1600.797,0.42631
1598.868,0.45493
1596.939,0.47148
1595.011,0.48030
1593.082,0.48313
1591.153,0.47053
1589.225,0.43730
1587.296,0.39607
1585.367,0.36382
1583.439,0.34861
1581.510,0.35120
1579.581,0.36849
1577.653,0.39324
1575.724,0.41427
1573.795,0.42114
1571.867,0.40965
1569.938,0.38218
1568.009,0.34504
1566.081,0.30555
1564.152,0.26900
1562.223,0.23755
1560.295,0.21132
1558.366,0.19032
1556.437,0.17501
1554.509,0.16579
1552.580,0.16251
1550.651,0.16491
1548.723,0.17365
1546.794,0.19037
1544.865,0.21646
1542.937,0.25016
1541.008,0.28331
1539.079,0.30657
1537.151,0.32112
1535.222,0.33427
1533.293,0.34330
1531.364,0.33725
1529.436,0.31399
1527.507,0.28300
1525.578,0.25363
1523.650,0.22954
1521.721,0.21078
1519.792,0.19624
1517.864,0.18460
1515.935,0.17490
1514.006,0.16686
1512.078,0.16033
1510.149,0.15491
1508.220,0.15007
1506.292,0.14560
1504.363,0.14151
1502.434,0.13773
1500.506,0.13429
1498.577,0.13158
1496.648,0.12981
1494.720,0.12863
1492.791,0.12746
1490.862,0.12612
1488.934,0.12496
1487.005,0.12439
1485.076,0.12451
1483.148,0.12540
1481.219,0.12737
1479.290,0.13049
1477.362,0.13448
1475.433,0.13920
1473.504,0.14512
1471.576,0.15320
1469.647,0.16444
1467.718,0.18025
1465.790,0.20351
1463.861,0.23677
1461.932,0.27411
1460.004,0.29606
1458.075,0.28527
1456.146,0.24861
1454.218,0.20767
1452.289,0.17650
1450.360,0.15787
1448.432,0.14979
1446.503,0.15003
1444.574,0.15711
1442.646,0.17036
1440.717,0.18983
1438.788,0.21459
1436.860,0.23942
1434.931,0.25478
1433.002,0.25516
1431.074,0.24618
1429.145,0.23883
1427.216,0.24000
1425.288,0.24788
1423.359,0.25056
1421.430,0.23577
1419.502,0.20714
1417.573,0.17953
1415.644,0.16179
1413.716,0.15397
1411.787,0.15310
1409.858,0.15644
1407.930,0.16253
1406.001,0.17121
1404.072,0.18297
1402.144,0.19856
1400.215,0.21914
1398.286,0.24572
1396.358,0.27680
1394.429,0.30730
1392.500,0.33147
1390.572,0.34470
1388.643,0.34238
1386.714,0.32296
1384.786,0.29169
1382.857,0.25742
1380.928,0.22820
1379.000,0.20858
1377.071,0.19581
1375.142,0.18130
1373.214,0.16222
1371.285,0.14543
1369.356,0.13666
1367.427,0.13495
1365.499,0.13743
1363.570,0.14344
1361.641,0.15396
1359.713,0.16977
1357.784,0.19106
1355.855,0.21645
1353.927,0.24031
1351.998,0.25279
1350.069,0.24777
1348.141,0.23018
1346.212,0.21066
1344.283,0.19583
1342.355,0.18668
1340.426,0.18262
1338.497,0.18321
1336.569,0.18662
1334.640,0.19047
1332.711,0.19477
1330.783,0.20189
1328.854,0.21366
1326.925,0.22960
1324.997,0.24708
1323.068,0.26238
1321.139,0.27273
1319.211,0.27847
1317.282,0.28294
1315.353,0.28920
1313.425,0.29615
1311.496,0.29782
1309.567,0.28844
1307.639,0.26877
1305.710,0.24544
1303.781,0.22493
1301.853,0.21004
1299.924,0.20061
1297.995,0.19573
1296.067,0.19479
1294.138,0.19733
1292.209,0.20282
1290.281,0.21118
1288.352,0.22324
1286.423,0.24036
1284.495,0.26436
1282.566,0.29811
1280.637,0.34482
1278.709,0.40319
1276.780,0.46165
1274.851,0.50448
1272.923,0.53107
1270.994,0.55239
1269.065,0.56553
1267.137,0.55334
1265.208,0.51083
1263.279,0.45388
1261.351,0.39996
1259.422,0.35580
1257.493,0.32066
1255.565,0.29265
1253.636,0.27134
1251.707,0.25727
1249.779,0.24943
1247.850,0.24421
1245.921,0.23913
1243.993,0.23656
1242.064,0.24086
1240.135,0.25393
1238.207,0.27351
1236.278,0.29320
1234.349,0.30526
1232.421,0.30594
1230.492,0.29764
1228.563,0.28586
1226.635,0.27585
1224.706,0.27149
1222.777,0.27480
1220.849,0.28420
1218.920,0.29313
1216.991,0.29363
1215.063,0.28334
1213.134,0.26663
1211.205,0.24897
1209.277,0.23316
1207.348,0.21957
1205.419,0.20779
1203.490,0.19768
1201.562,0.18931
1199.633,0.18231
1197.704,0.17610
1195.776,0.17052
1193.847,0.16580
1191.918,0.16188
1189.990,0.15831
1188.061,0.15488
1186.132,0.15189
1184.204,0.14949
1182.275,0.14725
1180.346,0.14476
1178.418,0.14220
1176.489,0.13997
1174.560,0.13789
1172.632,0.13549
1170.703,0.13277
1168.774,0.13015
1166.846,0.12776
1164.917,0.12523
1162.988,0.12250
1161.060,0.12001
1159.131,0.11797
1157.202,0.11599
1155.274,0.11370
1153.345,0.11137
1151.416,0.10937
1149.488,0.10748
1147.559,0.10529
1145.630,0.10297
1143.702,0.10105
1141.773,0.09961
1139.844,0.09826
1137.916,0.09692
1135.987,0.09607
1134.058,0.09595
1132.130,0.09603
1130.201,0.09556
1128.272,0.09436
1126.344,0.09279
1124.415,0.09102
1122.486,0.08895
1120.558,0.08681
1118.629,0.08512
1116.700,0.08392
1114.772,0.08273
1112.843,0.08135
1110.914,0.08022
1108.986,0.07963
1107.057,0.07925
1105.128,0.07864
1103.200,0.07799
1101.271,0.07770
1099.342,0.07765
1097.414,0.07741
1095.485,0.07702
1093.556,0.07696
1091.628,0.07740
1089.699,0.07797
1087.770,0.07837
1085.842,0.07865
1083.913,0.07893
1081.984,0.07896
1080.056,0.07858
1078.127,0.07812
1076.198,0.07804
1074.270,0.07842
1072.341,0.07905
1070.412,0.08001
1068.484,0.08166
1066.555,0.08409
1064.626,0.08708
1062.698,0.09053
1060.769,0.09460
1058.840,0.09952
1056.912,0.10546
1054.983,0.11282
1053.054,0.12250
1051.126,0.13561
1049.197,0.15349
1047.268,0.17829
1045.339,0.21315
1043.411,0.25837
1041.482,0.30193
1039.553,0.31915
1037.625,0.29992
1035.696,0.26248
1033.767,0.22619
1031.839,0.19750
1029.910,0.17756
1027.981,0.16653
1026.053,0.16316
1024.124,0.16515
1022.195,0.16976
1020.267,0.17406
1018.338,0.17517
1016.409,0.17121
1014.481,0.16241
1012.552,0.15089
1010.623,0.13902
1008.695,0.12792
1006.766,0.11753
1004.837,0.10791
1002.909,0.09983
1000.980,0.09379
999.051,0.08912
997.123,0.08504
995.194,0.08181
993.265,0.08002
991.337,0.07925
989.408,0.07855
987.479,0.07790
985.551,0.07820
983.622,0.07963
981.693,0.08128
979.765,0.08276
977.836,0.08497
975.907,0.08865
973.979,0.09315
972.050,0.09761
970.121,0.10251
968.193,0.10889
966.264,0.11661
964.335,0.12475
962.407,0.13331
960.478,0.14343
958.549,0.15578
956.621,0.16980
954.692,0.18502
952.763,0.20198
950.835,0.22070
948.906,0.23762
946.977,0.24683
945.049,0.24624
943.120,0.24022
941.191,0.23492
939.263,0.23419
937.334,0.24029
935.405,0.25550
933.477,0.28188
931.548,0.31981
929.619,0.36586
927.691,0.41008
925.762,0.43764
923.833,0.44084
921.905,0.42815
919.976,0.41437
918.047,0.40708
916.119,0.40471
914.190,0.40147
912.261,0.39247
910.333,0.37629
908.404,0.35473
906.475,0.33074
904.547,0.30674
902.618,0.28425
900.689,0.26409
898.761,0.24633
896.832,0.23055
894.903,0.21648
892.975,0.20462
891.046,0.19633
889.117,0.19443
887.189,0.20337
885.260,0.22400
883.331,0.24598
881.402,0.25330
879.474,0.24258
877.545,0.22410
875.616,0.20659
873.688,0.19216
871.759,0.18000
869.830,0.16946
867.902,0.16053
865.973,0.15295
864.044,0.14608
862.116,0.13983
860.187,0.13516
858.258,0.13408
856.330,0.13961
854.401,0.15093
852.472,0.15974
850.544,0.16181
848.615,0.16537
846.686,0.17690
844.758,0.18992
842.829,0.19246
840.900,0.18138
838.972,0.16420
837.043,0.14841
835.114,0.13669
833.186,0.12886
831.257,0.12325
829.328,0.11832
827.400,0.11413
825.471,0.11132
823.542,0.10939
821.614,0.10716
819.685,0.10458
817.756,0.10267
815.828,0.10165
813.899,0.10039
811.970,0.09831
810.042,0.09635
808.113,0.09540
806.184,0.09505
804.256,0.09472
802.327,0.09543
800.398,0.09904
798.470,0.10652
796.541,0.11844
794.612,0.13713
792.684,0.16644
790.755,0.20781
788.826,0.25548
786.898,0.29738
784.969,0.32463
783.040,0.33525
781.112,0.32687
779.183,0.29918
777.254,0.26164
775.326,0.22647
773.397,0.19883
771.468,0.17752
769.540,0.16037
767.611,0.14680
765.682,0.13661
763.754,0.12905
761.825,0.12500
759.896,0.13000
757.968,0.15200
756.039,0.18864
754.110,0.21662
752.182,0.21369
750.253,0.18949
748.324,0.16559
746.396,0.14985
744.467,0.14145
742.538,0.13996
740.610,0.14446
738.681,0.14963
736.752,0.14917
734.824,0.14290
732.895,0.13543
730.966,0.12943
729.038,0.12440
727.109,0.11981
725.180,0.11618
723.251,0.11357
721.323,0.11108
719.394,0.10823
717.465,0.10572
715.537,0.10412
713.608,0.10283
711.679,0.10108
709.751,0.09919
707.822,0.09794
705.893,0.09710
703.965,0.09583
702.036,0.09413
700.107,0.09283
698.179,0.09213
696.250,0.09134
694.321,0.09012
692.393,0.08905
690.464,0.08850
688.535,0.08800
686.607,0.08717
684.678,0.08641
682.749,0.08635
680.821,0.08700
678.892,0.08813
676.963,0.09019
675.035,0.09374
673.106,0.09769
671.177,0.09954
669.249,0.09815
667.320,0.09485
665.391,0.09132
663.463,0.08809
661.534,0.08520
659.605,0.08298
657.677,0.08152
655.748,0.08034
653.819,0.07904
651.891,0.07793
649.962,0.07737
648.033,0.07697
646.105,0.07636
644.176,0.07583
642.247,0.07568
640.319,0.07557
638.390,0.07502
636.461,0.07435
634.533,0.07421
632.604,0.07454
630.675,0.07489
628.747,0.07554
626.818,0.07724
624.889,0.08006
622.961,0.08345
621.032,0.08753
619.103,0.09329
617.175,0.10149
615.246,0.11233
613.317,0.12625
611.389,0.14392
609.460,0.16418
607.531,0.18262
605.603,0.19402
603.674,0.19646
601.745,0.19196
599.817,0.18406
597.888,0.17722
595.959,0.17708
594.031,0.18566
592.102,0.19654
590.173,0.20180
588.245,0.20083
586.316,0.19521
584.387,0.18443
582.459,0.16986
580.530,0.15477
578.601,0.14171
576.673,0.13186
574.744,0.12471
572.815,0.11862
570.887,0.11297
568.958,0.10860
567.029,0.10577
565.101,0.10322
563.172,0.10013
561.243,0.09737
559.314,0.09580
557.386,0.09461
555.457,0.09277
553.528,0.09080
551.600,0.08975
549.671,0.08917
547.742,0.08783
545.814,0.08594
543.885,0.08490
541.956,0.08482
540.028,0.08426
538.099,0.08283
536.170,0.08185
534.242,0.08191
532.313,0.08175
530.384,0.08056
528.456,0.07946
526.527,0.07954
524.598,0.07977
522.670,0.07888
520.741,0.07763
518.812,0.07754
516.884,0.07830
514.955,0.07842
513.026,0.07790
511.098,0.07818
509.169,0.07964
507.240,0.08096
505.312,0.08181
503.383,0.08378
501.454,0.08762
499.526,0.09198
497.597,0.09581
495.668,0.09996
493.740,0.10523
491.811,0.11057
489.882,0.11440
487.954,0.11668
486.025,0.11831
484.096,0.11907
482.168,0.11811
480.239,0.11596
478.310,0.11420
476.382,0.11325
474.453,0.11206
472.524,0.11100
470.596,0.11266
468.667,0.11867
466.738,0.12787
464.810,0.13764
462.881,0.14579
460.952,0.15040
459.024,0.14951
457.095,0.14341
455.166,0.13568
453.238,0.12960
451.309,0.12513
449.380,0.12067
447.452,0.11609
445.523,0.11250
443.594,0.10989
441.666,0.10699
439.737,0.10352
437.808,0.10088
435.880,0.09971
433.951,0.09845
432.022,0.09610
430.094,0.09419
428.165,0.09361
426.236,0.09347
424.308,0.09388
422.379,0.09617
420.450,0.10037
418.522,0.10616
416.593,0.11492
414.664,0.12699
412.736,0.13995
410.807,0.15110
408.878,0.15911
406.950,0.16509
405.021,0.17189
403.092,0.18130
401.163,0.19357
399.235,0.20864
