7600.891,0.39636
7598.962,0.39626
7597.034,0.39634
7595.105,0.39637
7593.176,0.39619
7591.248,0.39602
7589.319,0.39602
7587.390,0.39589
7585.462,0.39552
7583.533,0.39517
7581.604,0.39511
7579.676,0.39525
7577.747,0.39517
7575.818,0.39481
7573.890,0.39455
7571.961,0.39444
7570.032,0.39423
7568.104,0.39399
7566.175,0.39409
7564.246,0.39444
7562.318,0.39463
7560.389,0.39448
7558.460,0.39412
7556.532,0.39383
7554.603,0.39371
7552.674,0.39367
7550.746,0.39357
7548.817,0.39329
7546.888,0.39307
7544.960,0.39316
7543.031,0.39323
7541.102,0.39298
7539.174,0.39261
7537.245,0.39229
7535.316,0.39207
7533.388,0.39213
7531.459,0.39235
7529.530,0.39235
7527.602,0.39214
7525.673,0.39194
7523.744,0.39182
7521.816,0.39174
7519.887,0.39170
7517.958,0.39166
7516.030,0.39154
7514.101,0.39131
7512.172,0.39115
7510.244,0.39113
7508.315,0.39110
7506.386,0.39094
7504.458,0.39065
7502.529,0.39028
7500.600,0.39002
7498.672,0.38992
7496.743,0.38975
7494.814,0.38951
7492.885,0.38948
7490.957,0.38968
7489.028,0.38995
7487.099,0.39009
7485.171,0.38983
7483.242,0.38937
7481.313,0.38905
7479.385,0.38881
7477.456,0.38873
7475.527,0.38883
7473.599,0.38875
7471.670,0.38842
7469.741,0.38811
7467.813,0.38787
7465.884,0.38764
7463.955,0.38750
7462.027,0.38760
7460.098,0.38771
7458.169,0.38758
7456.241,0.38740
7454.312,0.38729
7452.383,0.38727
7450.455,0.38730
7448.526,0.38712
7446.597,0.38664
7444.669,0.38622
7442.740,0.38610
7440.811,0.38618
7438.883,0.38638
7436.954,0.38652
7435.025,0.38639
7433.097,0.38603
7431.168,0.38566
7429.239,0.38555
7427.311,0.38564
7425.382,0.38559
7423.453,0.38535
7421.525,0.38520
7419.596,0.38518
7417.667,0.38507
7415.739,0.38482
7413.810,0.38465
7411.881,0.38465
7409.953,0.38468
7408.024,0.38469
7406.095,0.38462
7404.167,0.38441
7402.238,0.38422
7400.309,0.38421
7398.381,0.38423
7396.452,0.38419
7394.523,0.38399
7392.595,0.38373
7390.666,0.38354
7388.737,0.38339
7386.809,0.38328
7384.880,0.38327
7382.951,0.38323
7381.023,0.38308
7379.094,0.38281
7377.165,0.38243
7375.237,0.38220
7373.308,0.38218
7371.379,0.38218
7369.451,0.38204
7367.522,0.38180
7365.593,0.38169
7363.665,0.38176
7361.736,0.38172
7359.807,0.38148
7357.879,0.38131
7355.950,0.38131
7354.021,0.38131
7352.093,0.38120
7350.164,0.38100
7348.235,0.38080
7346.307,0.38060
7344.378,0.38043
7342.449,0.38041
7340.521,0.38049
7338.592,0.38043
7336.663,0.38027
7334.734,0.38010
7332.806,0.37989
7330.877,0.37963
7328.948,0.37943
7327.020,0.37929
7325.091,0.37919
7323.162,0.37909
7321.234,0.37896
7319.305,0.37888
7317.376,0.37897
7315.448,0.37899
7313.519,0.37885
7311.590,0.37865
7309.662,0.37849
7307.733,0.37841
7305.804,0.37830
7303.876,0.37805
7301.947,0.37786
7300.018,0.37783
7298.090,0.37784
7296.161,0.37767
7294.232,0.37742
7292.304,0.37726
7290.375,0.37713
7288.446,0.37698
7286.518,0.37686
7284.589,0.37673
7282.660,0.37648
7280.732,0.37614
7278.803,0.37596
7276.874,0.37602
7274.946,0.37605
7273.017,0.37585
7271.088,0.37554
7269.160,0.37540
7267.231,0.37549
7265.302,0.37568
7263.374,0.37578
7261.445,0.37566
7259.516,0.37538
7257.588,0.37512
7255.659,0.37500
7253.730,0.37498
7251.802,0.37487
7249.873,0.37460
7247.944,0.37442
7246.016,0.37434
7244.087,0.37423
7242.158,0.37411
7240.230,0.37401
7238.301,0.37392
7236.372,0.37389
7234.444,0.37389
7232.515,0.37370
7230.586,0.37331
7228.658,0.37307
7226.729,0.37311
7224.800,0.37318
7222.872,0.37315
7220.943,0.37309
7219.014,0.37300
7217.086,0.37284
7215.157,0.37265
7213.228,0.37246
7211.300,0.37233
7209.371,0.37230
7207.442,0.37227
7205.514,0.37213
7203.585,0.37193
7201.656,0.37173
7199.728,0.37156
7197.799,0.37147
7195.870,0.37136
7193.942,0.37119
7192.013,0.37114
7190.084,0.37116
7188.156,0.37106
7186.227,0.37085
7184.298,0.37070
7182.370,0.37062
7180.441,0.37051
7178.512,0.37033
7176.584,0.37022
7174.655,0.37025
7172.726,0.37028
7170.797,0.37016
7168.869,0.37006
7166.940,0.37003
7165.011,0.36990
7163.083,0.36968
7161.154,0.36960
7159.225,0.36959
7157.297,0.36949
7155.368,0.36940
7153.439,0.36933
7151.511,0.36922
7149.582,0.36914
7147.653,0.36916
7145.725,0.36909
7143.796,0.36878
7141.867,0.36853
7139.939,0.36848
7138.010,0.36838
7136.081,0.36821
7134.153,0.36810
7132.224,0.36795
7130.295,0.36773
7128.367,0.36752
7126.438,0.36735
7124.509,0.36728
7122.581,0.36739
7120.652,0.36751
7118.723,0.36736
7116.795,0.36699
7114.866,0.36674
7112.937,0.36666
7111.009,0.36650
7109.080,0.36629
7107.151,0.36616
7105.223,0.36615
7103.294,0.36616
7101.365,0.36603
7099.437,0.36583
7097.508,0.36572
7095.579,0.36569
7093.651,0.36557
7091.722,0.36532
7089.793,0.36505
7087.865,0.36493
7085.936,0.36495
7084.007,0.36494
7082.079,0.36481
7080.150,0.36469
7078.221,0.36470
7076.293,0.36469
7074.364,0.36453
7072.435,0.36437
7070.507,0.36430
7068.578,0.36418
7066.649,0.36388
7064.721,0.36355
7062.792,0.36344
7060.863,0.36348
7058.935,0.36344
7057.006,0.36330
7055.077,0.36312
7053.149,0.36297
7051.220,0.36295
7049.291,0.36299
7047.363,0.36282
7045.434,0.36254
7043.505,0.36242
7041.577,0.36233
7039.648,0.36220
7037.719,0.36223
7035.791,0.36239
7033.862,0.36237
7031.933,0.36217
7030.005,0.36192
7028.076,0.36168
7026.147,0.36153
7024.219,0.36155
7022.290,0.36162
7020.361,0.36155
7018.433,0.36137
7016.504,0.36122
7014.575,0.36113
7012.646,0.36104
7010.718,0.36096
7008.789,0.36093
7006.860,0.36082
7004.932,0.36066
7003.003,0.36057
7001.074,0.36052
6999.146,0.36034
6997.217,0.36006
6995.288,0.35994
6993.360,0.36006
6991.431,0.36014
6989.502,0.35996
6987.574,0.35969
6985.645,0.35960
6983.716,0.35955
6981.788,0.35933
6979.859,0.35904
6977.930,0.35883
6976.002,0.35873
6974.073,0.35874
6972.144,0.35882
6970.216,0.35887
6968.287,0.35888
6966.358,0.35881
6964.430,0.35866
6962.501,0.35844
6960.572,0.35821
6958.644,0.35807
6956.715,0.35800
6954.786,0.35792
6952.858,0.35781
6950.929,0.35768
6949.000,0.35759
6947.072,0.35748
6945.143,0.35718
6943.214,0.35689
6941.286,0.35688
6939.357,0.35704
6937.428,0.35705
6935.500,0.35691
6933.571,0.35672
6931.642,0.35647
6929.714,0.35628
6927.785,0.35622
6925.856,0.35618
6923.928,0.35609
6921.999,0.35598
6920.070,0.35588
6918.142,0.35579
6916.213,0.35563
6914.284,0.35541
6912.356,0.35525
6910.427,0.35518
6908.498,0.35511
6906.570,0.35499
6904.641,0.35481
6902.712,0.35454
6900.784,0.35430
6898.855,0.35419
6896.926,0.35415
6894.998,0.35412
6893.069,0.35406
6891.140,0.35392
6889.212,0.35372
6887.283,0.35357
6885.354,0.35352
6883.426,0.35347
6881.497,0.35335
6879.568,0.35317
6877.640,0.35294
6875.711,0.35269
6873.782,0.35256
6871.854,0.35259
6869.925,0.35253
6867.996,0.35230
6866.068,0.35208
6864.139,0.35203
6862.210,0.35207
6860.282,0.35205
6858.353,0.35187
6856.424,0.35158
6854.496,0.35134
6852.567,0.35126
6850.638,0.35123
6848.709,0.35107
6846.781,0.35079
6844.852,0.35053
6842.923,0.35042
6840.995,0.35038
6839.066,0.35025
6837.137,0.35003
6835.209,0.34986
6833.280,0.34978
6831.351,0.34973
6829.423,0.34973
6827.494,0.34974
6825.565,0.34964
6823.637,0.34941
6821.708,0.34923
6819.779,0.34915
6817.851,0.34906
6815.922,0.34891
6813.993,0.34874
6812.065,0.34856
6810.136,0.34833
6808.207,0.34809
6806.279,0.34793
6804.350,0.34782
6802.421,0.34773
6800.493,0.34767
6798.564,0.34761
6796.635,0.34751
6794.707,0.34738
6792.778,0.34721
6790.849,0.34697
6788.921,0.34675
6786.992,0.34664
6785.063,0.34665
6783.135,0.34665
6781.206,0.34644
6779.277,0.34610
6777.349,0.34597
6775.420,0.34608
6773.491,0.34614
6771.563,0.34599
6769.634,0.34572
6767.705,0.34551
6765.777,0.34540
6763.848,0.34530
6761.919,0.34515
6759.991,0.34501
6758.062,0.34489
6756.133,0.34479
6754.205,0.34469
6752.276,0.34460
6750.347,0.34448
6748.419,0.34433
6746.490,0.34417
6744.561,0.34401
6742.633,0.34390
6740.704,0.34384
6738.775,0.34371
6736.847,0.34350
6734.918,0.34337
6732.989,0.34334
6731.061,0.34325
6729.132,0.34304
6727.203,0.34286
6725.275,0.34278
6723.346,0.34269
6721.417,0.34253
6719.489,0.34241
6717.560,0.34244
6715.631,0.34246
6713.703,0.34231
6711.774,0.34210
6709.845,0.34196
6707.917,0.34182
6705.988,0.34161
6704.059,0.34143
6702.131,0.34133
6700.202,0.34121
6698.273,0.34111
6696.345,0.34107
6694.416,0.34092
6692.487,0.34066
6690.558,0.34049
6688.630,0.34045
6686.701,0.34039
6684.772,0.34024
6682.844,0.34010
6680.915,0.34005
6678.986,0.33999
6677.058,0.33984
6675.129,0.33959
6673.200,0.33934
6671.272,0.33918
6669.343,0.33914
6667.414,0.33912
6665.486,0.33907
6663.557,0.33892
6661.628,0.33866
6659.700,0.33843
6657.771,0.33830
6655.842,0.33817
6653.914,0.33806
6651.985,0.33797
6650.056,0.33785
6648.128,0.33776
6646.199,0.33772
6644.270,0.33766
6642.342,0.33755
6640.413,0.33737
6638.484,0.33714
6636.556,0.33701
6634.627,0.33695
6632.698,0.33678
6630.770,0.33657
6628.841,0.33649
6626.912,0.33642
6624.984,0.33627
6623.055,0.33610
6621.126,0.33593
6619.198,0.33574
6617.269,0.33559
6615.340,0.33555
6613.412,0.33555
6611.483,0.33546
6609.554,0.33528
6607.626,0.33516
6605.697,0.33509
6603.768,0.33502
6601.840,0.33495
6599.911,0.33486
6597.982,0.33479
6596.054,0.33466
6594.125,0.33446
6592.196,0.33428
6590.268,0.33414
6588.339,0.33401
6586.410,0.33390
6584.482,0.33377
6582.553,0.33361
6580.624,0.33346
6578.696,0.33332
6576.767,0.33318
6574.838,0.33310
6572.910,0.33305
6570.981,0.33293
6569.052,0.33273
6567.124,0.33251
6565.195,0.33232
6563.266,0.33222
6561.338,0.33220
6559.409,0.33208
6557.480,0.33182
6555.552,0.33162
6553.623,0.33152
6551.694,0.33140
6549.766,0.33139
6547.837,0.33151
6545.908,0.33152
6543.980,0.33142
6542.051,0.33132
6540.122,0.33120
6538.194,0.33104
6536.265,0.33087
6534.336,0.33071
6532.408,0.33055
6530.479,0.33041
6528.550,0.33035
6526.621,0.33031
6524.693,0.33022
6522.764,0.33007
6520.835,0.32988
6518.907,0.32968
6516.978,0.32954
6515.049,0.32949
6513.121,0.32947
6511.192,0.32937
6509.263,0.32917
6507.335,0.32899
6505.406,0.32892
6503.477,0.32887
6501.549,0.32872
6499.620,0.32850
6497.691,0.32834
6495.763,0.32826
6493.834,0.32822
6491.905,0.32817
6489.977,0.32804
6488.048,0.32785
6486.119,0.32768
6484.191,0.32754
6482.262,0.32747
6480.333,0.32746
6478.405,0.32739
6476.476,0.32727
6474.547,0.32717
6472.619,0.32705
6470.690,0.32688
6468.761,0.32668
6466.833,0.32652
6464.904,0.32640
6462.975,0.32632
6461.047,0.32625
6459.118,0.32619
6457.189,0.32613
6455.261,0.32603
6453.332,0.32588
6451.403,0.32571
6449.475,0.32553
6447.546,0.32540
6445.617,0.32529
6443.689,0.32517
6441.760,0.32503
6439.831,0.32481
6437.903,0.32459
6435.974,0.32450
6434.045,0.32449
6432.117,0.32444
6430.188,0.32428
6428.259,0.32407
6426.331,0.32394
6424.402,0.32388
6422.473,0.32381
6420.545,0.32373
6418.616,0.32363
6416.687,0.32348
6414.759,0.32330
6412.830,0.32315
6410.901,0.32306
6408.973,0.32295
6407.044,0.32281
6405.115,0.32265
6403.187,0.32252
6401.258,0.32244
6399.329,0.32235
6397.401,0.32219
6395.472,0.32196
6393.543,0.32176
6391.615,0.32169
6389.686,0.32167
6387.757,0.32162
6385.829,0.32147
6383.900,0.32123
6381.971,0.32103
6380.043,0.32099
6378.114,0.32105
6376.185,0.32106
6374.257,0.32093
6372.328,0.32076
6370.399,0.32065
6368.471,0.32055
6366.542,0.32033
6364.613,0.32002
6362.684,0.31978
6360.756,0.31968
6358.827,0.31970
6356.898,0.31971
6354.970,0.31962
6353.041,0.31944
6351.112,0.31928
6349.184,0.31919
6347.255,0.31905
6345.326,0.31885
6343.398,0.31871
6341.469,0.31861
6339.540,0.31851
6337.612,0.31842
6335.683,0.31830
6333.754,0.31809
6331.826,0.31787
6329.897,0.31774
6327.968,0.31770
6326.040,0.31762
6324.111,0.31749
6322.182,0.31739
6320.254,0.31731
6318.325,0.31719
6316.396,0.31703
6314.468,0.31683
6312.539,0.31671
6310.610,0.31670
6308.682,0.31666
6306.753,0.31651
6304.824,0.31635
6302.896,0.31625
6300.967,0.31613
6299.038,0.31600
6297.110,0.31590
6295.181,0.31585
6293.252,0.31576
6291.324,0.31558
6289.395,0.31532
6287.466,0.31513
6285.538,0.31502
6283.609,0.31496
6281.680,0.31488
6279.752,0.31478
6277.823,0.31466
6275.894,0.31451
6273.966,0.31436
6272.037,0.31424
6270.108,0.31421
6268.180,0.31420
6266.251,0.31412
6264.322,0.31396
6262.394,0.31379
6260.465,0.31362
6258.536,0.31343
6256.608,0.31327
6254.679,0.31317
6252.750,0.31307
6250.822,0.31292
6248.893,0.31275
6246.964,0.31264
6245.036,0.31257
6243.107,0.31252
6241.178,0.31246
6239.250,0.31235
6237.321,0.31218
6235.392,0.31204
6233.464,0.31194
6231.535,0.31181
6229.606,0.31168
6227.678,0.31160
6225.749,0.31149
6223.820,0.31135
6221.892,0.31120
6219.963,0.31106
6218.034,0.31096
6216.106,0.31092
6214.177,0.31086
6212.248,0.31079
6210.320,0.31071
6208.391,0.31060
6206.462,0.31043
6204.533,0.31031
6202.605,0.31026
6200.676,0.31012
6198.747,0.30989
6196.819,0.30974
6194.890,0.30970
6192.961,0.30963
6191.033,0.30952
6189.104,0.30945
6187.175,0.30940
6185.247,0.30937
6183.318,0.30933
6181.389,0.30922
6179.461,0.30905
6177.532,0.30891
6175.603,0.30884
6173.675,0.30883
6171.746,0.30886
6169.817,0.30891
6167.889,0.30898
6165.960,0.30906
6164.031,0.30914
6162.103,0.30932
6160.174,0.30969
6158.245,0.31021
6156.317,0.31086
6154.388,0.31158
6152.459,0.31215
6150.531,0.31229
6148.602,0.31191
6146.673,0.31119
6144.745,0.31042
6142.816,0.30981
6140.887,0.30943
6138.959,0.30932
6137.030,0.30954
6135.101,0.30999
6133.173,0.31042
6131.244,0.31044
6129.315,0.30987
6127.387,0.30899
6125.458,0.30812
6123.529,0.30740
6121.601,0.30683
6119.672,0.30641
6117.743,0.30607
6115.815,0.30578
6113.886,0.30554
6111.957,0.30531
6110.029,0.30503
6108.100,0.30475
6106.171,0.30455
6104.243,0.30443
6102.314,0.30430
6100.385,0.30412
6098.457,0.30400
6096.528,0.30393
6094.599,0.30383
6092.671,0.30368
6090.742,0.30352
6088.813,0.30336
6086.885,0.30320
6084.956,0.30300
6083.027,0.30280
6081.099,0.30263
6079.170,0.30249
6077.241,0.30241
6075.313,0.30230
6073.384,0.30208
6071.455,0.30191
6069.527,0.30185
6067.598,0.30180
6065.669,0.30173
6063.741,0.30170
6061.812,0.30170
6059.883,0.30166
6057.955,0.30154
6056.026,0.30143
6054.097,0.30130
6052.169,0.30113
6050.240,0.30096
6048.311,0.30084
6046.383,0.30076
6044.454,0.30066
6042.525,0.30055
6040.596,0.30048
6038.668,0.30040
6036.739,0.30030
6034.810,0.30017
6032.882,0.30000
6030.953,0.29986
6029.024,0.29980
6027.096,0.29977
6025.167,0.29975
6023.238,0.29971
6021.310,0.29964
6019.381,0.29955
6017.452,0.29947
6015.524,0.29948
6013.595,0.29955
6011.666,0.29962
6009.738,0.29972
6007.809,0.29988
6005.880,0.29999
6003.952,0.29991
6002.023,0.29965
6000.094,0.29934
5998.166,0.29905
5996.237,0.29877
5994.308,0.29853
5992.380,0.29831
5990.451,0.29811
5988.522,0.29790
5986.594,0.29772
5984.665,0.29752
5982.736,0.29733
5980.808,0.29715
5978.879,0.29700
5976.950,0.29683
5975.022,0.29666
5973.093,0.29654
5971.164,0.29644
5969.236,0.29630
5967.307,0.29615
5965.378,0.29604
5963.450,0.29599
5961.521,0.29595
5959.592,0.29585
5957.664,0.29575
5955.735,0.29567
5953.806,0.29557
5951.878,0.29545
5949.949,0.29535
5948.020,0.29528
5946.092,0.29525
5944.163,0.29521
5942.234,0.29517
5940.306,0.29507
5938.377,0.29490
5936.448,0.29477
5934.520,0.29472
5932.591,0.29469
5930.662,0.29464
5928.734,0.29456
5926.805,0.29443
5924.876,0.29434
5922.948,0.29432
5921.019,0.29424
5919.090,0.29411
5917.162,0.29402
5915.233,0.29395
5913.304,0.29383
5911.376,0.29366
5909.447,0.29352
5907.518,0.29347
5905.590,0.29342
5903.661,0.29334
5901.732,0.29323
5899.804,0.29310
5897.875,0.29295
5895.946,0.29282
5894.018,0.29272
5892.089,0.29260
5890.160,0.29247
5888.232,0.29235
5886.303,0.29222
5884.374,0.29208
5882.445,0.29195
5880.517,0.29184
5878.588,0.29176
5876.659,0.29168
5874.731,0.29158
5872.802,0.29143
5870.873,0.29133
5868.945,0.29127
5867.016,0.29121
5865.087,0.29111
5863.159,0.29095
5861.230,0.29078
5859.301,0.29063
5857.373,0.29051
5855.444,0.29041
5853.515,0.29033
5851.587,0.29023
5849.658,0.29009
5847.729,0.28995
5845.801,0.28981
5843.872,0.28967
5841.943,0.28953
5840.015,0.28939
5838.086,0.28921
5836.157,0.28900
5834.229,0.28880
5832.300,0.28867
5830.371,0.28860
5828.443,0.28850
5826.514,0.28832
5824.585,0.28812
5822.657,0.28797
5820.728,0.28786
5818.799,0.28770
5816.871,0.28751
5814.942,0.28733
5813.013,0.28718
5811.085,0.28705
5809.156,0.28695
5807.227,0.28690
5805.299,0.28684
5803.370,0.28674
5801.441,0.28657
5799.513,0.28633
5797.584,0.28611
5795.655,0.28598
5793.727,0.28591
5791.798,0.28583
5789.869,0.28570
5787.941,0.28557
5786.012,0.28545
5784.083,0.28531
5782.155,0.28515
5780.226,0.28498
5778.297,0.28483
5776.369,0.28475
5774.440,0.28468
5772.511,0.28455
5770.583,0.28439
5768.654,0.28423
5766.725,0.28412
5764.797,0.28406
5762.868,0.28398
5760.939,0.28385
5759.011,0.28370
5757.082,0.28356
5755.153,0.28345
5753.225,0.28337
5751.296,0.28327
5749.367,0.28312
5747.439,0.28299
5745.510,0.28290
5743.581,0.28279
5741.653,0.28262
5739.724,0.28248
5737.795,0.28243
5735.867,0.28237
5733.938,0.28221
5732.009,0.28205
5730.081,0.28197
5728.152,0.28193
5726.223,0.28184
5724.295,0.28171
5722.366,0.28158
5720.437,0.28145
5718.508,0.28133
5716.580,0.28122
5714.651,0.28115
5712.722,0.28108
5710.794,0.28094
5708.865,0.28075
5706.936,0.28059
5705.008,0.28047
5703.079,0.28038
5701.150,0.28028
5699.222,0.28012
5697.293,0.27993
5695.364,0.27974
5693.436,0.27952
5691.507,0.27926
5689.578,0.27906
5687.650,0.27897
5685.721,0.27892
5683.792,0.27880
5681.864,0.27863
5679.935,0.27850
5678.006,0.27841
5676.078,0.27830
5674.149,0.27819
5672.220,0.27807
5670.292,0.27793
5668.363,0.27776
5666.434,0.27759
5664.506,0.27745
5662.577,0.27734
5660.648,0.27724
5658.720,0.27711
5656.791,0.27695
5654.862,0.27683
5652.934,0.27675
5651.005,0.27663
5649.076,0.27646
5647.148,0.27630
5645.219,0.27615
5643.290,0.27598
5641.362,0.27584
5639.433,0.27574
5637.504,0.27562
5635.576,0.27550
5633.647,0.27539
5631.718,0.27526
5629.790,0.27512
5627.861,0.27499
5625.932,0.27489
5624.004,0.27477
5622.075,0.27460
5620.146,0.27443
5618.218,0.27432
5616.289,0.27426
5614.360,0.27418
5612.432,0.27405
5610.503,0.27392
5608.574,0.27383
5606.646,0.27374
5604.717,0.27361
5602.788,0.27346
5600.860,0.27335
5598.931,0.27323
5597.002,0.27311
5595.074,0.27299
5593.145,0.27287
5591.216,0.27271
5589.288,0.27253
5587.359,0.27238
5585.430,0.27226
5583.502,0.27217
5581.573,0.27210
5579.644,0.27197
5577.716,0.27180
5575.787,0.27162
5573.858,0.27143
5571.930,0.27128
5570.001,0.27120
5568.072,0.27115
5566.144,0.27107
5564.215,0.27098
5562.286,0.27089
5560.357,0.27081
5558.429,0.27068
5556.500,0.27050
5554.571,0.27034
5552.643,0.27026
5550.714,0.27017
5548.785,0.27003
5546.857,0.26986
5544.928,0.26970
5542.999,0.26959
5541.071,0.26953
5539.142,0.26944
5537.213,0.26930
5535.285,0.26915
5533.356,0.26901
5531.427,0.26888
5529.499,0.26877
5527.570,0.26866
5525.641,0.26855
5523.713,0.26843
5521.784,0.26834
5519.855,0.26825
5517.927,0.26816
5515.998,0.26806
5514.069,0.26791
5512.141,0.26777
5510.212,0.26768
5508.283,0.26760
5506.355,0.26749
5504.426,0.26740
5502.497,0.26730
5500.569,0.26717
5498.640,0.26704
5496.711,0.26693
5494.783,0.26683
5492.854,0.26671
5490.925,0.26658
5488.997,0.26643
5487.068,0.26628
5485.139,0.26616
5483.211,0.26606
5481.282,0.26597
5479.353,0.26585
5477.425,0.26568
5475.496,0.26552
5473.567,0.26543
5471.639,0.26534
5469.710,0.26521
5467.781,0.26505
5465.853,0.26491
5463.924,0.26479
5461.995,0.26467
5460.067,0.26456
5458.138,0.26448
5456.209,0.26436
5454.281,0.26420
5452.352,0.26404
5450.423,0.26393
5448.495,0.26384
5446.566,0.26370
5444.637,0.26355
5442.709,0.26344
5440.780,0.26339
5438.851,0.26330
5436.923,0.26315
5434.994,0.26299
5433.065,0.26288
5431.137,0.26275
5429.208,0.26263
5427.279,0.26251
5425.351,0.26240
5423.422,0.26231
5421.493,0.26223
5419.565,0.26213
5417.636,0.26201
5415.707,0.26189
5413.779,0.26179
5411.850,0.26169
5409.921,0.26158
5407.993,0.26146
5406.064,0.26133
5404.135,0.26120
5402.207,0.26107
5400.278,0.26095
5398.349,0.26085
5396.420,0.26077
5394.492,0.26067
5392.563,0.26053
5390.634,0.26042
5388.706,0.26033
5386.777,0.26019
5384.848,0.25998
5382.920,0.25978
5380.991,0.25969
5379.062,0.25961
5377.134,0.25949
5375.205,0.25937
5373.276,0.25929
5371.348,0.25920
5369.419,0.25908
5367.490,0.25897
5365.562,0.25886
5363.633,0.25874
5361.704,0.25862
5359.776,0.25850
5357.847,0.25837
5355.918,0.25829
5353.990,0.25824
5352.061,0.25813
5350.132,0.25797
5348.204,0.25782
5346.275,0.25771
5344.346,0.25760
5342.418,0.25746
5340.489,0.25732
5338.560,0.25722
5336.632,0.25711
5334.703,0.25699
5332.774,0.25690
5330.846,0.25683
5328.917,0.25673
5326.988,0.25657
5325.060,0.25639
5323.131,0.25625
5321.202,0.25613
5319.274,0.25600
5317.345,0.25587
5315.416,0.25577
5313.488,0.25569
5311.559,0.25562
5309.630,0.25554
5307.702,0.25540
5305.773,0.25523
5303.844,0.25511
5301.916,0.25501
5299.987,0.25487
5298.058,0.25472
5296.130,0.25459
5294.201,0.25449
5292.272,0.25438
5290.344,0.25426
5288.415,0.25417
5286.486,0.25409
5284.558,0.25400
5282.629,0.25389
5280.700,0.25378
5278.772,0.25365
5276.843,0.25352
5274.914,0.25341
5272.986,0.25331
5271.057,0.25322
5269.128,0.25314
5267.200,0.25302
5265.271,0.25284
5263.342,0.25269
5261.414,0.25258
5259.485,0.25248
5257.556,0.25238
5255.628,0.25227
5253.699,0.25217
5251.770,0.25208
5249.842,0.25197
5247.913,0.25185
5245.984,0.25172
5244.056,0.25158
5242.127,0.25145
5240.198,0.25132
5238.269,0.25119
5236.341,0.25109
5234.412,0.25101
5232.483,0.25092
5230.555,0.25079
5228.626,0.25067
5226.697,0.25059
5224.769,0.25051
5222.840,0.25039
5220.911,0.25028
5218.983,0.25016
5217.054,0.25004
5215.125,0.24993
5213.197,0.24984
5211.268,0.24970
5209.339,0.24953
5207.411,0.24936
5205.482,0.24927
5203.553,0.24922
5201.625,0.24913
5199.696,0.24898
5197.767,0.24883
5195.839,0.24871
5193.910,0.24862
5191.981,0.24850
5190.053,0.24837
5188.124,0.24827
5186.195,0.24822
5184.267,0.24817
5182.338,0.24808
5180.409,0.24796
5178.481,0.24781
5176.552,0.24764
5174.623,0.24749
5172.695,0.24739
5170.766,0.24735
5168.837,0.24726
5166.909,0.24712
5164.980,0.24700
5163.051,0.24689
5161.123,0.24675
5159.194,0.24661
5157.265,0.24650
5155.337,0.24640
5153.408,0.24629
5151.479,0.24618
5149.551,0.24606
5147.622,0.24594
5145.693,0.24583
5143.765,0.24570
5141.836,0.24554
5139.907,0.24538
5137.979,0.24526
5136.050,0.24517
5134.121,0.24511
5132.193,0.24504
5130.264,0.24493
5128.335,0.24478
5126.407,0.24464
5124.478,0.24452
5122.549,0.24444
5120.621,0.24437
5118.692,0.24428
5116.763,0.24415
5114.835,0.24402
5112.906,0.24389
5110.977,0.24376
5109.049,0.24362
5107.120,0.24351
5105.191,0.24338
5103.263,0.24324
5101.334,0.24311
5099.405,0.24300
5097.477,0.24290
5095.548,0.24283
5093.619,0.24276
5091.691,0.24266
5089.762,0.24255
5087.833,0.24243
5085.905,0.24231
5083.976,0.24218
5082.047,0.24203
5080.119,0.24187
5078.190,0.24174
5076.261,0.24165
5074.332,0.24158
5072.404,0.24149
5070.475,0.24138
5068.546,0.24126
5066.618,0.24114
5064.689,0.24104
5062.760,0.24094
5060.832,0.24080
5058.903,0.24066
5056.974,0.24054
5055.046,0.24041
5053.117,0.24028
5051.188,0.24017
5049.260,0.24009
5047.331,0.24001
5045.402,0.23989
5043.474,0.23974
5041.545,0.23957
5039.616,0.23942
5037.688,0.23931
5035.759,0.23922
5033.830,0.23915
5031.902,0.23908
5029.973,0.23896
5028.044,0.23884
5026.116,0.23872
5024.187,0.23858
5022.258,0.23846
5020.330,0.23836
5018.401,0.23825
5016.472,0.23813
5014.544,0.23799
5012.615,0.23787
5010.686,0.23776
5008.758,0.23764
5006.829,0.23754
5004.900,0.23744
5002.972,0.23735
5001.043,0.23728
4999.114,0.23719
4997.186,0.23706
4995.257,0.23691
4993.328,0.23679
4991.400,0.23668
4989.471,0.23657
4987.542,0.23644
4985.614,0.23631
4983.685,0.23617
4981.756,0.23604
4979.828,0.23594
4977.899,0.23587
4975.970,0.23576
4974.042,0.23563
4972.113,0.23548
4970.184,0.23533
4968.256,0.23523
4966.327,0.23515
4964.398,0.23507
4962.470,0.23498
4960.541,0.23485
4958.612,0.23470
4956.684,0.23456
4954.755,0.23446
4952.826,0.23439
4950.898,0.23431
4948.969,0.23420
4947.040,0.23408
4945.112,0.23398
4943.183,0.23390
4941.254,0.23380
4939.326,0.23367
4937.397,0.23354
4935.468,0.23339
4933.540,0.23325
4931.611,0.23317
4929.682,0.23311
4927.754,0.23301
4925.825,0.23286
4923.896,0.23270
4921.968,0.23256
4920.039,0.23242
4918.110,0.23231
4916.181,0.23223
4914.253,0.23216
4912.324,0.23208
4910.395,0.23197
4908.467,0.23180
4906.538,0.23163
4904.609,0.23149
4902.681,0.23139
4900.752,0.23129
4898.823,0.23116
4896.895,0.23106
4894.966,0.23100
4893.037,0.23091
4891.109,0.23078
4889.180,0.23064
4887.251,0.23053
4885.323,0.23046
4883.394,0.23039
4881.465,0.23026
4879.537,0.23009
4877.608,0.22996
4875.679,0.22987
4873.751,0.22976
4871.822,0.22964
4869.893,0.22950
4867.965,0.22937
4866.036,0.22928
4864.107,0.22922
4862.179,0.22914
4860.250,0.22904
4858.321,0.22890
4856.393,0.22876
4854.464,0.22862
4852.535,0.22848
4850.607,0.22837
4848.678,0.22829
4846.749,0.22819
4844.821,0.22809
4842.892,0.22800
4840.963,0.22789
4839.035,0.22775
4837.106,0.22763
4835.177,0.22751
4833.249,0.22738
4831.320,0.22723
4829.391,0.22710
4827.463,0.22699
4825.534,0.22690
4823.605,0.22680
4821.677,0.22667
4819.748,0.22653
4817.819,0.22641
4815.891,0.22633
4813.962,0.22621
4812.033,0.22606
4810.105,0.22594
4808.176,0.22584
4806.247,0.22571
4804.319,0.22555
4802.390,0.22541
4800.461,0.22532
4798.533,0.22523
4796.604,0.22510
4794.675,0.22498
4792.747,0.22487
4790.818,0.22479
4788.889,0.22470
4786.961,0.22457
4785.032,0.22443
4783.103,0.22430
4781.175,0.22420
4779.246,0.22413
4777.317,0.22407
4775.389,0.22398
4773.460,0.22386
4771.531,0.22375
4769.603,0.22363
4767.674,0.22351
4765.745,0.22339
4763.817,0.22328
4761.888,0.22317
4759.959,0.22309
4758.031,0.22301
4756.102,0.22291
4754.173,0.22280
4752.244,0.22272
4750.316,0.22263
4748.387,0.22250
4746.458,0.22235
4744.530,0.22223
4742.601,0.22213
4740.672,0.22204
4738.744,0.22192
4736.815,0.22179
4734.886,0.22162
4732.958,0.22146
4731.029,0.22135
4729.100,0.22128
4727.172,0.22118
4725.243,0.22107
4723.314,0.22096
4721.386,0.22085
4719.457,0.22075
4717.528,0.22066
4715.600,0.22055
4713.671,0.22045
4711.742,0.22038
4709.814,0.22034
4707.885,0.22025
4705.956,0.22010
4704.028,0.21993
4702.099,0.21981
4700.170,0.21973
4698.242,0.21962
4696.313,0.21950
4694.384,0.21940
4692.456,0.21933
4690.527,0.21925
4688.598,0.21915
4686.670,0.21906
4684.741,0.21898
4682.812,0.21889
4680.884,0.21879
4678.955,0.21867
4677.026,0.21854
4675.098,0.21842
4673.169,0.21831
4671.240,0.21820
4669.312,0.21807
4667.383,0.21796
4665.454,0.21787
4663.526,0.21775
4661.597,0.21761
4659.668,0.21750
4657.740,0.21742
4655.811,0.21731
4653.882,0.21716
4651.954,0.21705
4650.025,0.21697
4648.096,0.21688
4646.168,0.21676
4644.239,0.21664
4642.310,0.21651
4640.382,0.21640
4638.453,0.21630
4636.524,0.21620
4634.596,0.21610
4632.667,0.21599
4630.738,0.21584
4628.810,0.21567
4626.881,0.21554
4624.952,0.21546
4623.024,0.21538
4621.095,0.21526
4619.166,0.21513
4617.238,0.21504
4615.309,0.21495
4613.380,0.21484
4611.452,0.21473
4609.523,0.21465
4607.594,0.21456
4605.666,0.21446
4603.737,0.21433
4601.808,0.21419
4599.880,0.21406
4597.951,0.21395
4596.022,0.21384
4594.093,0.21373
4592.165,0.21364
4590.236,0.21355
4588.307,0.21345
4586.379,0.21334
4584.450,0.21323
4582.521,0.21312
4580.593,0.21302
4578.664,0.21292
4576.735,0.21283
4574.807,0.21276
4572.878,0.21269
4570.949,0.21258
4569.021,0.21245
4567.092,0.21235
4565.163,0.21224
4563.235,0.21210
4561.306,0.21196
4559.377,0.21185
4557.449,0.21176
4555.520,0.21165
4553.591,0.21153
4551.663,0.21143
4549.734,0.21134
4547.805,0.21126
4545.877,0.21117
4543.948,0.21107
4542.019,0.21094
4540.091,0.21082
4538.162,0.21074
4536.233,0.21072
4534.305,0.21070
4532.376,0.21064
4530.447,0.21056
4528.519,0.21043
4526.590,0.21028
4524.661,0.21016
4522.733,0.21008
4520.804,0.21003
4518.875,0.20998
4516.947,0.20990
4515.018,0.20981
4513.089,0.20970
4511.161,0.20958
4509.232,0.20948
4507.303,0.20944
4505.375,0.20945
4503.446,0.20948
4501.517,0.20955
4499.589,0.20966
4497.660,0.20988
4495.731,0.21021
4493.803,0.21052
4491.874,0.21068
4489.945,0.21063
4488.017,0.21040
4486.088,0.21013
4484.159,0.20995
4482.231,0.20981
4480.302,0.20961
4478.373,0.20927
4476.445,0.20885
4474.516,0.20848
4472.587,0.20825
4470.659,0.20813
4468.730,0.20805
4466.801,0.20802
4464.873,0.20806
4462.944,0.20816
4461.015,0.20823
4459.087,0.20822
4457.158,0.20817
4455.229,0.20809
4453.301,0.20797
4451.372,0.20778
4449.443,0.20757
4447.515,0.20736
4445.586,0.20716
4443.657,0.20696
4441.729,0.20676
4439.800,0.20656
4437.871,0.20638
4435.943,0.20625
4434.014,0.20619
4432.085,0.20618
4430.156,0.20619
4428.228,0.20623
4426.299,0.20629
4424.370,0.20640
4422.442,0.20655
4420.513,0.20672
4418.584,0.20694
4416.656,0.20715
4414.727,0.20726
4412.798,0.20724
4410.870,0.20716
4408.941,0.20709
4407.012,0.20708
4405.084,0.20706
4403.155,0.20704
4401.226,0.20698
4399.298,0.20681
4397.369,0.20652
4395.440,0.20620
4393.512,0.20594
4391.583,0.20576
4389.654,0.20564
4387.726,0.20556
4385.797,0.20551
4383.868,0.20549
4381.940,0.20550
4380.011,0.20548
4378.082,0.20532
4376.154,0.20501
4374.225,0.20463
4372.296,0.20424
4370.368,0.20387
4368.439,0.20352
4366.510,0.20320
4364.582,0.20295
4362.653,0.20275
4360.724,0.20257
4358.796,0.20242
4356.867,0.20236
4354.938,0.20234
4353.010,0.20235
4351.081,0.20240
4349.152,0.20255
4347.224,0.20274
4345.295,0.20291
4343.366,0.20305
4341.438,0.20315
4339.509,0.20323
4337.580,0.20325
4335.652,0.20317
4333.723,0.20302
4331.794,0.20281
4329.866,0.20257
4327.937,0.20236
4326.008,0.20228
4324.080,0.20240
4322.151,0.20273
4320.222,0.20309
4318.294,0.20320
4316.365,0.20300
4314.436,0.20274
4312.508,0.20258
4310.579,0.20246
4308.650,0.20225
4306.722,0.20190
4304.793,0.20149
4302.864,0.20114
4300.936,0.20089
4299.007,0.20074
4297.078,0.20066
4295.150,0.20062
4293.221,0.20062
4291.292,0.20066
4289.364,0.20067
4287.435,0.20059
4285.506,0.20040
4283.578,0.20018
4281.649,0.19996
4279.720,0.19972
4277.792,0.19940
4275.863,0.19907
4273.934,0.19876
4272.005,0.19847
4270.077,0.19817
4268.148,0.19787
4266.219,0.19759
4264.291,0.19735
4262.362,0.19713
4260.433,0.19692
4258.505,0.19675
4256.576,0.19661
4254.647,0.19649
4252.719,0.19632
4250.790,0.19610
4248.861,0.19587
4246.933,0.19570
4245.004,0.19556
4243.075,0.19541
4241.147,0.19523
4239.218,0.19509
4237.289,0.19497
4235.361,0.19487
4233.432,0.19476
4231.503,0.19464
4229.575,0.19454
4227.646,0.19448
4225.717,0.19443
4223.789,0.19436
4221.860,0.19430
4219.931,0.19427
4218.003,0.19425
4216.074,0.19419
4214.145,0.19413
4212.217,0.19405
4210.288,0.19396
4208.359,0.19386
4206.431,0.19379
4204.502,0.19375
4202.573,0.19367
4200.645,0.19356
4198.716,0.19343
4196.787,0.19330
4194.859,0.19316
4192.930,0.19298
4191.001,0.19278
4189.073,0.19260
4187.144,0.19243
4185.215,0.19226
4183.287,0.19210
4181.358,0.19198
4179.429,0.19187
4177.501,0.19173
4175.572,0.19156
4173.643,0.19140
4171.715,0.19125
4169.786,0.19111
4167.857,0.19098
4165.929,0.19085
4164.000,0.19072
4162.071,0.19058
4160.143,0.19045
4158.214,0.19032
4156.285,0.19017
4154.357,0.19005
4152.428,0.18993
4150.499,0.18980
4148.571,0.18967
4146.642,0.18957
4144.713,0.18945
4142.785,0.18934
4140.856,0.18924
4138.927,0.18915
4136.999,0.18905
4135.070,0.18895
4133.141,0.18884
4131.213,0.18874
4129.284,0.18865
4127.355,0.18855
4125.427,0.18842
4123.498,0.18830
4121.569,0.18825
4119.641,0.18825
4117.712,0.18821
4115.783,0.18815
4113.855,0.18811
4111.926,0.18812
4109.997,0.18816
4108.068,0.18818
4106.140,0.18816
4104.211,0.18810
4102.282,0.18803
4100.354,0.18795
4098.425,0.18788
4096.496,0.18783
4094.568,0.18777
4092.639,0.18766
4090.710,0.18749
4088.782,0.18731
4086.853,0.18715
4084.924,0.18700
4082.996,0.18680
4081.067,0.18657
4079.138,0.18638
4077.210,0.18624
4075.281,0.18609
4073.352,0.18590
4071.424,0.18571
4069.495,0.18553
4067.566,0.18535
4065.638,0.18516
4063.709,0.18499
4061.780,0.18487
4059.852,0.18474
4057.923,0.18459
4055.994,0.18444
4054.066,0.18430
4052.137,0.18418
4050.208,0.18409
4048.280,0.18401
4046.351,0.18393
4044.422,0.18384
4042.494,0.18373
4040.565,0.18363
4038.636,0.18356
4036.708,0.18351
4034.779,0.18346
4032.850,0.18340
4030.922,0.18334
4028.993,0.18330
4027.064,0.18328
4025.136,0.18328
4023.207,0.18329
4021.278,0.18326
4019.350,0.18317
4017.421,0.18303
4015.492,0.18289
4013.564,0.18277
4011.635,0.18268
4009.706,0.18259
4007.778,0.18244
4005.849,0.18228
4003.920,0.18215
4001.992,0.18207
4000.063,0.18202
3998.134,0.18199
3996.206,0.18197
3994.277,0.18193
3992.348,0.18187
3990.420,0.18176
3988.491,0.18160
3986.562,0.18145
3984.634,0.18131
3982.705,0.18111
3980.776,0.18089
3978.848,0.18069
3976.919,0.18051
3974.990,0.18032
3973.062,0.18012
3971.133,0.17995
3969.204,0.17982
3967.276,0.17968
3965.347,0.17954
3963.418,0.17942
3961.490,0.17933
3959.561,0.17923
3957.632,0.17911
3955.704,0.17899
3953.775,0.17889
3951.846,0.17880
3949.917,0.17867
3947.989,0.17851
3946.060,0.17836
3944.131,0.17823
3942.203,0.17810
3940.274,0.17795
3938.345,0.17782
3936.417,0.17775
3934.488,0.17770
3932.559,0.17763
3930.631,0.17753
3928.702,0.17744
3926.773,0.17738
3924.845,0.17730
3922.916,0.17720
3920.987,0.17709
3919.059,0.17698
3917.130,0.17685
3915.201,0.17669
3913.273,0.17654
3911.344,0.17639
3909.415,0.17625
3907.487,0.17610
3905.558,0.17595
3903.629,0.17580
3901.701,0.17566
3899.772,0.17554
3897.843,0.17543
3895.915,0.17533
3893.986,0.17523
3892.057,0.17514
3890.129,0.17502
3888.200,0.17489
3886.271,0.17476
3884.343,0.17467
3882.414,0.17459
3880.485,0.17450
3878.557,0.17439
3876.628,0.17429
3874.699,0.17416
3872.771,0.17399
3870.842,0.17383
3868.913,0.17371
3866.985,0.17364
3865.056,0.17358
3863.127,0.17348
3861.199,0.17336
3859.270,0.17325
3857.341,0.17317
3855.413,0.17308
3853.484,0.17294
3851.555,0.17280
3849.627,0.17265
3847.698,0.17249
3845.769,0.17235
3843.841,0.17224
3841.912,0.17216
3839.983,0.17208
3838.055,0.17200
3836.126,0.17191
3834.197,0.17181
3832.269,0.17171
3830.340,0.17158
3828.411,0.17144
3826.483,0.17133
3824.554,0.17122
3822.625,0.17109
3820.697,0.17095
3818.768,0.17087
3816.839,0.17080
3814.911,0.17070
3812.982,0.17058
3811.053,0.17047
3809.125,0.17037
3807.196,0.17026
3805.267,0.17016
3803.339,0.17005
3801.410,0.16994
3799.481,0.16983
3797.553,0.16971
3795.624,0.16961
3793.695,0.16953
3791.767,0.16944
3789.838,0.16932
3787.909,0.16918
3785.980,0.16904
3784.052,0.16892
3782.123,0.16880
3780.194,0.16867
3778.266,0.16855
3776.337,0.16846
3774.408,0.16837
3772.480,0.16825
3770.551,0.16813
3768.622,0.16803
3766.694,0.16796
3764.765,0.16790
3762.836,0.16780
3760.908,0.16769
3758.979,0.16759
3757.050,0.16751
3755.122,0.16741
3753.193,0.16731
3751.264,0.16722
3749.336,0.16715
3747.407,0.16705
3745.478,0.16693
3743.550,0.16682
3741.621,0.16672
3739.692,0.16661
3737.764,0.16648
3735.835,0.16637
3733.906,0.16627
3731.978,0.16617
3730.049,0.16603
3728.120,0.16588
3726.192,0.16576
3724.263,0.16569
3722.334,0.16564
3720.406,0.16556
3718.477,0.16545
3716.548,0.16535
3714.620,0.16527
3712.691,0.16519
3710.762,0.16509
3708.834,0.16500
3706.905,0.16492
3704.976,0.16484
3703.048,0.16477
3701.119,0.16469
3699.190,0.16460
3697.262,0.16453
3695.333,0.16447
3693.404,0.16439
3691.476,0.16431
3689.547,0.16423
3687.618,0.16415
3685.690,0.16409
3683.761,0.16406
3681.832,0.16402
3679.904,0.16398
3677.975,0.16396
3676.046,0.16393
3674.118,0.16389
3672.189,0.16383
3670.260,0.16378
3668.332,0.16373
3666.403,0.16366
3664.474,0.16357
3662.546,0.16349
3660.617,0.16342
3658.688,0.16335
3656.760,0.16326
3654.831,0.16317
3652.902,0.16309
3650.974,0.16303
3649.045,0.16296
3647.116,0.16288
3645.188,0.16280
3643.259,0.16274
3641.330,0.16270
3639.402,0.16266
3637.473,0.16261
3635.544,0.16258
3633.616,0.16256
3631.687,0.16254
3629.758,0.16249
3627.830,0.16245
3625.901,0.16245
3623.972,0.16245
3622.043,0.16242
3620.115,0.16239
3618.186,0.16237
3616.257,0.16237
3614.329,0.16234
3612.400,0.16233
3610.471,0.16235
3608.543,0.16238
3606.614,0.16237
3604.685,0.16233
3602.757,0.16230
3600.828,0.16230
3598.899,0.16231
3596.971,0.16231
3595.042,0.16231
3593.113,0.16232
3591.185,0.16234
3589.256,0.16233
3587.327,0.16231
3585.399,0.16230
3583.470,0.16232
3581.541,0.16233
3579.613,0.16230
3577.684,0.16226
3575.755,0.16226
3573.827,0.16227
3571.898,0.16227
3569.969,0.16226
3568.041,0.16225
3566.112,0.16226
3564.183,0.16226
3562.255,0.16224
3560.326,0.16222
3558.397,0.16224
3556.469,0.16227
3554.540,0.16230
3552.611,0.16231
3550.683,0.16229
3548.754,0.16229
3546.825,0.16231
3544.897,0.16232
3542.968,0.16235
3541.039,0.16238
3539.111,0.16241
3537.182,0.16241
3535.253,0.16238
3533.325,0.16234
3531.396,0.16232
3529.467,0.16225
3527.539,0.16214
3525.610,0.16206
3523.681,0.16203
3521.753,0.16200
3519.824,0.16195
3517.895,0.16188
3515.967,0.16182
3514.038,0.16177
3512.109,0.16170
3510.181,0.16164
3508.252,0.16160
3506.323,0.16160
3504.395,0.16158
3502.466,0.16152
3500.537,0.16146
3498.609,0.16142
3496.680,0.16138
3494.751,0.16132
3492.823,0.16128
3490.894,0.16129
3488.965,0.16129
3487.037,0.16124
3485.108,0.16118
3483.179,0.16115
3481.251,0.16115
3479.322,0.16115
3477.393,0.16112
3475.465,0.16110
3473.536,0.16112
3471.607,0.16112
3469.679,0.16110
3467.750,0.16111
3465.821,0.16118
3463.892,0.16126
3461.964,0.16126
3460.035,0.16118
3458.106,0.16111
3456.178,0.16110
3454.249,0.16106
3452.320,0.16095
3450.392,0.16084
3448.463,0.16082
3446.534,0.16079
3444.606,0.16069
3442.677,0.16055
3440.748,0.16048
3438.820,0.16045
3436.891,0.16037
3434.962,0.16022
3433.034,0.16006
3431.105,0.15997
3429.176,0.15991
3427.248,0.15980
3425.319,0.15969
3423.390,0.15965
3421.462,0.15968
3419.533,0.15965
3417.604,0.15953
3415.676,0.15938
3413.747,0.15927
3411.818,0.15915
3409.890,0.15895
3407.961,0.15870
3406.032,0.15850
3404.104,0.15834
3402.175,0.15812
3400.246,0.15784
3398.318,0.15759
3396.389,0.15744
3394.460,0.15730
3392.532,0.15709
3390.603,0.15686
3388.674,0.15670
3386.746,0.15661
3384.817,0.15646
3382.888,0.15626
3380.960,0.15610
3379.031,0.15602
3377.102,0.15590
3375.174,0.15569
3373.245,0.15546
3371.316,0.15530
3369.388,0.15518
3367.459,0.15499
3365.530,0.15476
3363.602,0.15457
3361.673,0.15444
3359.744,0.15429
3357.816,0.15410
3355.887,0.15394
3353.958,0.15384
3352.030,0.15375
3350.101,0.15358
3348.172,0.15335
3346.244,0.15316
3344.315,0.15299
3342.386,0.15279
3340.458,0.15255
3338.529,0.15233
3336.600,0.15217
3334.672,0.15204
3332.743,0.15186
3330.814,0.15169
3328.886,0.15158
3326.957,0.15149
3325.028,0.15137
3323.100,0.15123
3321.171,0.15112
3319.242,0.15102
3317.314,0.15088
3315.385,0.15068
3313.456,0.15049
3311.528,0.15036
3309.599,0.15023
3307.670,0.15004
3305.742,0.14984
3303.813,0.14972
3301.884,0.14964
3299.955,0.14950
3298.027,0.14934
3296.098,0.14922
3294.169,0.14915
3292.241,0.14906
3290.312,0.14888
3288.383,0.14870
3286.455,0.14859
3284.526,0.14852
3282.597,0.14839
3280.669,0.14821
3278.740,0.14809
3276.811,0.14802
3274.883,0.14793
3272.954,0.14776
3271.025,0.14758
3269.097,0.14747
3267.168,0.14739
3265.239,0.14725
3263.311,0.14706
3261.382,0.14692
3259.453,0.14683
3257.525,0.14669
3255.596,0.14651
3253.667,0.14637
3251.739,0.14630
3249.810,0.14620
3247.881,0.14601
3245.953,0.14577
3244.024,0.14560
3242.095,0.14549
3240.167,0.14536
3238.238,0.14516
3236.309,0.14499
3234.381,0.14488
3232.452,0.14477
3230.523,0.14459
3228.595,0.14439
3226.666,0.14425
3224.737,0.14416
3222.809,0.14402
3220.880,0.14381
3218.951,0.14364
3217.023,0.14354
3215.094,0.14340
3213.165,0.14318
3211.237,0.14297
3209.308,0.14283
3207.379,0.14269
3205.451,0.14249
3203.522,0.14224
3201.593,0.14206
3199.665,0.14195
3197.736,0.14185
3195.807,0.14172
3193.879,0.14165
3191.950,0.14167
3190.021,0.14169
3188.093,0.14165
3186.164,0.14164
3184.235,0.14172
3182.307,0.14182
3180.378,0.14182
3178.449,0.14175
3176.521,0.14170
3174.592,0.14170
3172.663,0.14169
3170.735,0.14167
3168.806,0.14168
3166.877,0.14174
3164.949,0.14178
3163.020,0.14175
3161.091,0.14169
3159.163,0.14168
3157.234,0.14168
3155.305,0.14162
3153.377,0.14151
3151.448,0.14143
3149.519,0.14141
3147.591,0.14142
3145.662,0.14144
3143.733,0.14156
3141.804,0.14178
3139.876,0.14204
3137.947,0.14222
3136.018,0.14235
3134.090,0.14246
3132.161,0.14251
3130.232,0.14246
3128.304,0.14233
3126.375,0.14224
3124.446,0.14224
3122.518,0.14229
3120.589,0.14239
3118.660,0.14255
3116.732,0.14283
3114.803,0.14320
3112.874,0.14359
3110.946,0.14399
3109.017,0.14439
3107.088,0.14478
3105.160,0.14508
3103.231,0.14534
3101.302,0.14566
3099.374,0.14612
3097.445,0.14665
3095.516,0.14725
3093.588,0.14801
3091.659,0.14914
3089.730,0.15085
3087.802,0.15346
3085.873,0.15767
3083.944,0.16498
3082.016,0.17832
3080.087,0.20242
3078.158,0.23811
3076.230,0.26966
3074.301,0.27229
3072.372,0.24952
3070.444,0.23229
3068.515,0.23779
3066.586,0.25111
3064.658,0.24451
3062.729,0.21690
3060.800,0.18906
3058.872,0.17126
3056.943,0.16126
3055.014,0.15506
3053.086,0.15061
3051.157,0.14740
3049.228,0.14523
3047.300,0.14379
3045.371,0.14275
3043.442,0.14188
3041.514,0.14111
3039.585,0.14042
3037.656,0.13986
3035.728,0.13942
3033.799,0.13908
3031.870,0.13882
3029.942,0.13868
3028.013,0.13868
3026.084,0.13881
3024.156,0.13904
3022.227,0.13936
3020.298,0.13979
3018.370,0.14042
3016.441,0.14131
3014.512,0.14258
3012.584,0.14435
3010.655,0.14686
3008.726,0.15057
3006.798,0.15600
3004.869,0.16276
3002.940,0.16851
3001.012,0.17014
2999.083,0.16708
2997.154,0.16179
2995.226,0.15692
2993.297,0.15348
2991.368,0.15133
2989.440,0.15003
2987.511,0.14926
2985.582,0.14892
2983.654,0.14898
2981.725,0.14938
2979.796,0.15002
2977.867,0.15090
2975.939,0.15208
2974.010,0.15362
2972.081,0.15548
2970.153,0.15754
2968.224,0.15974
2966.295,0.16197
2964.367,0.16402
2962.438,0.16565
2960.509,0.16673
2958.581,0.16729
2956.652,0.16749
2954.723,0.16756
2952.795,0.16778
2950.866,0.16826
2948.937,0.16866
2947.009,0.16843
2945.080,0.16762
2943.151,0.16695
2941.223,0.16698
2939.294,0.16776
2937.365,0.16897
2935.437,0.17030
2933.508,0.17149
2931.579,0.17235
2929.651,0.17271
2927.722,0.17244
2925.793,0.17161
2923.865,0.17042
2921.936,0.16895
2920.007,0.16721
2918.079,0.16521
2916.150,0.16303
2914.221,0.16087
2912.293,0.15892
2910.364,0.15722
2908.435,0.15577
2906.507,0.15454
2904.578,0.15345
2902.649,0.15238
2900.721,0.15131
2898.792,0.15029
2896.863,0.14929
2894.935,0.14826
2893.006,0.14720
2891.077,0.14621
2889.149,0.14539
2887.220,0.14476
2885.291,0.14436
2883.363,0.14425
2881.434,0.14443
2879.505,0.14482
2877.577,0.14520
2875.648,0.14543
2873.719,0.14543
2871.791,0.14524
2869.862,0.14503
2867.933,0.14507
2866.005,0.14556
2864.076,0.14644
2862.147,0.14735
2860.219,0.14788
2858.290,0.14783
2856.361,0.14721
2854.433,0.14612
2852.504,0.14463
2850.575,0.14282
2848.647,0.14076
2846.718,0.13875
2844.789,0.13714
2842.861,0.13612
2840.932,0.13561
2839.003,0.13540
2837.075,0.13519
2835.146,0.13474
2833.217,0.13400
2831.289,0.13309
2829.360,0.13206
2827.431,0.13090
2825.503,0.12968
2823.574,0.12858
2821.645,0.12779
2819.716,0.12729
2817.788,0.12696
2815.859,0.12680
2813.930,0.12683
2812.002,0.12696
2810.073,0.12705
2808.144,0.12705
2806.216,0.12701
2804.287,0.12692
2802.358,0.12661
2800.430,0.12597
2798.501,0.12508
2796.572,0.12412
2794.644,0.12320
2792.715,0.12230
2790.786,0.12148
2788.858,0.12086
2786.929,0.12044
2785.000,0.12009
2783.072,0.11974
2781.143,0.11945
2779.214,0.11928
2777.286,0.11919
2775.357,0.11910
2773.428,0.11902
2771.500,0.11903
2769.571,0.11910
2767.642,0.11912
2765.714,0.11907
2763.785,0.11909
2761.856,0.11926
2759.928,0.11955
2757.999,0.11987
2756.070,0.12023
2754.142,0.12065
2752.213,0.12114
2750.284,0.12159
2748.356,0.12189
2746.427,0.12188
2744.498,0.12154
2742.570,0.12090
2740.641,0.12009
2738.712,0.11932
2736.784,0.11871
2734.855,0.11823
2732.926,0.11777
2730.998,0.11731
2729.069,0.11695
2727.140,0.11666
2725.212,0.11636
2723.283,0.11602
2721.354,0.11574
2719.426,0.11558
2717.497,0.11545
2715.568,0.11526
2713.640,0.11509
2711.711,0.11502
2709.782,0.11500
2707.854,0.11496
2705.925,0.11489
2703.996,0.11487
2702.068,0.11489
2700.139,0.11483
2698.210,0.11468
2696.282,0.11456
2694.353,0.11457
2692.424,0.11461
2690.496,0.11461
2688.567,0.11460
2686.638,0.11464
2684.710,0.11469
2682.781,0.11463
2680.852,0.11448
2678.924,0.11439
2676.995,0.11444
2675.066,0.11449
2673.138,0.11442
2671.209,0.11427
2669.280,0.11411
2667.352,0.11393
2665.423,0.11364
2663.494,0.11330
2661.566,0.11302
2659.637,0.11279
2657.708,0.11256
2655.779,0.11228
2653.851,0.11202
2651.922,0.11185
2649.993,0.11170
2648.065,0.11154
2646.136,0.11140
2644.207,0.11132
2642.279,0.11129
2640.350,0.11123
2638.421,0.11112
2636.493,0.11106
2634.564,0.11107
2632.635,0.11111
2630.707,0.11113
2628.778,0.11116
2626.849,0.11130
2624.921,0.11150
2622.992,0.11164
2621.063,0.11170
2619.135,0.11175
2617.206,0.11181
2615.277,0.11182
2613.349,0.11174
2611.420,0.11167
2609.491,0.11168
2607.563,0.11174
2605.634,0.11178
2603.705,0.11174
2601.777,0.11168
2599.848,0.11160
2597.919,0.11147
2595.991,0.11130
2594.062,0.11118
2592.133,0.11115
2590.205,0.11117
2588.276,0.11118
2586.347,0.11116
2584.419,0.11116
2582.490,0.11114
2580.561,0.11101
2578.633,0.11075
2576.704,0.11042
2574.775,0.11010
2572.847,0.10979
2570.918,0.10947
2568.989,0.10915
2567.061,0.10886
2565.132,0.10861
2563.203,0.10834
2561.275,0.10803
2559.346,0.10773
2557.417,0.10749
2555.489,0.10734
2553.560,0.10724
2551.631,0.10722
2549.703,0.10730
2547.774,0.10748
2545.845,0.10765
2543.917,0.10772
2541.988,0.10769
2540.059,0.10759
2538.131,0.10747
2536.202,0.10728
2534.273,0.10700
2532.345,0.10671
2530.416,0.10648
2528.487,0.10629
2526.559,0.10607
2524.630,0.10586
2522.701,0.10574
2520.773,0.10570
2518.844,0.10568
2516.915,0.10564
2514.987,0.10567
2513.058,0.10582
2511.129,0.10602
2509.201,0.10618
2507.272,0.10630
2505.343,0.10646
2503.415,0.10668
2501.486,0.10681
2499.557,0.10680
2497.628,0.10673
2495.700,0.10673
2493.771,0.10678
2491.842,0.10677
2489.914,0.10677
2487.985,0.10690
2486.056,0.10715
2484.128,0.10734
2482.199,0.10736
2480.270,0.10732
2478.342,0.10733
2476.413,0.10737
2474.484,0.10732
2472.556,0.10726
2470.627,0.10728
2468.698,0.10731
2466.770,0.10719
2464.841,0.10692
2462.912,0.10666
2460.984,0.10653
2459.055,0.10643
2457.126,0.10627
2455.198,0.10613
2453.269,0.10608
2451.340,0.10601
2449.412,0.10578
2447.483,0.10544
2445.554,0.10514
2443.626,0.10495
2441.697,0.10472
2439.768,0.10439
2437.840,0.10413
2435.911,0.10409
2433.982,0.10419
2432.054,0.10425
2430.125,0.10428
2428.196,0.10440
2426.268,0.10465
2424.339,0.10481
2422.410,0.10476
2420.482,0.10460
2418.553,0.10444
2416.624,0.10422
2414.696,0.10391
2412.767,0.10362
2410.838,0.10353
2408.910,0.10358
2406.981,0.10355
2405.052,0.10338
2403.124,0.10322
2401.195,0.10314
2399.266,0.10307
2397.338,0.10295
2395.409,0.10288
2393.480,0.10298
2391.552,0.10319
2389.623,0.10338
2387.694,0.10357
2385.766,0.10389
2383.837,0.10431
2381.908,0.10464
2379.980,0.10479
2378.051,0.10484
2376.122,0.10483
2374.194,0.10468
2372.265,0.10432
2370.336,0.10394
2368.408,0.10371
2366.479,0.10360
2364.550,0.10345
2362.622,0.10329
2360.693,0.10324
2358.764,0.10332
2356.836,0.10337
2354.907,0.10331
2352.978,0.10327
2351.050,0.10331
2349.121,0.10331
2347.192,0.10314
2345.264,0.10283
2343.335,0.10252
2341.406,0.10218
2339.478,0.10168
2337.549,0.10107
2335.620,0.10053
2333.691,0.10017
2331.763,0.09986
2329.834,0.09954
2327.905,0.09930
2325.977,0.09925
2324.048,0.09927
2322.119,0.09919
2320.191,0.09909
2318.262,0.09913
2316.333,0.09930
2314.405,0.09941
2312.476,0.09944
2310.547,0.09961
2308.619,0.10000
2306.690,0.10039
2304.761,0.10060
2302.833,0.10074
2300.904,0.10097
2298.975,0.10116
2297.047,0.10105
2295.118,0.10069
2293.189,0.10036
2291.261,0.10015
2289.332,0.09986
2287.403,0.09945
2285.475,0.09914
2283.546,0.09908
2281.617,0.09908
2279.689,0.09889
2277.760,0.09861
2275.831,0.09851
2273.903,0.09858
2271.974,0.09856
2270.045,0.09837
2268.117,0.09825
2266.188,0.09831
2264.259,0.09831
2262.331,0.09806
2260.402,0.09774
2258.473,0.09764
2256.545,0.09768
2254.616,0.09757
2252.687,0.09727
2250.759,0.09705
2248.830,0.09701
2246.901,0.09692
2244.973,0.09663
2243.044,0.09632
2241.115,0.09621
2239.187,0.09620
2237.258,0.09604
2235.329,0.09576
2233.401,0.09562
2231.472,0.09562
2229.543,0.09552
2227.615,0.09525
2225.686,0.09503
2223.757,0.09502
2221.829,0.09505
2219.900,0.09493
2217.971,0.09473
2216.043,0.09469
2214.114,0.09477
2212.185,0.09477
2210.257,0.09463
2208.328,0.09456
2206.399,0.09468
2204.471,0.09485
2202.542,0.09493
2200.613,0.09502
2198.685,0.09527
2196.756,0.09556
2194.827,0.09566
2192.899,0.09558
2190.970,0.09549
2189.041,0.09548
2187.113,0.09538
2185.184,0.09515
2183.255,0.09496
2181.327,0.09493
2179.398,0.09493
2177.469,0.09481
2175.540,0.09468
2173.612,0.09469
2171.683,0.09480
2169.754,0.09482
2167.826,0.09478
2165.897,0.09480
2163.968,0.09489
2162.040,0.09489
2160.111,0.09474
2158.182,0.09457
2156.254,0.09447
2154.325,0.09435
2152.396,0.09412
2150.468,0.09389
2148.539,0.09380
2146.610,0.09379
2144.682,0.09370
2142.753,0.09353
2140.824,0.09343
2138.896,0.09346
2136.967,0.09346
2135.038,0.09337
2133.110,0.09333
2131.181,0.09345
2129.252,0.09357
2127.324,0.09350
2125.395,0.09329
2123.466,0.09314
2121.538,0.09311
2119.609,0.09302
2117.680,0.09283
2115.752,0.09271
2113.823,0.09277
2111.894,0.09283
2109.966,0.09272
2108.037,0.09254
2106.108,0.09253
2104.180,0.09264
2102.251,0.09264
2100.322,0.09246
2098.394,0.09228
2096.465,0.09224
2094.536,0.09218
2092.608,0.09195
2090.679,0.09163
2088.750,0.09141
2086.822,0.09128
2084.893,0.09110
2082.964,0.09084
2081.036,0.09073
2079.107,0.09087
2077.178,0.09114
2075.250,0.09137
2073.321,0.09159
2071.392,0.09192
2069.464,0.09231
2067.535,0.09257
2065.606,0.09261
2063.678,0.09253
2061.749,0.09246
2059.820,0.09236
2057.892,0.09216
2055.963,0.09191
2054.034,0.09174
2052.106,0.09161
2050.177,0.09144
2048.248,0.09121
2046.320,0.09102
2044.391,0.09094
2042.462,0.09093
2040.534,0.09091
2038.605,0.09092
2036.676,0.09103
2034.748,0.09122
2032.819,0.09140
2030.890,0.09156
2028.962,0.09171
2027.033,0.09185
2025.104,0.09193
2023.176,0.09189
2021.247,0.09174
2019.318,0.09158
2017.390,0.09149
2015.461,0.09145
2013.532,0.09146
2011.603,0.09149
2009.675,0.09157
2007.746,0.09168
2005.817,0.09179
2003.889,0.09182
2001.960,0.09177
2000.031,0.09170
1998.103,0.09167
1996.174,0.09163
1994.245,0.09159
1992.317,0.09157
1990.388,0.09164
1988.459,0.09179
1986.531,0.09196
1984.602,0.09214
1982.673,0.09231
1980.745,0.09247
1978.816,0.09258
1976.887,0.09262
1974.959,0.09264
1973.030,0.09270
1971.101,0.09278
1969.173,0.09283
1967.244,0.09283
1965.315,0.09282
1963.387,0.09288
1961.458,0.09296
1959.529,0.09298
1957.601,0.09296
1955.672,0.09293
1953.743,0.09292
1951.815,0.09294
1949.886,0.09296
1947.957,0.09298
1946.029,0.09304
1944.100,0.09310
1942.171,0.09312
1940.243,0.09308
1938.314,0.09301
1936.385,0.09295
1934.457,0.09290
1932.528,0.09284
1930.599,0.09279
1928.671,0.09278
1926.742,0.09283
1924.813,0.09293
1922.885,0.09305
1920.956,0.09316
1919.027,0.09325
1917.099,0.09333
1915.170,0.09337
1913.241,0.09335
1911.313,0.09329
1909.384,0.09322
1907.455,0.09314
1905.527,0.09306
1903.598,0.09296
1901.669,0.09286
1899.741,0.09280
1897.812,0.09279
1895.883,0.09280
1893.955,0.09283
1892.026,0.09295
1890.097,0.09314
1888.169,0.09335
1886.240,0.09356
1884.311,0.09376
1882.383,0.09398
1880.454,0.09421
1878.525,0.09439
1876.597,0.09450
1874.668,0.09459
1872.739,0.09468
1870.811,0.09473
1868.882,0.09474
1866.953,0.09476
1865.025,0.09481
1863.096,0.09487
1861.167,0.09487
1859.239,0.09481
1857.310,0.09474
1855.381,0.09468
1853.452,0.09462
1851.524,0.09458
1849.595,0.09463
1847.666,0.09483
1845.738,0.09509
1843.809,0.09534
1841.880,0.09556
1839.952,0.09581
1838.023,0.09609
1836.094,0.09631
1834.166,0.09644
1832.237,0.09659
1830.308,0.09681
1828.380,0.09707
1826.451,0.09730
1824.522,0.09755
1822.594,0.09787
1820.665,0.09825
1818.736,0.09862
1816.808,0.09898
1814.879,0.09940
1812.950,0.09992
1811.022,0.10041
1809.093,0.10080
1807.164,0.10113
1805.236,0.10147
1803.307,0.10177
1801.378,0.10197
1799.450,0.10210
1797.521,0.10228
1795.592,0.10256
1793.664,0.10285
1791.735,0.10311
1789.806,0.10342
1787.878,0.10388
1785.949,0.10444
1784.020,0.10502
1782.092,0.10561
1780.163,0.10633
1778.234,0.10718
1776.306,0.10802
1774.377,0.10871
1772.448,0.10928
1770.520,0.10978
1768.591,0.11017
1766.662,0.11041
1764.734,0.11064
1762.805,0.11107
1760.876,0.11177
1758.948,0.11266
1757.019,0.11371
1755.090,0.11513
1753.162,0.11721
1751.233,0.12011
1749.304,0.12402
1747.376,0.12910
1745.447,0.13524
1743.518,0.14162
1741.590,0.14682
1739.661,0.14953
1737.732,0.14937
1735.804,0.14689
1733.875,0.14306
1731.946,0.13885
1730.018,0.13505
1728.089,0.13218
1726.160,0.13034
1724.232,0.12927
1722.303,0.12868
1720.374,0.12851
1718.446,0.12877
1716.517,0.12931
1714.588,0.12990
1712.660,0.13047
1710.731,0.13111
1708.802,0.13183
1706.874,0.13248
1704.945,0.13298
1703.016,0.13344
1701.088,0.13401
1699.159,0.13463
1697.230,0.13519
1695.302,0.13574
1693.373,0.13645
1691.444,0.13734
1689.515,0.13821
1687.587,0.13894
1685.658,0.13967
1683.729,0.14060
1681.801,0.14169
1679.872,0.14274
1677.943,0.14379
1676.015,0.14499
1674.086,0.14637
1672.157,0.14779
1670.229,0.14917
1668.300,0.15067
1666.371,0.15240
1664.443,0.15429
1662.514,0.15623
1660.585,0.15822
1658.657,0.16039
1656.728,0.16277
1654.799,0.16527
1652.871,0.16787
1650.942,0.17062
1649.013,0.17351
1647.085,0.17636
1645.156,0.17898
1643.227,0.18141
1641.299,0.18386
1639.370,0.18645
1637.441,0.18925
1635.513,0.19240
1633.584,0.19606
1631.655,0.20024
1629.727,0.20486
1627.798,0.20982
1625.869,0.21522
1623.941,0.22112
1622.012,0.22754
1620.083,0.23457
1618.155,0.24241
1616.226,0.25126
1614.297,0.26120
1612.369,0.27253
1610.440,0.28610
1608.511,0.30329
1606.583,0.32585
1604.654,0.35517
1602.725,0.39056
1600.797,0.42688
1598.868,0.45545
1596.939,0.47199
1595.011,0.48082
1593.082,0.48365
1591.153,0.47106
1589.225,0.43785
1587.296,0.39660
1585.367,0.36429
1583.439,0.34906
1581.510,0.35167
1579.581,0.36899
1577.653,0.39378
1575.724,0.41484
1573.795,0.42172
1571.867,0.41022
1569.938,0.38271
1568.009,0.34554
1566.081,0.30606
1564.152,0.26955
1562.223,0.23811
1560.295,0.21188
1558.366,0.19085
1556.437,0.17552
1554.509,0.16629
1552.580,0.16302
1550.651,0.16543
1548.723,0.17416
1546.794,0.19085
1544.865,0.21696
1542.937,0.25068
1541.008,0.28384
1539.079,0.30709
1537.151,0.32165
1535.222,0.33483
1533.293,0.34388
1531.364,0.33778
1529.436,0.31447
1527.507,0.28347
1525.578,0.25412
1523.650,0.23005
1521.721,0.21133
1519.792,0.19679
1517.864,0.18512
1515.935,0.17541
1514.006,0.16736
1512.078,0.16084
1510.149,0.15545
1508.220,0.15064
1506.292,0.14613
1504.363,0.14196
1502.434,0.13815
1500.506,0.13475
1498.577,0.13206
1496.648,0.13029
1494.720,0.12912
1492.791,0.12797
1490.862,0.12665
1488.934,0.12547
1487.005,0.12486
1485.076,0.12494
1483.148,0.12584
1481.219,0.12782
1479.290,0.13096
1477.362,0.13495
1475.433,0.13968
1473.504,0.14562
1471.576,0.15371
1469.647,0.16493
1467.718,0.18074
1465.790,0.20401
1463.861,0.23725
1461.932,0.27457
1460.004,0.29655
1458.075,0.28580
1456.146,0.24913
1454.218,0.20816
1452.289,0.17696
1450.360,0.15834
1448.432,0.15028
1446.503,0.15052
1444.574,0.15758
1442.646,0.17084
1440.717,0.19034
1438.788,0.21512
1436.860,0.23996
1434.931,0.25531
1433.002,0.25566
1431.074,0.24669
1429.145,0.23932
1427.216,0.24047
1425.288,0.24835
1423.359,0.25105
1421.430,0.23628
1419.502,0.20767
1417.573,0.18004
1415.644,0.16227
1413.716,0.15441
1411.787,0.15351
1409.858,0.15688
1407.930,0.16302
1406.001,0.17173
1404.072,0.18349
1402.144,0.19905
1400.215,0.21964
1398.286,0.24624
1396.358,0.27732
1394.429,0.30781
1392.500,0.33191
1390.572,0.34509
1388.643,0.34278
1386.714,0.32339
1384.786,0.29212
1382.857,0.25784
1380.928,0.22863
1379.000,0.20901
1377.071,0.19626
1375.142,0.18177
1373.214,0.16268
1371.285,0.14588
1369.356,0.13710
1367.427,0.13539
1365.499,0.13789
1363.570,0.14392
1361.641,0.15445
1359.713,0.17026
1357.784,0.19155
1355.855,0.21696
1353.927,0.24083
1351.998,0.25331
1350.069,0.24828
1348.141,0.23068
1346.212,0.21113
1344.283,0.19629
1342.355,0.18716
1340.426,0.18311
1338.497,0.18368
1336.569,0.18707
1334.640,0.19091
1332.711,0.19520
1330.783,0.20232
1328.854,0.21411
1326.925,0.23005
1324.997,0.24749
1323.068,0.26279
1321.139,0.27318
1319.211,0.27896
1317.282,0.28342
1315.353,0.28967
1313.425,0.29659
1311.496,0.29824
1309.567,0.28886
1307.639,0.26920
1305.710,0.24588
1303.781,0.22538
1301.853,0.21049
1299.924,0.20106
1297.995,0.19616
1296.067,0.19521
1294.138,0.19773
1292.209,0.20322
1290.281,0.21160
1288.352,0.22366
1286.423,0.24077
1284.495,0.26480
1282.566,0.29861
1280.637,0.34534
1278.709,0.40372
1276.780,0.46213
1274.851,0.50492
1272.923,0.53154
1270.994,0.55286
1269.065,0.56593
1267.137,0.55370
1265.208,0.51124
1263.279,0.45429
1261.351,0.40036
1259.422,0.35623
1257.493,0.32114
1255.565,0.29312
1253.636,0.27178
1251.707,0.25769
1249.779,0.24985
1247.850,0.24460
1245.921,0.23951
1243.993,0.23697
1242.064,0.24129
1240.135,0.25436
1238.207,0.27397
1236.278,0.29369
1234.349,0.30575
1232.421,0.30641
1230.492,0.29810
1228.563,0.28630
1226.635,0.27624
1224.706,0.27184
1222.777,0.27519
1220.849,0.28466
1218.920,0.29362
1216.991,0.29409
1215.063,0.28378
1213.134,0.26705
1211.205,0.24938
1209.277,0.23357
1207.348,0.21997
1205.419,0.20816
1203.490,0.19805
1201.562,0.18969
1199.633,0.18271
1197.704,0.17651
1195.776,0.17094
1193.847,0.16623
1191.918,0.16231
1189.990,0.15873
1188.061,0.15530
1186.132,0.15232
1184.204,0.14992
1182.275,0.14766
1180.346,0.14515
1178.418,0.14261
1176.489,0.14043
1174.560,0.13838
1172.632,0.13597
1170.703,0.13324
1168.774,0.13064
1166.846,0.12824
1164.917,0.12568
1162.988,0.12293
1161.060,0.12044
1159.131,0.11842
1157.202,0.11644
1155.274,0.11413
1153.345,0.11179
1151.416,0.10979
1149.488,0.10791
1147.559,0.10574
1145.630,0.10343
1143.702,0.10150
1141.773,0.10005
1139.844,0.09869
1137.916,0.09736
1135.987,0.09650
1134.058,0.09636
1132.130,0.09642
1130.201,0.09595
1128.272,0.09479
1126.344,0.09326
1124.415,0.09148
1122.486,0.08938
1120.558,0.08723
1118.629,0.08553
1116.700,0.08434
1114.772,0.08315
1112.843,0.08181
1110.914,0.08072
1108.986,0.08013
1107.057,0.07972
1105.128,0.07908
1103.200,0.07841
1101.271,0.07808
1099.342,0.07800
1097.414,0.07776
1095.485,0.07741
1093.556,0.07738
1091.628,0.07785
1089.699,0.07843
1087.770,0.07883
1085.842,0.07912
1083.913,0.07938
1081.984,0.07939
1080.056,0.07898
1078.127,0.07852
1076.198,0.07847
1074.270,0.07886
1072.341,0.07949
1070.412,0.08044
1068.484,0.08207
1066.555,0.08447
1064.626,0.08746
1062.698,0.09092
1060.769,0.09501
1058.840,0.09994
1056.912,0.10587
1054.983,0.11321
1053.054,0.12286
1051.126,0.13598
1049.197,0.15388
1047.268,0.17867
1045.339,0.21352
1043.411,0.25876
1041.482,0.30236
1039.553,0.31958
1037.625,0.30029
1035.696,0.26281
1033.767,0.22651
1031.839,0.19781
1029.910,0.17786
1027.981,0.16686
1026.053,0.16352
1024.124,0.16551
1022.195,0.17012
1020.267,0.17444
1018.338,0.17558
1016.409,0.17162
1014.481,0.16281
1012.552,0.15129
1010.623,0.13943
1008.695,0.12831
1006.766,0.11790
1004.837,0.10828
1002.909,0.10020
1000.980,0.09414
999.051,0.08951
997.123,0.08547
995.194,0.08224
993.265,0.08043
991.337,0.07966
989.408,0.07894
987.479,0.07827
985.551,0.07857
983.622,0.08003
981.693,0.08170
979.765,0.08318
977.836,0.08538
975.907,0.08904
973.979,0.09353
972.050,0.09802
970.121,0.10292
968.193,0.10928
966.264,0.11701
964.335,0.12517
962.407,0.13372
960.478,0.14385
958.549,0.15621
956.621,0.17025
954.692,0.18546
952.763,0.20242
950.835,0.22114
948.906,0.23809
946.977,0.24729
945.049,0.24664
943.120,0.24058
941.191,0.23529
939.263,0.23460
937.334,0.24070
935.405,0.25590
933.477,0.28227
931.548,0.32018
929.619,0.36624
927.691,0.41051
925.762,0.43813
923.833,0.44128
921.905,0.42853
919.976,0.41474
918.047,0.40751
916.119,0.40518
914.190,0.40192
912.261,0.39288
910.333,0.37669
908.404,0.35514
906.475,0.33115
904.547,0.30715
902.618,0.28465
900.689,0.26447
898.761,0.24671
896.832,0.23095
894.903,0.21693
892.975,0.20510
891.046,0.19681
889.117,0.19491
887.189,0.20383
885.260,0.22444
883.331,0.24640
881.402,0.25371
879.474,0.24301
877.545,0.22453
875.616,0.20702
873.688,0.19259
871.759,0.18043
869.830,0.16991
867.902,0.16103
865.973,0.15347
864.044,0.14657
862.116,0.14027
860.187,0.13558
858.258,0.13451
856.330,0.14006
854.401,0.15140
852.472,0.16017
850.544,0.16220
848.615,0.16574
846.686,0.17726
844.758,0.19029
842.829,0.19286
840.900,0.18181
838.972,0.16465
837.043,0.14886
835.114,0.13711
833.186,0.12925
831.257,0.12365
829.328,0.11876
827.400,0.11457
825.471,0.11170
823.542,0.10970
821.614,0.10750
819.685,0.10500
817.756,0.10316
815.828,0.10216
813.899,0.10089
811.970,0.09876
810.042,0.09672
808.113,0.09576
806.184,0.09546
804.256,0.09516
802.327,0.09588
800.398,0.09948
798.470,0.10692
796.541,0.11882
794.612,0.13749
792.684,0.16678
790.755,0.20818
788.826,0.25588
786.898,0.29779
784.969,0.32503
783.040,0.33560
781.112,0.32721
779.183,0.29956
777.254,0.26207
775.326,0.22690
773.397,0.19924
771.468,0.17792
769.540,0.16077
767.611,0.14718
765.682,0.13696
763.754,0.12935
761.825,0.12530
759.896,0.13034
757.968,0.15235
756.039,0.18898
754.110,0.21698
752.182,0.21408
750.253,0.18989
748.324,0.16600
746.396,0.15027
744.467,0.14184
742.538,0.14031
740.610,0.14482
738.681,0.15005
736.752,0.14961
734.824,0.14333
732.895,0.13587
730.966,0.12988
729.038,0.12484
727.109,0.12026
725.180,0.11663
723.251,0.11403
721.323,0.11154
719.394,0.10866
717.465,0.10610
715.537,0.10451
713.608,0.10326
711.679,0.10149
709.751,0.09957
707.822,0.09827
705.893,0.09738
703.965,0.09609
702.036,0.09446
700.107,0.09327
698.179,0.09262
696.250,0.09180
694.321,0.09055
692.393,0.08951
690.464,0.08902
688.535,0.08853
686.607,0.08765
684.678,0.08686
682.749,0.08685
680.821,0.08751
678.892,0.08862
676.963,0.09069
675.035,0.09424
673.106,0.09814
671.177,0.09997
669.249,0.09865
667.320,0.09544
665.391,0.09191
663.463,0.08858
661.534,0.08560
659.605,0.08337
657.677,0.08194
655.748,0.08079
653.819,0.07951
651.891,0.07842
649.962,0.07784
648.033,0.07747
646.105,0.07690
644.176,0.07636
642.247,0.07619
640.319,0.07603
638.390,0.07543
636.461,0.07473
634.533,0.07460
632.604,0.07498
630.675,0.07537
628.747,0.07601
626.818,0.07769
624.889,0.08054
622.961,0.08400
621.032,0.08812
619.103,0.09380
617.175,0.10191
615.246,0.11273
613.317,0.12668
611.389,0.14433
609.460,0.16452
607.531,0.18296
605.603,0.19447
603.674,0.19695
601.745,0.19235
599.817,0.18439
597.888,0.17762
595.959,0.17751
594.031,0.18604
592.102,0.19688
590.173,0.20214
588.245,0.20117
586.316,0.19547
584.387,0.18463
582.459,0.17013
580.530,0.15518
578.601,0.14216
576.673,0.13233
574.744,0.12522
572.815,0.11915
570.887,0.11351
568.958,0.10914
567.029,0.10627
565.101,0.10365
563.172,0.10049
561.243,0.09772
559.314,0.09616
557.386,0.09497
555.457,0.09312
553.528,0.09116
551.600,0.09016
549.671,0.08969
547.742,0.08843
545.814,0.08648
543.885,0.08531
541.956,0.08517
540.028,0.08470
538.099,0.08342
536.170,0.08246
534.242,0.08234
532.313,0.08198
530.384,0.08074
528.456,0.07973
526.527,0.07989
524.598,0.08015
522.670,0.07926
520.741,0.07809
518.812,0.07811
516.884,0.07890
514.955,0.07895
513.026,0.07838
511.098,0.07870
509.169,0.08027
507.240,0.08175
505.312,0.08265
503.383,0.08443
501.454,0.08799
499.526,0.09217
497.597,0.09604
495.668,0.10041
493.740,0.10593
491.811,0.11135
489.882,0.11510
487.954,0.11734
486.025,0.11899
484.096,0.11972
482.168,0.11859
480.239,0.11624
478.310,0.11429
476.382,0.11299
474.453,0.11164
472.524,0.11075
470.596,0.11264
468.667,0.11887
466.738,0.12812
464.810,0.13782
462.881,0.14599
460.952,0.15061
459.024,0.14976
457.095,0.14393
455.166,0.13641
453.238,0.13023
451.309,0.12554
449.380,0.12096
447.452,0.11636
445.523,0.11272
443.594,0.11006
441.666,0.10702
439.737,0.10318
437.808,0.10024
435.880,0.09941
433.951,0.09919
432.022,0.09760
430.094,0.09518
428.165,0.09393
426.236,0.09420
424.308,0.09482
422.379,0.09630
420.450,0.10036
418.522,0.10692
416.593,0.11583
414.664,0.12778
412.736,0.14150
410.807,0.15332
408.878,0.16031
406.950,0.16443
405.021,0.17059
403.092,0.18148
401.163,0.19618
399.235,0.21219
