7600.891,0.39482
7598.962,0.39490
7597.034,0.39487
7595.105,0.39454
7593.176,0.39430
7591.248,0.39438
7589.319,0.39439
7587.390,0.39407
7585.462,0.39372
7583.533,0.39357
7581.604,0.39344
7579.676,0.39316
7577.747,0.39287
7575.818,0.39279
7573.890,0.39288
7571.961,0.39296
7570.032,0.39298
7568.104,0.39286
7566.175,0.39262
7564.246,0.39236
7562.318,0.39216
7560.389,0.39208
7558.460,0.39192
7556.532,0.39159
7554.603,0.39135
7552.674,0.39139
7550.746,0.39150
7548.817,0.39138
7546.888,0.39114
7544.960,0.39113
7543.031,0.39117
7541.102,0.39098
7539.174,0.39063
7537.245,0.39025
7535.316,0.38993
7533.388,0.38976
7531.459,0.38974
7529.530,0.38984
7527.602,0.38987
7525.673,0.38971
7523.744,0.38946
7521.816,0.38918
7519.887,0.38899
7517.958,0.38902
7516.030,0.38908
7514.101,0.38894
7512.172,0.38879
7510.244,0.38870
7508.315,0.38853
7506.386,0.38826
7504.458,0.38799
7502.529,0.38781
7500.600,0.38775
7498.672,0.38780
7496.743,0.38770
7494.814,0.38732
7492.885,0.38704
7490.957,0.38718
7489.028,0.38745
7487.099,0.38746
7485.171,0.38703
7483.242,0.38642
7481.313,0.38600
7479.385,0.38589
7477.456,0.38604
7475.527,0.38623
7473.599,0.38618
7471.670,0.38590
7469.741,0.38558
7467.813,0.38544
7465.884,0.38553
7463.955,0.38555
7462.027,0.38531
7460.098,0.38501
7458.169,0.38478
7456.241,0.38456
7454.312,0.38435
7452.383,0.38428
7450.455,0.38429
7448.526,0.38421
7446.597,0.38413
7444.669,0.38414
7442.740,0.38409
7440.811,0.38386
7438.883,0.38358
7436.954,0.38333
7435.025,0.38294
7433.097,0.38247
7431.168,0.38233
7429.239,0.38244
7427.311,0.38242
7425.382,0.38236
7423.453,0.38246
7421.525,0.38261
7419.596,0.38253
7417.667,0.38213
7415.739,0.38179
7413.810,0.38178
7411.881,0.38177
7409.953,0.38150
7408.024,0.38119
7406.095,0.38097
7404.167,0.38074
7402.238,0.38058
7400.309,0.38060
7398.381,0.38067
7396.452,0.38053
7394.523,0.38020
7392.595,0.37996
7390.666,0.37999
7388.737,0.38009
7386.809,0.38011
7384.880,0.38015
7382.951,0.38017
7381.023,0.38000
7379.094,0.37964
7377.165,0.37922
7375.237,0.37883
7373.308,0.37857
7371.379,0.37857
7369.451,0.37877
7367.522,0.37892
7365.593,0.37882
7363.665,0.37837
7361.736,0.37793
7359.807,0.37781
7357.879,0.37785
7355.950,0.37785
7354.021,0.37775
7352.093,0.37759
7350.164,0.37742
7348.235,0.37725
7346.307,0.37712
7344.378,0.37700
7342.449,0.37684
7340.521,0.37671
7338.592,0.37663
7336.663,0.37652
7334.734,0.37640
7332.806,0.37628
7330.877,0.37614
7328.948,0.37597
7327.020,0.37575
7325.091,0.37565
7323.162,0.37565
7321.234,0.37559
7319.305,0.37547
7317.376,0.37536
7315.448,0.37524
7313.519,0.37516
7311.590,0.37519
7309.662,0.37530
7307.733,0.37527
7305.804,0.37494
7303.876,0.37450
7301.947,0.37419
7300.018,0.37413
7298.090,0.37418
7296.161,0.37410
7294.232,0.37392
7292.304,0.37379
7290.375,0.37370
7288.446,0.37356
7286.518,0.37339
7284.589,0.37324
7282.660,0.37320
7280.732,0.37316
7278.803,0.37299
7276.874,0.37280
7274.946,0.37262
7273.017,0.37229
7271.088,0.37195
7269.160,0.37181
7267.231,0.37177
7265.302,0.37180
7263.374,0.37179
7261.445,0.37159
7259.516,0.37138
7257.588,0.37141
7255.659,0.37152
7253.730,0.37139
7251.802,0.37102
7249.873,0.37056
7247.944,0.37024
7246.016,0.37014
7244.087,0.37001
7242.158,0.36982
7240.230,0.36984
7238.301,0.37004
7236.372,0.37009
7234.444,0.36995
7232.515,0.36980
7230.586,0.36976
7228.658,0.36971
7226.729,0.36957
7224.800,0.36943
7222.872,0.36944
7220.943,0.36949
7219.014,0.36936
7217.086,0.36904
7215.157,0.36869
7213.228,0.36846
7211.300,0.36838
7209.371,0.36837
7207.442,0.36831
7205.514,0.36815
7203.585,0.36796
7201.656,0.36770
7199.728,0.36739
7197.799,0.36720
7195.870,0.36718
7193.942,0.36716
7192.013,0.36695
7190.084,0.36662
7188.156,0.36656
7186.227,0.36677
7184.298,0.36680
7182.370,0.36658
7180.441,0.36634
7178.512,0.36609
7176.584,0.36585
7174.655,0.36567
7172.726,0.36560
7170.797,0.36560
7168.869,0.36561
7166.940,0.36554
7165.011,0.36533
7163.083,0.36502
7161.154,0.36478
7159.225,0.36466
7157.297,0.36453
7155.368,0.36444
7153.439,0.36444
7151.511,0.36428
7149.582,0.36398
7147.653,0.36380
7145.725,0.36367
7143.796,0.36340
7141.867,0.36318
7139.939,0.36310
7138.010,0.36305
7136.081,0.36300
7134.153,0.36301
7132.224,0.36296
7130.295,0.36275
7128.367,0.36258
7126.438,0.36254
7124.509,0.36247
7122.581,0.36234
7120.652,0.36227
7118.723,0.36218
7116.795,0.36203
7114.866,0.36193
7112.937,0.36192
7111.009,0.36180
7109.080,0.36157
7107.151,0.36135
7105.223,0.36113
7103.294,0.36089
7101.365,0.36069
7099.437,0.36064
7097.508,0.36072
7095.579,0.36068
7093.651,0.36048
7091.722,0.36023
7089.793,0.36000
7087.865,0.35985
7085.936,0.35981
7084.007,0.35981
7082.079,0.35975
7080.150,0.35966
7078.221,0.35961
7076.293,0.35951
7074.364,0.35930
7072.435,0.35912
7070.507,0.35904
7068.578,0.35899
7066.649,0.35887
7064.721,0.35868
7062.792,0.35846
7060.863,0.35823
7058.935,0.35805
7057.006,0.35787
7055.077,0.35773
7053.149,0.35774
7051.220,0.35769
7049.291,0.35750
7047.363,0.35733
7045.434,0.35724
7043.505,0.35725
7041.577,0.35722
7039.648,0.35702
7037.719,0.35678
7035.791,0.35668
7033.862,0.35665
7031.933,0.35654
7030.005,0.35630
7028.076,0.35596
7026.147,0.35566
7024.219,0.35556
7022.290,0.35558
7020.361,0.35554
7018.433,0.35539
7016.504,0.35524
7014.575,0.35516
7012.646,0.35513
7010.718,0.35503
7008.789,0.35485
7006.860,0.35470
7004.932,0.35465
7003.003,0.35469
7001.074,0.35460
6999.146,0.35431
6997.217,0.35400
6995.288,0.35387
6993.360,0.35392
6991.431,0.35397
6989.502,0.35390
6987.574,0.35374
6985.645,0.35358
6983.716,0.35348
6981.788,0.35341
6979.859,0.35324
6977.930,0.35296
6976.002,0.35279
6974.073,0.35275
6972.144,0.35270
6970.216,0.35258
6968.287,0.35245
6966.358,0.35235
6964.430,0.35229
6962.501,0.35222
6960.572,0.35212
6958.644,0.35189
6956.715,0.35152
6954.786,0.35126
6952.858,0.35121
6950.929,0.35112
6949.000,0.35094
6947.072,0.35086
6945.143,0.35081
6943.214,0.35063
6941.286,0.35047
6939.357,0.35040
6937.428,0.35029
6935.500,0.35008
6933.571,0.34989
6931.642,0.34980
6929.714,0.34974
6927.785,0.34961
6925.856,0.34936
6923.928,0.34914
6921.999,0.34901
6920.070,0.34885
6918.142,0.34875
6916.213,0.34879
6914.284,0.34879
6912.356,0.34863
6910.427,0.34838
6908.498,0.34821
6906.570,0.34812
6904.641,0.34801
6902.712,0.34792
6900.784,0.34782
6898.855,0.34761
6896.926,0.34735
6894.998,0.34715
6893.069,0.34709
6891.140,0.34711
6889.212,0.34709
6887.283,0.34706
6885.354,0.34704
6883.426,0.34690
6881.497,0.34659
6879.568,0.34624
6877.640,0.34605
6875.711,0.34600
6873.782,0.34585
6871.854,0.34563
6869.925,0.34548
6867.996,0.34535
6866.068,0.34518
6864.139,0.34500
6862.210,0.34486
6860.282,0.34476
6858.353,0.34467
6856.424,0.34457
6854.496,0.34447
6852.567,0.34431
6850.638,0.34411
6848.709,0.34397
6846.781,0.34391
6844.852,0.34384
6842.923,0.34365
6840.995,0.34334
6839.066,0.34311
6837.137,0.34305
6835.209,0.34304
6833.280,0.34300
6831.351,0.34292
6829.423,0.34275
6827.494,0.34246
6825.565,0.34216
6823.637,0.34199
6821.708,0.34194
6819.779,0.34189
6817.851,0.34181
6815.922,0.34169
6813.993,0.34153
6812.065,0.34136
6810.136,0.34109
6808.207,0.34079
6806.279,0.34062
6804.350,0.34057
6802.421,0.34052
6800.493,0.34041
6798.564,0.34026
6796.635,0.34012
6794.707,0.33995
6792.778,0.33981
6790.849,0.33977
6788.921,0.33971
6786.992,0.33954
6785.063,0.33932
6783.135,0.33911
6781.206,0.33892
6779.277,0.33872
6777.349,0.33860
6775.420,0.33856
6773.491,0.33846
6771.563,0.33825
6769.634,0.33809
6767.705,0.33801
6765.777,0.33788
6763.848,0.33770
6761.919,0.33748
6759.991,0.33726
6758.062,0.33713
6756.133,0.33707
6754.205,0.33701
6752.276,0.33690
6750.347,0.33675
6748.419,0.33663
6746.490,0.33657
6744.561,0.33654
6742.633,0.33645
6740.704,0.33626
6738.775,0.33605
6736.847,0.33588
6734.918,0.33573
6732.989,0.33557
6731.061,0.33537
6729.132,0.33517
6727.203,0.33508
6725.275,0.33509
6723.346,0.33506
6721.417,0.33485
6719.489,0.33461
6717.560,0.33449
6715.631,0.33437
6713.703,0.33420
6711.774,0.33411
6709.845,0.33412
6707.917,0.33407
6705.988,0.33383
6704.059,0.33356
6702.131,0.33331
6700.202,0.33311
6698.273,0.33304
6696.345,0.33307
6694.416,0.33309
6692.487,0.33300
6690.558,0.33282
6688.630,0.33254
6686.701,0.33227
6684.772,0.33213
6682.844,0.33211
6680.915,0.33207
6678.986,0.33193
6677.058,0.33180
6675.129,0.33172
6673.200,0.33161
6671.272,0.33144
6669.343,0.33123
6667.414,0.33108
6665.486,0.33103
6663.557,0.33093
6661.628,0.33072
6659.700,0.33056
6657.771,0.33049
6655.842,0.33040
6653.914,0.33025
6651.985,0.33010
6650.056,0.32998
6648.128,0.32983
6646.199,0.32959
6644.270,0.32942
6642.342,0.32938
6640.413,0.32933
6638.484,0.32925
6636.556,0.32920
6634.627,0.32907
6632.698,0.32887
6630.770,0.32874
6628.841,0.32869
6626.912,0.32864
6624.984,0.32854
6623.055,0.32847
6621.126,0.32838
6619.198,0.32817
6617.269,0.32788
6615.340,0.32771
6613.412,0.32765
6611.483,0.32756
6609.554,0.32742
6607.626,0.32724
6605.697,0.32709
6603.768,0.32702
6601.840,0.32696
6599.911,0.32683
6597.982,0.32670
6596.054,0.32656
6594.125,0.32640
6592.196,0.32625
6590.268,0.32611
6588.339,0.32601
6586.410,0.32586
6584.482,0.32560
6582.553,0.32536
6580.624,0.32527
6578.696,0.32524
6576.767,0.32514
6574.838,0.32501
6572.910,0.32490
6570.981,0.32483
6569.052,0.32473
6567.124,0.32457
6565.195,0.32446
6563.266,0.32442
6561.338,0.32434
6559.409,0.32421
6557.480,0.32416
6555.552,0.32421
6553.623,0.32425
6551.694,0.32421
6549.766,0.32415
6547.837,0.32409
6545.908,0.32390
6543.980,0.32355
6542.051,0.32317
6540.122,0.32287
6538.194,0.32269
6536.265,0.32253
6534.336,0.32232
6532.408,0.32207
6530.479,0.32187
6528.550,0.32170
6526.621,0.32151
6524.693,0.32128
6522.764,0.32111
6520.835,0.32100
6518.907,0.32091
6516.978,0.32081
6515.049,0.32061
6513.121,0.32034
6511.192,0.32011
6509.263,0.31998
6507.335,0.31988
6505.406,0.31975
6503.477,0.31960
6501.549,0.31946
6499.620,0.31931
6497.691,0.31916
6495.763,0.31908
6493.834,0.31895
6491.905,0.31874
6489.977,0.31857
6488.048,0.31852
6486.119,0.31846
6484.191,0.31833
6482.262,0.31816
6480.333,0.31803
6478.405,0.31789
6476.476,0.31773
6474.547,0.31759
6472.619,0.31750
6470.690,0.31743
6468.761,0.31734
6466.833,0.31722
6464.904,0.31706
6462.975,0.31688
6461.047,0.31669
6459.118,0.31652
6457.189,0.31643
6455.261,0.31644
6453.332,0.31647
6451.403,0.31639
6449.475,0.31615
6447.546,0.31590
6445.617,0.31571
6443.689,0.31552
6441.760,0.31532
6439.831,0.31514
6437.903,0.31495
6435.974,0.31482
6434.045,0.31482
6432.117,0.31486
6430.188,0.31474
6428.259,0.31444
6426.331,0.31420
6424.402,0.31413
6422.473,0.31413
6420.545,0.31409
6418.616,0.31397
6416.687,0.31377
6414.759,0.31357
6412.830,0.31345
6410.901,0.31336
6408.973,0.31321
6407.044,0.31309
6405.115,0.31301
6403.187,0.31286
6401.258,0.31265
6399.329,0.31249
6397.401,0.31239
6395.472,0.31229
6393.543,0.31221
6391.615,0.31218
6389.686,0.31209
6387.757,0.31187
6385.829,0.31158
6383.900,0.31138
6381.971,0.31130
6380.043,0.31130
6378.114,0.31126
6376.185,0.31112
6374.257,0.31095
6372.328,0.31079
6370.399,0.31065
6368.471,0.31049
6366.542,0.31029
6364.613,0.31014
6362.684,0.31003
6360.756,0.30998
6358.827,0.30996
6356.898,0.30985
6354.970,0.30964
6353.041,0.30940
6351.112,0.30925
6349.184,0.30919
6347.255,0.30911
6345.326,0.30898
6343.398,0.30886
6341.469,0.30880
6339.540,0.30876
6337.612,0.30866
6335.683,0.30852
6333.754,0.30833
6331.826,0.30808
6329.897,0.30784
6327.968,0.30770
6326.040,0.30760
6324.111,0.30749
6322.182,0.30739
6320.254,0.30731
6318.325,0.30717
6316.396,0.30701
6314.468,0.30687
6312.539,0.30676
6310.610,0.30663
6308.682,0.30646
6306.753,0.30632
6304.824,0.30624
6302.896,0.30617
6300.967,0.30606
6299.038,0.30594
6297.110,0.30584
6295.181,0.30578
6293.252,0.30569
6291.324,0.30554
6289.395,0.30534
6287.466,0.30510
6285.538,0.30490
6283.609,0.30483
6281.680,0.30479
6279.752,0.30472
6277.823,0.30467
6275.894,0.30460
6273.966,0.30442
6272.037,0.30419
6270.108,0.30400
6268.180,0.30389
6266.251,0.30381
6264.322,0.30371
6262.394,0.30362
6260.465,0.30349
6258.536,0.30330
6256.608,0.30310
6254.679,0.30299
6252.750,0.30297
6250.822,0.30293
6248.893,0.30277
6246.964,0.30255
6245.036,0.30233
6243.107,0.30217
6241.178,0.30212
6239.250,0.30215
6237.321,0.30208
6235.392,0.30192
6233.464,0.30180
6231.535,0.30169
6229.606,0.30153
6227.678,0.30142
6225.749,0.30135
6223.820,0.30125
6221.892,0.30110
6219.963,0.30093
6218.034,0.30076
6216.106,0.30062
6214.177,0.30051
6212.248,0.30042
6210.320,0.30036
6208.391,0.30028
6206.462,0.30009
6204.533,0.29984
6202.605,0.29967
6200.676,0.29953
6198.747,0.29942
6196.819,0.29936
6194.890,0.29927
6192.961,0.29910
6191.033,0.29893
6189.104,0.29879
6187.175,0.29865
6185.247,0.29853
6183.318,0.29847
6181.389,0.29841
6179.461,0.29828
6177.532,0.29811
6175.603,0.29795
6173.675,0.29776
6171.746,0.29757
6169.817,0.29744
6167.889,0.29737
6165.960,0.29731
6164.031,0.29722
6162.103,0.29708
6160.174,0.29700
6158.245,0.29696
6156.317,0.29690
6154.388,0.29681
6152.459,0.29669
6150.531,0.29651
6148.602,0.29631
6146.673,0.29614
6144.745,0.29603
6142.816,0.29598
6140.887,0.29593
6138.959,0.29584
6137.030,0.29571
6135.101,0.29556
6133.173,0.29540
6131.244,0.29526
6129.315,0.29513
6127.387,0.29505
6125.458,0.29502
6123.529,0.29499
6121.601,0.29485
6119.672,0.29466
6117.743,0.29450
6115.815,0.29438
6113.886,0.29428
6111.957,0.29416
6110.029,0.29400
6108.100,0.29384
6106.171,0.29374
6104.243,0.29367
6102.314,0.29358
6100.385,0.29349
6098.457,0.29348
6096.528,0.29343
6094.599,0.29325
6092.671,0.29302
6090.742,0.29282
6088.813,0.29272
6086.885,0.29267
6084.956,0.29260
6083.027,0.29250
6081.099,0.29239
6079.170,0.29231
6077.241,0.29222
6075.313,0.29212
6073.384,0.29206
6071.455,0.29203
6069.527,0.29198
6067.598,0.29185
6065.669,0.29171
6063.741,0.29166
6061.812,0.29174
6059.883,0.29188
6057.955,0.29204
6056.026,0.29226
6054.097,0.29253
6052.169,0.29276
6050.240,0.29287
6048.311,0.29284
6046.383,0.29268
6044.454,0.29241
6042.525,0.29204
6040.596,0.29157
6038.668,0.29105
6036.739,0.29056
6034.810,0.29015
6032.882,0.28985
6030.953,0.28965
6029.024,0.28953
6027.096,0.28945
6025.167,0.28934
6023.238,0.28920
6021.310,0.28910
6019.381,0.28912
6017.452,0.28925
6015.524,0.28941
6013.595,0.28945
6011.666,0.28930
6009.738,0.28901
6007.809,0.28867
6005.880,0.28837
6003.952,0.28815
6002.023,0.28799
6000.094,0.28787
5998.166,0.28778
5996.237,0.28771
5994.308,0.28764
5992.380,0.28758
5990.451,0.28752
5988.522,0.28746
5986.594,0.28744
5984.665,0.28746
5982.736,0.28754
5980.808,0.28772
5978.879,0.28799
5976.950,0.28830
5975.022,0.28862
5973.093,0.28889
5971.164,0.28898
5969.236,0.28885
5967.307,0.28852
5965.378,0.28801
5963.450,0.28747
5961.521,0.28703
5959.592,0.28666
5957.664,0.28635
5955.735,0.28614
5953.806,0.28597
5951.878,0.28582
5949.949,0.28573
5948.020,0.28572
5946.092,0.28571
5944.163,0.28565
5942.234,0.28556
5940.306,0.28547
5938.377,0.28541
5936.448,0.28541
5934.520,0.28547
5932.591,0.28552
5930.662,0.28554
5928.734,0.28556
5926.805,0.28559
5924.876,0.28561
5922.948,0.28562
5921.019,0.28561
5919.090,0.28556
5917.162,0.28553
5915.233,0.28551
5913.304,0.28543
5911.376,0.28529
5909.447,0.28512
5907.518,0.28494
5905.590,0.28475
5903.661,0.28454
5901.732,0.28435
5899.804,0.28419
5897.875,0.28408
5895.946,0.28398
5894.018,0.28395
5892.089,0.28398
5890.160,0.28402
5888.232,0.28405
5886.303,0.28410
5884.374,0.28415
5882.445,0.28420
5880.517,0.28426
5878.588,0.28432
5876.659,0.28438
5874.731,0.28446
5872.802,0.28452
5870.873,0.28454
5868.945,0.28457
5867.016,0.28467
5865.087,0.28478
5863.159,0.28485
5861.230,0.28489
5859.301,0.28498
5857.373,0.28509
5855.444,0.28516
5853.515,0.28516
5851.587,0.28517
5849.658,0.28524
5847.729,0.28530
5845.801,0.28527
5843.872,0.28521
5841.943,0.28516
5840.015,0.28510
5838.086,0.28500
5836.157,0.28486
5834.229,0.28467
5832.300,0.28444
5830.371,0.28415
5828.443,0.28381
5826.514,0.28343
5824.585,0.28306
5822.657,0.28276
5820.728,0.28251
5818.799,0.28226
5816.871,0.28200
5814.942,0.28177
5813.013,0.28156
5811.085,0.28130
5809.156,0.28106
5807.227,0.28087
5805.299,0.28070
5803.370,0.28053
5801.441,0.28035
5799.513,0.28010
5797.584,0.27979
5795.655,0.27949
5793.727,0.27922
5791.798,0.27895
5789.869,0.27868
5787.941,0.27839
5786.012,0.27811
5784.083,0.27786
5782.155,0.27765
5780.226,0.27745
5778.297,0.27725
5776.369,0.27701
5774.440,0.27675
5772.511,0.27644
5770.583,0.27608
5768.654,0.27569
5766.725,0.27533
5764.797,0.27499
5762.868,0.27465
5760.939,0.27432
5759.011,0.27405
5757.082,0.27380
5755.153,0.27355
5753.225,0.27335
5751.296,0.27323
5749.367,0.27314
5747.439,0.27304
5745.510,0.27289
5743.581,0.27269
5741.653,0.27247
5739.724,0.27228
5737.795,0.27214
5735.867,0.27202
5733.938,0.27192
5732.009,0.27186
5730.081,0.27183
5728.152,0.27180
5726.223,0.27178
5724.295,0.27180
5722.366,0.27190
5720.437,0.27206
5718.508,0.27223
5716.580,0.27235
5714.651,0.27250
5712.722,0.27272
5710.794,0.27297
5708.865,0.27319
5706.936,0.27347
5705.008,0.27380
5703.079,0.27410
5701.150,0.27433
5699.222,0.27439
5697.293,0.27419
5695.364,0.27377
5693.436,0.27314
5691.507,0.27241
5689.578,0.27168
5687.650,0.27104
5685.721,0.27046
5683.792,0.26993
5681.864,0.26945
5679.935,0.26901
5678.006,0.26864
5676.078,0.26831
5674.149,0.26798
5672.220,0.26764
5670.292,0.26734
5668.363,0.26709
5666.434,0.26684
5664.506,0.26656
5662.577,0.26628
5660.648,0.26601
5658.720,0.26570
5656.791,0.26538
5654.862,0.26513
5652.934,0.26494
5651.005,0.26471
5649.076,0.26443
5647.148,0.26418
5645.219,0.26404
5643.290,0.26391
5641.362,0.26370
5639.433,0.26345
5637.504,0.26326
5635.576,0.26309
5633.647,0.26288
5631.718,0.26263
5629.790,0.26242
5627.861,0.26230
5625.932,0.26224
5624.004,0.26213
5622.075,0.26195
5620.146,0.26176
5618.218,0.26159
5616.289,0.26144
5614.360,0.26132
5612.432,0.26118
5610.503,0.26100
5608.574,0.26083
5606.646,0.26067
5604.717,0.26049
5602.788,0.26033
5600.860,0.26020
5598.931,0.26011
5597.002,0.25999
5595.074,0.25984
5593.145,0.25966
5591.216,0.25948
5589.288,0.25933
5587.359,0.25918
5585.430,0.25904
5583.502,0.25892
5581.573,0.25881
5579.644,0.25868
5577.716,0.25850
5575.787,0.25832
5573.858,0.25820
5571.930,0.25812
5570.001,0.25805
5568.072,0.25797
5566.144,0.25788
5564.215,0.25778
5562.286,0.25764
5560.357,0.25747
5558.429,0.25732
5556.500,0.25720
5554.571,0.25710
5552.643,0.25702
5550.714,0.25691
5548.785,0.25679
5546.857,0.25664
5544.928,0.25651
5542.999,0.25641
5541.071,0.25633
5539.142,0.25623
5537.213,0.25610
5535.285,0.25595
5533.356,0.25578
5531.427,0.25562
5529.499,0.25550
5527.570,0.25538
5525.641,0.25525
5523.713,0.25512
5521.784,0.25496
5519.855,0.25478
5517.927,0.25458
5515.998,0.25438
5514.069,0.25421
5512.141,0.25408
5510.212,0.25396
5508.283,0.25383
5506.355,0.25371
5504.426,0.25360
5502.497,0.25351
5500.569,0.25336
5498.640,0.25319
5496.711,0.25304
5494.783,0.25291
5492.854,0.25279
5490.925,0.25266
5488.997,0.25252
5487.068,0.25241
5485.139,0.25230
5483.211,0.25218
5481.282,0.25208
5479.353,0.25200
5477.425,0.25188
5475.496,0.25172
5473.567,0.25156
5471.639,0.25145
5469.710,0.25135
5467.781,0.25122
5465.853,0.25107
5463.924,0.25092
5461.995,0.25082
5460.067,0.25075
5458.138,0.25067
5456.209,0.25054
5454.281,0.25038
5452.352,0.25024
5450.423,0.25011
5448.495,0.24999
5446.566,0.24989
5444.637,0.24978
5442.709,0.24964
5440.780,0.24953
5438.851,0.24943
5436.923,0.24927
5434.994,0.24910
5433.065,0.24900
5431.137,0.24890
5429.208,0.24878
5427.279,0.24865
5425.351,0.24852
5423.422,0.24840
5421.493,0.24831
5419.565,0.24825
5417.636,0.24817
5415.707,0.24804
5413.779,0.24793
5411.850,0.24784
5409.921,0.24773
5407.993,0.24757
5406.064,0.24740
5404.135,0.24725
5402.207,0.24709
5400.278,0.24695
5398.349,0.24687
5396.420,0.24677
5394.492,0.24663
5392.563,0.24649
5390.634,0.24639
5388.706,0.24629
5386.777,0.24617
5384.848,0.24604
5382.920,0.24593
5380.991,0.24583
5379.062,0.24573
5377.134,0.24562
5375.205,0.24551
5373.276,0.24542
5371.348,0.24535
5369.419,0.24524
5367.490,0.24511
5365.562,0.24499
5363.633,0.24491
5361.704,0.24484
5359.776,0.24473
5357.847,0.24463
5355.918,0.24455
5353.990,0.24446
5352.061,0.24437
5350.132,0.24428
5348.204,0.24419
5346.275,0.24411
5344.346,0.24404
5342.418,0.24394
5340.489,0.24377
5338.560,0.24359
5336.632,0.24348
5334.703,0.24341
5332.774,0.24335
5330.846,0.24326
5328.917,0.24312
5326.988,0.24294
5325.060,0.24277
5323.131,0.24264
5321.202,0.24253
5319.274,0.24241
5317.345,0.24231
5315.416,0.24219
5313.488,0.24201
5311.559,0.24184
5309.630,0.24171
5307.702,0.24158
5305.773,0.24140
5303.844,0.24120
5301.916,0.24103
5299.987,0.24090
5298.058,0.24078
5296.130,0.24067
5294.201,0.24055
5292.272,0.24042
5290.344,0.24029
5288.415,0.24015
5286.486,0.23998
5284.558,0.23981
5282.629,0.23969
5280.700,0.23961
5278.772,0.23952
5276.843,0.23942
5274.914,0.23929
5272.986,0.23915
5271.057,0.23905
5269.128,0.23895
5267.200,0.23884
5265.271,0.23871
5263.342,0.23858
5261.414,0.23845
5259.485,0.23831
5257.556,0.23816
5255.628,0.23801
5253.699,0.23790
5251.770,0.23781
5249.842,0.23768
5247.913,0.23754
5245.984,0.23741
5244.056,0.23727
5242.127,0.23715
5240.198,0.23702
5238.269,0.23684
5236.341,0.23665
5234.412,0.23651
5232.483,0.23642
5230.555,0.23634
5228.626,0.23625
5226.697,0.23618
5224.769,0.23611
5222.840,0.23602
5220.911,0.23590
5218.983,0.23578
5217.054,0.23564
5215.125,0.23548
5213.197,0.23535
5211.268,0.23525
5209.339,0.23511
5207.411,0.23499
5205.482,0.23494
5203.553,0.23486
5201.625,0.23471
5199.696,0.23456
5197.767,0.23447
5195.839,0.23440
5193.910,0.23432
5191.981,0.23422
5190.053,0.23411
5188.124,0.23400
5186.195,0.23391
5184.267,0.23379
5182.338,0.23366
5180.409,0.23356
5178.481,0.23348
5176.552,0.23340
5174.623,0.23329
5172.695,0.23315
5170.766,0.23303
5168.837,0.23294
5166.909,0.23282
5164.980,0.23267
5163.051,0.23251
5161.123,0.23238
5159.194,0.23230
5157.265,0.23221
5155.337,0.23209
5153.408,0.23198
5151.479,0.23192
5149.551,0.23182
5147.622,0.23167
5145.693,0.23152
5143.765,0.23141
5141.836,0.23132
5139.907,0.23122
5137.979,0.23113
5136.050,0.23107
5134.121,0.23102
5132.193,0.23095
5130.264,0.23083
5128.335,0.23071
5126.407,0.23064
5124.478,0.23058
5122.549,0.23049
5120.621,0.23040
5118.692,0.23032
5116.763,0.23020
5114.835,0.23005
5112.906,0.22992
5110.977,0.22976
5109.049,0.22959
5107.120,0.22945
5105.191,0.22931
5103.263,0.22914
5101.334,0.22899
5099.405,0.22884
5097.477,0.22871
5095.548,0.22859
5093.619,0.22849
5091.691,0.22841
5089.762,0.22835
5087.833,0.22829
5085.905,0.22820
5083.976,0.22807
5082.047,0.22790
5080.119,0.22772
5078.190,0.22756
5076.261,0.22741
5074.332,0.22729
5072.404,0.22716
5070.475,0.22700
5068.546,0.22680
5066.618,0.22659
5064.689,0.22640
5062.760,0.22623
5060.832,0.22607
5058.903,0.22597
5056.974,0.22589
5055.046,0.22578
5053.117,0.22562
5051.188,0.22548
5049.260,0.22535
5047.331,0.22525
5045.402,0.22516
5043.474,0.22506
5041.545,0.22496
5039.616,0.22483
5037.688,0.22466
5035.759,0.22451
5033.830,0.22441
5031.902,0.22435
5029.973,0.22430
5028.044,0.22423
5026.116,0.22409
5024.187,0.22391
5022.258,0.22375
5020.330,0.22364
5018.401,0.22356
5016.472,0.22344
5014.544,0.22328
5012.615,0.22311
5010.686,0.22298
5008.758,0.22288
5006.829,0.22276
5004.900,0.22263
5002.972,0.22254
5001.043,0.22246
4999.114,0.22233
4997.186,0.22215
4995.257,0.22200
4993.328,0.22190
4991.400,0.22181
4989.471,0.22172
4987.542,0.22163
4985.614,0.22153
4983.685,0.22140
4981.756,0.22127
4979.828,0.22115
4977.899,0.22103
4975.970,0.22095
4974.042,0.22089
4972.113,0.22077
4970.184,0.22060
4968.256,0.22043
4966.327,0.22027
4964.398,0.22016
4962.470,0.22007
4960.541,0.21996
4958.612,0.21985
4956.684,0.21976
4954.755,0.21965
4952.826,0.21952
4950.898,0.21939
4948.969,0.21927
4947.040,0.21917
4945.112,0.21909
4943.183,0.21902
4941.254,0.21894
4939.326,0.21883
4937.397,0.21870
4935.468,0.21856
4933.540,0.21843
4931.611,0.21835
4929.682,0.21829
4927.754,0.21817
4925.825,0.21800
4923.896,0.21784
4921.968,0.21772
4920.039,0.21765
4918.110,0.21761
4916.181,0.21754
4914.253,0.21744
4912.324,0.21733
4910.395,0.21719
4908.467,0.21703
4906.538,0.21689
4904.609,0.21680
4902.681,0.21676
4900.752,0.21672
4898.823,0.21662
4896.895,0.21650
4894.966,0.21647
4893.037,0.21653
4891.109,0.21666
4889.180,0.21685
4887.251,0.21704
4885.323,0.21714
4883.394,0.21705
4881.465,0.21674
4879.537,0.21631
4877.608,0.21588
4875.679,0.21555
4873.751,0.21530
4871.822,0.21510
4869.893,0.21491
4867.965,0.21471
4866.036,0.21457
4864.107,0.21450
4862.179,0.21443
4860.250,0.21433
4858.321,0.21418
4856.393,0.21402
4854.464,0.21388
4852.535,0.21376
4850.607,0.21365
4848.678,0.21356
4846.749,0.21346
4844.821,0.21335
4842.892,0.21324
4840.963,0.21311
4839.035,0.21297
4837.106,0.21288
4835.177,0.21281
4833.249,0.21272
4831.320,0.21262
4829.391,0.21250
4827.463,0.21236
4825.534,0.21221
4823.605,0.21209
4821.677,0.21203
4819.748,0.21200
4817.819,0.21196
4815.891,0.21189
4813.962,0.21178
4812.033,0.21166
4810.105,0.21156
4808.176,0.21148
4806.247,0.21141
4804.319,0.21131
4802.390,0.21118
4800.461,0.21101
4798.533,0.21086
4796.604,0.21075
4794.675,0.21068
4792.747,0.21059
4790.818,0.21047
4788.889,0.21032
4786.961,0.21016
4785.032,0.21003
4783.103,0.20993
4781.175,0.20986
4779.246,0.20981
4777.317,0.20972
4775.389,0.20957
4773.460,0.20941
4771.531,0.20927
4769.603,0.20912
4767.674,0.20899
4765.745,0.20887
4763.817,0.20876
4761.888,0.20868
4759.959,0.20860
4758.031,0.20852
4756.102,0.20844
4754.173,0.20835
4752.244,0.20825
4750.316,0.20813
4748.387,0.20800
4746.458,0.20788
4744.530,0.20775
4742.601,0.20761
4740.672,0.20750
4738.744,0.20740
4736.815,0.20729
4734.886,0.20719
4732.958,0.20712
4731.029,0.20705
4729.100,0.20694
4727.172,0.20682
4725.243,0.20674
4723.314,0.20667
4721.386,0.20658
4719.457,0.20647
4717.528,0.20634
4715.600,0.20620
4713.671,0.20608
4711.742,0.20602
4709.814,0.20597
4707.885,0.20589
4705.956,0.20578
4704.028,0.20569
4702.099,0.20560
4700.170,0.20551
4698.242,0.20548
4696.313,0.20550
4694.384,0.20554
4692.456,0.20557
4690.527,0.20558
4688.598,0.20553
4686.670,0.20545
4684.741,0.20538
4682.812,0.20536
4680.884,0.20534
4678.955,0.20531
4677.026,0.20527
4675.098,0.20521
4673.169,0.20513
4671.240,0.20506
4669.312,0.20500
4667.383,0.20489
4665.454,0.20472
4663.526,0.20457
4661.597,0.20444
4659.668,0.20430
4657.740,0.20414
4655.811,0.20401
4653.882,0.20392
4651.954,0.20380
4650.025,0.20367
4648.096,0.20354
4646.168,0.20340
4644.239,0.20323
4642.310,0.20310
4640.382,0.20304
4638.453,0.20301
4636.524,0.20296
4634.596,0.20288
4632.667,0.20278
4630.738,0.20264
4628.810,0.20247
4626.881,0.20227
4624.952,0.20210
4623.024,0.20194
4621.095,0.20176
4619.166,0.20157
4617.238,0.20139
4615.309,0.20121
4613.380,0.20102
4611.452,0.20084
4609.523,0.20069
4607.594,0.20056
4605.666,0.20045
4603.737,0.20036
4601.808,0.20026
4599.880,0.20017
4597.951,0.20007
4596.022,0.19997
4594.093,0.19992
4592.165,0.19988
4590.236,0.19978
4588.307,0.19966
4586.379,0.19961
4584.450,0.19958
4582.521,0.19951
4580.593,0.19944
4578.664,0.19939
4576.735,0.19932
4574.807,0.19926
4572.878,0.19921
4570.949,0.19915
4569.021,0.19909
4567.092,0.19903
4565.163,0.19898
4563.235,0.19891
4561.306,0.19883
4559.377,0.19873
4557.449,0.19862
4555.520,0.19851
4553.591,0.19840
4551.663,0.19832
4549.734,0.19824
4547.805,0.19813
4545.877,0.19801
4543.948,0.19793
4542.019,0.19785
4540.091,0.19775
4538.162,0.19766
4536.233,0.19764
4534.305,0.19764
4532.376,0.19763
4530.447,0.19767
4528.519,0.19780
4526.590,0.19801
4524.661,0.19827
4522.733,0.19847
4520.804,0.19840
4518.875,0.19806
4516.947,0.19763
4515.018,0.19727
4513.089,0.19702
4511.161,0.19683
4509.232,0.19671
4507.303,0.19666
4505.375,0.19668
4503.446,0.19680
4501.517,0.19701
4499.589,0.19725
4497.660,0.19752
4495.731,0.19786
4493.803,0.19824
4491.874,0.19863
4489.945,0.19909
4488.017,0.19978
4486.088,0.20094
4484.159,0.20278
4482.231,0.20545
4480.302,0.20861
4478.373,0.21099
4476.445,0.21120
4474.516,0.20918
4472.587,0.20625
4470.659,0.20373
4468.730,0.20216
4466.801,0.20153
4464.873,0.20164
4462.944,0.20216
4461.015,0.20270
4459.087,0.20294
4457.158,0.20276
4455.229,0.20227
4453.301,0.20160
4451.372,0.20078
4449.443,0.19972
4447.515,0.19845
4445.586,0.19716
4443.657,0.19600
4441.729,0.19506
4439.800,0.19440
4437.871,0.19396
4435.943,0.19364
4434.014,0.19340
4432.085,0.19326
4430.156,0.19322
4428.228,0.19327
4426.299,0.19334
4424.370,0.19336
4422.442,0.19331
4420.513,0.19321
4418.584,0.19309
4416.656,0.19299
4414.727,0.19292
4412.798,0.19285
4410.870,0.19275
4408.941,0.19261
4407.012,0.19245
4405.084,0.19231
4403.155,0.19221
4401.226,0.19214
4399.298,0.19212
4397.369,0.19219
4395.440,0.19235
4393.512,0.19258
4391.583,0.19284
4389.654,0.19301
4387.726,0.19300
4385.797,0.19284
4383.868,0.19267
4381.940,0.19259
4380.011,0.19257
4378.082,0.19258
4376.154,0.19263
4374.225,0.19269
4372.296,0.19267
4370.368,0.19253
4368.439,0.19225
4366.510,0.19190
4364.582,0.19157
4362.653,0.19135
4360.724,0.19122
4358.796,0.19116
4356.867,0.19121
4354.938,0.19132
4353.010,0.19140
4351.081,0.19143
4349.152,0.19151
4347.224,0.19166
4345.295,0.19183
4343.366,0.19202
4341.438,0.19228
4339.509,0.19264
4337.580,0.19308
4335.652,0.19363
4333.723,0.19434
4331.794,0.19526
4329.866,0.19638
4327.937,0.19767
4326.008,0.19898
4324.080,0.19990
4322.151,0.19995
4320.222,0.19890
4318.294,0.19712
4316.365,0.19530
4314.436,0.19392
4312.508,0.19303
4310.579,0.19245
4308.650,0.19200
4306.722,0.19158
4304.793,0.19114
4302.864,0.19075
4300.936,0.19054
4299.007,0.19053
4297.078,0.19066
4295.150,0.19089
4293.221,0.19119
4291.292,0.19146
4289.364,0.19157
4287.435,0.19142
4285.506,0.19111
4283.578,0.19083
4281.649,0.19072
4279.720,0.19090
4277.792,0.19143
4275.863,0.19223
4273.934,0.19302
4272.005,0.19341
4270.077,0.19316
4268.148,0.19235
4266.219,0.19134
4264.291,0.19050
4262.362,0.19002
4260.433,0.18985
4258.505,0.18994
4256.576,0.19018
4254.647,0.19039
4252.719,0.19034
4250.790,0.18982
4248.861,0.18883
4246.933,0.18764
4245.004,0.18660
4243.075,0.18585
4241.147,0.18540
4239.218,0.18518
4237.289,0.18513
4235.361,0.18519
4233.432,0.18529
4231.503,0.18538
4229.575,0.18545
4227.646,0.18558
4225.717,0.18579
4223.789,0.18601
4221.860,0.18621
4219.931,0.18636
4218.003,0.18640
4216.074,0.18630
4214.145,0.18606
4212.217,0.18573
4210.288,0.18538
4208.359,0.18509
4206.431,0.18493
4204.502,0.18492
4202.573,0.18500
4200.645,0.18514
4198.716,0.18533
4196.787,0.18554
4194.859,0.18572
4192.930,0.18589
4191.001,0.18605
4189.073,0.18615
4187.144,0.18617
4185.215,0.18618
4183.287,0.18620
4181.358,0.18621
4179.429,0.18616
4177.501,0.18599
4175.572,0.18566
4173.643,0.18526
4171.715,0.18494
4169.786,0.18483
4167.857,0.18501
4165.929,0.18547
4164.000,0.18595
4162.071,0.18591
4160.143,0.18512
4158.214,0.18393
4156.285,0.18286
4154.357,0.18211
4152.428,0.18161
4150.499,0.18126
4148.571,0.18101
4146.642,0.18080
4144.713,0.18058
4142.785,0.18036
4140.856,0.18017
4138.927,0.17998
4136.999,0.17977
4135.070,0.17957
4133.141,0.17938
4131.213,0.17920
4129.284,0.17904
4127.355,0.17891
4125.427,0.17878
4123.498,0.17864
4121.569,0.17854
4119.641,0.17847
4117.712,0.17840
4115.783,0.17834
4113.855,0.17829
4111.926,0.17825
4109.997,0.17822
4108.068,0.17820
4106.140,0.17816
4104.211,0.17806
4102.282,0.17796
4100.354,0.17787
4098.425,0.17775
4096.496,0.17757
4094.568,0.17737
4092.639,0.17714
4090.710,0.17688
4088.782,0.17663
4086.853,0.17642
4084.924,0.17627
4082.996,0.17615
4081.067,0.17611
4079.138,0.17620
4077.210,0.17645
4075.281,0.17690
4073.352,0.17764
4071.424,0.17873
4069.495,0.18002
4067.566,0.18114
4065.638,0.18162
4063.709,0.18128
4061.780,0.18039
4059.852,0.17940
4057.923,0.17859
4055.994,0.17791
4054.066,0.17725
4052.137,0.17658
4050.208,0.17590
4048.280,0.17522
4046.351,0.17465
4044.422,0.17425
4042.494,0.17400
4040.565,0.17387
4038.636,0.17395
4036.708,0.17424
4034.779,0.17474
4032.850,0.17545
4030.922,0.17634
4028.993,0.17719
4027.064,0.17772
4025.136,0.17782
4023.207,0.17756
4021.278,0.17710
4019.350,0.17656
4017.421,0.17593
4015.492,0.17514
4013.564,0.17420
4011.635,0.17323
4009.706,0.17240
4007.778,0.17176
4005.849,0.17126
4003.920,0.17092
4001.992,0.17074
4000.063,0.17064
3998.134,0.17061
3996.206,0.17071
3994.277,0.17095
3992.348,0.17126
3990.420,0.17159
3988.491,0.17188
3986.562,0.17208
3984.634,0.17220
3982.705,0.17233
3980.776,0.17251
3978.848,0.17268
3976.919,0.17269
3974.990,0.17250
3973.062,0.17221
3971.133,0.17199
3969.204,0.17203
3967.276,0.17240
3965.347,0.17307
3963.418,0.17395
3961.490,0.17492
3959.561,0.17570
3957.632,0.17596
3955.704,0.17553
3953.775,0.17453
3951.846,0.17322
3949.917,0.17187
3947.989,0.17069
3946.060,0.16976
3944.131,0.16904
3942.203,0.16849
3940.274,0.16810
3938.345,0.16786
3936.417,0.16773
3934.488,0.16771
3932.559,0.16782
3930.631,0.16806
3928.702,0.16840
3926.773,0.16884
3924.845,0.16942
3922.916,0.17005
3920.987,0.17063
3919.059,0.17099
3917.130,0.17097
3915.201,0.17049
3913.273,0.16967
3911.344,0.16873
3909.415,0.16784
3907.487,0.16708
3905.558,0.16650
3903.629,0.16606
3901.701,0.16572
3899.772,0.16544
3897.843,0.16522
3895.915,0.16503
3893.986,0.16483
3892.057,0.16466
3890.129,0.16452
3888.200,0.16437
3886.271,0.16421
3884.343,0.16409
3882.414,0.16399
3880.485,0.16390
3878.557,0.16384
3876.628,0.16378
3874.699,0.16369
3872.771,0.16357
3870.842,0.16346
3868.913,0.16340
3866.985,0.16338
3865.056,0.16338
3863.127,0.16340
3861.199,0.16338
3859.270,0.16327
3857.341,0.16307
3855.413,0.16279
3853.484,0.16258
3851.555,0.16249
3849.627,0.16244
3847.698,0.16236
3845.769,0.16224
3843.841,0.16208
3841.912,0.16191
3839.983,0.16170
3838.055,0.16147
3836.126,0.16126
3834.197,0.16109
3832.269,0.16095
3830.340,0.16083
3828.411,0.16073
3826.483,0.16065
3824.554,0.16058
3822.625,0.16048
3820.697,0.16035
3818.768,0.16017
3816.839,0.15995
3814.911,0.15974
3812.982,0.15955
3811.053,0.15935
3809.125,0.15918
3807.196,0.15906
3805.267,0.15894
3803.339,0.15875
3801.410,0.15854
3799.481,0.15838
3797.553,0.15824
3795.624,0.15809
3793.695,0.15798
3791.767,0.15787
3789.838,0.15776
3787.909,0.15766
3785.980,0.15756
3784.052,0.15746
3782.123,0.15737
3780.194,0.15731
3778.266,0.15730
3776.337,0.15728
3774.408,0.15720
3772.480,0.15708
3770.551,0.15698
3768.622,0.15690
3766.694,0.15683
3764.765,0.15676
3762.836,0.15666
3760.908,0.15655
3758.979,0.15646
3757.050,0.15637
3755.122,0.15624
3753.193,0.15607
3751.264,0.15592
3749.336,0.15580
3747.407,0.15567
3745.478,0.15551
3743.550,0.15543
3741.621,0.15541
3739.692,0.15533
3737.764,0.15520
3735.835,0.15510
3733.906,0.15505
3731.978,0.15500
3730.049,0.15493
3728.120,0.15481
3726.192,0.15466
3724.263,0.15449
3722.334,0.15436
3720.406,0.15426
3718.477,0.15416
3716.548,0.15405
3714.620,0.15395
3712.691,0.15391
3710.762,0.15392
3708.834,0.15395
3706.905,0.15399
3704.976,0.15402
3703.048,0.15402
3701.119,0.15402
3699.190,0.15402
3697.262,0.15400
3695.333,0.15394
3693.404,0.15386
3691.476,0.15378
3689.547,0.15371
3687.618,0.15362
3685.690,0.15352
3683.761,0.15340
3681.832,0.15328
3679.904,0.15319
3677.975,0.15310
3676.046,0.15300
3674.118,0.15293
3672.189,0.15288
3670.260,0.15289
3668.332,0.15295
3666.403,0.15299
3664.474,0.15303
3662.546,0.15306
3660.617,0.15308
3658.688,0.15310
3656.760,0.15316
3654.831,0.15323
3652.902,0.15333
3650.974,0.15351
3649.045,0.15377
3647.116,0.15401
3645.188,0.15421
3643.259,0.15432
3641.330,0.15424
3639.402,0.15394
3637.473,0.15356
3635.544,0.15322
3633.616,0.15292
3631.687,0.15268
3629.758,0.15255
3627.830,0.15257
3625.901,0.15264
3623.972,0.15273
3622.043,0.15286
3620.115,0.15305
3618.186,0.15330
3616.257,0.15363
3614.329,0.15398
3612.400,0.15424
3610.471,0.15437
3608.543,0.15446
3606.614,0.15453
3604.685,0.15447
3602.757,0.15423
3600.828,0.15385
3598.899,0.15337
3596.971,0.15293
3595.042,0.15265
3593.113,0.15249
3591.185,0.15235
3589.256,0.15223
3587.327,0.15220
3585.399,0.15222
3583.470,0.15223
3581.541,0.15225
3579.613,0.15231
3577.684,0.15236
3575.755,0.15240
3573.827,0.15242
3571.898,0.15240
3569.969,0.15232
3568.041,0.15224
3566.112,0.15226
3564.183,0.15230
3562.255,0.15232
3560.326,0.15235
3558.397,0.15239
3556.469,0.15239
3554.540,0.15239
3552.611,0.15243
3550.683,0.15247
3548.754,0.15246
3546.825,0.15248
3544.897,0.15256
3542.968,0.15260
3541.039,0.15261
3539.111,0.15265
3537.182,0.15271
3535.253,0.15273
3533.325,0.15274
3531.396,0.15278
3529.467,0.15280
3527.539,0.15279
3525.610,0.15282
3523.681,0.15288
3521.753,0.15287
3519.824,0.15279
3517.895,0.15272
3515.967,0.15266
3514.038,0.15258
3512.109,0.15254
3510.181,0.15254
3508.252,0.15254
3506.323,0.15251
3504.395,0.15252
3502.466,0.15255
3500.537,0.15254
3498.609,0.15254
3496.680,0.15263
3494.751,0.15276
3492.823,0.15288
3490.894,0.15303
3488.965,0.15326
3487.037,0.15350
3485.108,0.15369
3483.179,0.15377
3481.251,0.15367
3479.322,0.15339
3477.393,0.15309
3475.465,0.15285
3473.536,0.15267
3471.607,0.15251
3469.679,0.15242
3467.750,0.15238
3465.821,0.15233
3463.892,0.15228
3461.964,0.15229
3460.035,0.15230
3458.106,0.15229
3456.178,0.15229
3454.249,0.15231
3452.320,0.15230
3450.392,0.15229
3448.463,0.15235
3446.534,0.15240
3444.606,0.15235
3442.677,0.15224
3440.748,0.15210
3438.820,0.15192
3436.891,0.15172
3434.962,0.15159
3433.034,0.15148
3431.105,0.15135
3429.176,0.15123
3427.248,0.15114
3425.319,0.15103
3423.390,0.15089
3421.462,0.15080
3419.533,0.15073
3417.604,0.15064
3415.676,0.15052
3413.747,0.15043
3411.818,0.15035
3409.890,0.15022
3407.961,0.15010
3406.032,0.15000
3404.104,0.14988
3402.175,0.14972
3400.246,0.14955
3398.318,0.14940
3396.389,0.14920
3394.460,0.14901
3392.532,0.14887
3390.603,0.14874
3388.674,0.14856
3386.746,0.14839
3384.817,0.14826
3382.888,0.14810
3380.960,0.14792
3379.031,0.14778
3377.102,0.14764
3375.174,0.14746
3373.245,0.14726
3371.316,0.14710
3369.388,0.14692
3367.459,0.14670
3365.530,0.14647
3363.602,0.14628
3361.673,0.14607
3359.744,0.14586
3357.816,0.14572
3355.887,0.14560
3353.958,0.14544
3352.030,0.14529
3350.101,0.14518
3348.172,0.14504
3346.244,0.14487
3344.315,0.14473
3342.386,0.14464
3340.458,0.14453
3338.529,0.14443
3336.600,0.14437
3334.672,0.14433
3332.743,0.14426
3330.814,0.14425
3328.886,0.14430
3326.957,0.14435
3325.028,0.14441
3323.100,0.14452
3321.171,0.14464
3319.242,0.14471
3317.314,0.14478
3315.385,0.14496
3313.456,0.14528
3311.528,0.14573
3309.599,0.14626
3307.670,0.14668
3305.742,0.14682
3303.813,0.14673
3301.884,0.14663
3299.955,0.14668
3298.027,0.14688
3296.098,0.14715
3294.169,0.14732
3292.241,0.14731
3290.312,0.14726
3288.383,0.14746
3286.455,0.14816
3284.526,0.14948
3282.597,0.15165
3280.669,0.15514
3278.740,0.15992
3276.811,0.16475
3274.883,0.16756
3272.954,0.16641
3271.025,0.16110
3269.097,0.15421
3267.168,0.14871
3265.239,0.14540
3263.311,0.14356
3261.382,0.14252
3259.453,0.14190
3257.525,0.14152
3255.596,0.14128
3253.667,0.14109
3251.739,0.14090
3249.810,0.14072
3247.881,0.14055
3245.953,0.14039
3244.024,0.14026
3242.095,0.14016
3240.167,0.14008
3238.238,0.14000
3236.309,0.13992
3234.381,0.13989
3232.452,0.13987
3230.523,0.13986
3228.595,0.13988
3226.666,0.13992
3224.737,0.13997
3222.809,0.14002
3220.880,0.14008
3218.951,0.14013
3217.023,0.14014
3215.094,0.14015
3213.165,0.14021
3211.237,0.14026
3209.308,0.14027
3207.379,0.14030
3205.451,0.14037
3203.522,0.14045
3201.593,0.14051
3199.665,0.14056
3197.736,0.14061
3195.807,0.14065
3193.879,0.14073
3191.950,0.14087
3190.021,0.14100
3188.093,0.14110
3186.164,0.14126
3184.235,0.14147
3182.307,0.14165
3180.378,0.14183
3178.449,0.14206
3176.521,0.14228
3174.592,0.14244
3172.663,0.14260
3170.735,0.14273
3168.806,0.14281
3166.877,0.14286
3164.949,0.14295
3163.020,0.14305
3161.091,0.14312
3159.163,0.14322
3157.234,0.14341
3155.305,0.14363
3153.377,0.14387
3151.448,0.14422
3149.519,0.14465
3147.591,0.14511
3145.662,0.14566
3143.733,0.14640
3141.804,0.14734
3139.876,0.14846
3137.947,0.14976
3136.018,0.15100
3134.090,0.15176
3132.161,0.15190
3130.232,0.15171
3128.304,0.15144
3126.375,0.15121
3124.446,0.15111
3122.518,0.15111
3120.589,0.15108
3118.660,0.15099
3116.732,0.15089
3114.803,0.15079
3112.874,0.15068
3110.946,0.15067
3109.017,0.15083
3107.088,0.15107
3105.160,0.15131
3103.231,0.15155
3101.302,0.15174
3099.374,0.15180
3097.445,0.15173
3095.516,0.15163
3093.588,0.15156
3091.659,0.15156
3089.730,0.15168
3087.802,0.15194
3085.873,0.15224
3083.944,0.15256
3082.016,0.15294
3080.087,0.15339
3078.158,0.15385
3076.230,0.15436
3074.301,0.15496
3072.372,0.15559
3070.444,0.15623
3068.515,0.15696
3066.586,0.15772
3064.658,0.15844
3062.729,0.15913
3060.800,0.15990
3058.872,0.16069
3056.943,0.16139
3055.014,0.16207
3053.086,0.16281
3051.157,0.16353
3049.228,0.16417
3047.300,0.16479
3045.371,0.16546
3043.442,0.16629
3041.514,0.16751
3039.585,0.16925
3037.656,0.17155
3035.728,0.17461
3033.799,0.17904
3031.870,0.18575
3029.942,0.19608
3028.013,0.21116
3026.084,0.22866
3024.156,0.23937
3022.227,0.23389
3020.298,0.21535
3018.370,0.19581
3016.441,0.18251
3014.512,0.17542
3012.584,0.17221
3010.655,0.17102
3008.726,0.17090
3006.798,0.17158
3004.869,0.17303
3002.940,0.17512
3001.012,0.17784
2999.083,0.18147
2997.154,0.18641
2995.226,0.19324
2993.297,0.20314
2991.368,0.21819
2989.440,0.24057
2987.511,0.26785
2985.582,0.28691
2983.654,0.28288
2981.725,0.26020
2979.796,0.23721
2977.867,0.22404
2975.939,0.21997
2974.010,0.22158
2972.081,0.22683
2970.153,0.23472
2968.224,0.24456
2966.295,0.25581
2964.367,0.26812
2962.438,0.28080
2960.509,0.29245
2958.581,0.30134
2956.652,0.30588
2954.723,0.30517
2952.795,0.30002
2950.866,0.29382
2948.937,0.29094
2947.009,0.29389
2945.080,0.30273
2943.151,0.31657
2941.223,0.33456
2939.294,0.35604
2937.365,0.38062
2935.437,0.40829
2933.508,0.43912
2931.579,0.47308
2929.651,0.51051
2927.722,0.55289
2925.793,0.60272
2923.865,0.66156
2921.936,0.72672
2920.007,0.78701
2918.079,0.81801
2916.150,0.79234
2914.221,0.71685
2912.293,0.63155
2910.364,0.56472
2908.435,0.51988
2906.507,0.48890
2904.578,0.46444
2902.649,0.44292
2900.721,0.42083
2898.792,0.39489
2896.863,0.36587
2894.935,0.33798
2893.006,0.31442
2891.077,0.29530
2889.149,0.27908
2887.220,0.26459
2885.291,0.25149
2883.363,0.23996
2881.434,0.23055
2879.505,0.22392
2877.577,0.22035
2875.648,0.21926
2873.719,0.21929
2871.791,0.21902
2869.862,0.21837
2867.933,0.21932
2866.005,0.22470
2864.076,0.23635
2862.147,0.25455
2860.219,0.27900
2858.290,0.31072
2856.361,0.35368
2854.433,0.41432
2852.504,0.49311
2850.575,0.56172
2848.647,0.55997
2846.718,0.48004
2844.789,0.38432
2842.861,0.31183
2840.932,0.26442
2839.003,0.23340
2837.075,0.21198
2835.146,0.19634
2833.217,0.18452
2831.289,0.17538
2829.360,0.16812
2827.431,0.16213
2825.503,0.15708
2823.574,0.15283
2821.645,0.14920
2819.716,0.14601
2817.788,0.14325
2815.859,0.14086
2813.930,0.13870
2812.002,0.13674
2810.073,0.13502
2808.144,0.13345
2806.216,0.13196
2804.287,0.13062
2802.358,0.12944
2800.430,0.12829
2798.501,0.12717
2796.572,0.12617
2794.644,0.12526
2792.715,0.12437
2790.786,0.12361
2788.858,0.12306
2786.929,0.12266
2785.000,0.12236
2783.072,0.12226
2781.143,0.12234
2779.214,0.12254
2777.286,0.12300
2775.357,0.12388
2773.428,0.12504
2771.500,0.12626
2769.571,0.12719
2767.642,0.12734
2765.714,0.12629
2763.785,0.12430
2761.856,0.12210
2759.928,0.12014
2757.999,0.11851
2756.070,0.11727
2754.142,0.11638
2752.213,0.11571
2750.284,0.11524
2748.356,0.11505
2746.427,0.11501
2744.498,0.11493
2742.570,0.11483
2740.641,0.11475
2738.712,0.11462
2736.784,0.11441
2734.855,0.11427
2732.926,0.11422
2730.998,0.11410
2729.069,0.11388
2727.140,0.11366
2725.212,0.11343
2723.283,0.11315
2721.354,0.11292
2719.426,0.11280
2717.497,0.11269
2715.568,0.11254
2713.640,0.11248
2711.711,0.11248
2709.782,0.11246
2707.854,0.11245
2705.925,0.11255
2703.996,0.11269
2702.068,0.11287
2700.139,0.11318
2698.210,0.11362
2696.282,0.11403
2694.353,0.11443
2692.424,0.11495
2690.496,0.11557
2688.567,0.11624
2686.638,0.11704
2684.710,0.11804
2682.781,0.11915
2680.852,0.12032
2678.924,0.12160
2676.995,0.12297
2675.066,0.12433
2673.138,0.12566
2671.209,0.12678
2669.280,0.12743
2667.352,0.12770
2665.423,0.12798
2663.494,0.12838
2661.566,0.12856
2659.637,0.12815
2657.708,0.12697
2655.779,0.12508
2653.851,0.12283
2651.922,0.12076
2649.993,0.11916
2648.065,0.11800
2646.136,0.11721
2644.207,0.11682
2642.279,0.11672
2640.350,0.11670
2638.421,0.11662
2636.493,0.11640
2634.564,0.11593
2632.635,0.11527
2630.707,0.11455
2628.778,0.11380
2626.849,0.11292
2624.921,0.11197
2622.992,0.11109
2621.063,0.11030
2619.135,0.10960
2617.206,0.10911
2615.277,0.10885
2613.349,0.10872
2611.420,0.10873
2609.491,0.10897
2607.563,0.10943
2605.634,0.10999
2603.705,0.11068
2601.777,0.11147
2599.848,0.11214
2597.919,0.11262
2595.991,0.11302
2594.062,0.11340
2592.133,0.11371
2590.205,0.11400
2588.276,0.11438
2586.347,0.11476
2584.419,0.11511
2582.490,0.11540
2580.561,0.11552
2578.633,0.11539
2576.704,0.11527
2574.775,0.11548
2572.847,0.11604
2570.918,0.11697
2568.989,0.11846
2567.061,0.12053
2565.132,0.12289
2563.203,0.12519
2561.275,0.12710
2559.346,0.12795
2557.417,0.12727
2555.489,0.12539
2553.560,0.12317
2551.631,0.12128
2549.703,0.12020
2547.774,0.12039
2545.845,0.12170
2543.917,0.12294
2541.988,0.12289
2540.059,0.12152
2538.131,0.11944
2536.202,0.11678
2534.273,0.11378
2532.345,0.11120
2530.416,0.10947
2528.487,0.10857
2526.559,0.10837
2524.630,0.10856
2522.701,0.10876
2520.773,0.10889
2518.844,0.10905
2516.915,0.10913
2514.987,0.10912
2513.058,0.10927
2511.129,0.10957
2509.201,0.10971
2507.272,0.10950
2505.343,0.10911
2503.415,0.10871
2501.486,0.10833
2499.557,0.10808
2497.628,0.10800
2495.700,0.10787
2493.771,0.10757
2491.842,0.10727
2489.914,0.10704
2487.985,0.10673
2486.056,0.10641
2484.128,0.10626
2482.199,0.10619
2480.270,0.10603
2478.342,0.10591
2476.413,0.10588
2474.484,0.10578
2472.556,0.10560
2470.627,0.10556
2468.698,0.10560
2466.770,0.10557
2464.841,0.10552
2462.912,0.10551
2460.984,0.10535
2459.055,0.10494
2457.126,0.10452
2455.198,0.10422
2453.269,0.10393
2451.340,0.10372
2449.412,0.10377
2447.483,0.10396
2445.554,0.10409
2443.626,0.10425
2441.697,0.10450
2439.768,0.10464
2437.840,0.10464
2435.911,0.10469
2433.982,0.10482
2432.054,0.10486
2430.125,0.10492
2428.196,0.10516
2426.268,0.10545
2424.339,0.10570
2422.410,0.10610
2420.482,0.10673
2418.553,0.10739
2416.624,0.10805
2414.696,0.10887
2412.767,0.10977
2410.838,0.11061
2408.910,0.11152
2406.981,0.11259
2405.052,0.11355
2403.124,0.11408
2401.195,0.11403
2399.266,0.11332
2397.338,0.11199
2395.409,0.11049
2393.480,0.10931
2391.552,0.10845
2389.623,0.10775
2387.694,0.10727
2385.766,0.10702
2383.837,0.10676
2381.908,0.10640
2379.980,0.10613
2378.051,0.10599
2376.122,0.10582
2374.194,0.10569
2372.265,0.10576
2370.336,0.10588
2368.408,0.10590
2366.479,0.10595
2364.550,0.10609
2362.622,0.10622
2360.693,0.10637
2358.764,0.10672
2356.836,0.10722
2354.907,0.10769
2352.978,0.10818
2351.050,0.10873
2349.121,0.10915
2347.192,0.10931
2345.264,0.10944
2343.335,0.10968
2341.406,0.10993
2339.478,0.11008
2337.549,0.11018
2335.620,0.11026
2333.691,0.11030
2331.763,0.11039
2329.834,0.11052
2327.905,0.11044
2325.977,0.11010
2324.048,0.10974
2322.119,0.10944
2320.191,0.10906
2318.262,0.10866
2316.333,0.10840
2314.405,0.10820
2312.476,0.10799
2310.547,0.10788
2308.619,0.10793
2306.690,0.10803
2304.761,0.10813
2302.833,0.10828
2300.904,0.10835
2298.975,0.10818
2297.047,0.10789
2295.118,0.10764
2293.189,0.10741
2291.261,0.10720
2289.332,0.10713
2287.403,0.10718
2285.475,0.10726
2283.546,0.10739
2281.617,0.10766
2279.689,0.10799
2277.760,0.10822
2275.831,0.10834
2273.903,0.10838
2271.974,0.10829
2270.045,0.10808
2268.117,0.10793
2266.188,0.10789
2264.259,0.10785
2262.331,0.10776
2260.402,0.10767
2258.473,0.10756
2256.545,0.10739
2254.616,0.10727
2252.687,0.10727
2250.759,0.10732
2248.830,0.10741
2246.901,0.10761
2244.973,0.10787
2243.044,0.10809
2241.115,0.10827
2239.187,0.10846
2237.258,0.10864
2235.329,0.10878
2233.401,0.10896
2231.472,0.10921
2229.543,0.10948
2227.615,0.10977
2225.686,0.11009
2223.757,0.11035
2221.829,0.11046
2219.900,0.11044
2217.971,0.11035
2216.043,0.11019
2214.114,0.11002
2212.185,0.10989
2210.257,0.10976
2208.328,0.10957
2206.399,0.10938
2204.471,0.10925
2202.542,0.10917
2200.613,0.10917
2198.685,0.10928
2196.756,0.10950
2194.827,0.10974
2192.899,0.11001
2190.970,0.11031
2189.041,0.11057
2187.113,0.11070
2185.184,0.11072
2183.255,0.11070
2181.327,0.11065
2179.398,0.11061
2177.469,0.11064
2175.540,0.11070
2173.612,0.11072
2171.683,0.11076
2169.754,0.11086
2167.826,0.11097
2165.897,0.11109
2163.968,0.11130
2162.040,0.11159
2160.111,0.11188
2158.182,0.11217
2156.254,0.11248
2154.325,0.11276
2152.396,0.11300
2150.468,0.11326
2148.539,0.11350
2146.610,0.11363
2144.682,0.11366
2142.753,0.11372
2140.824,0.11377
2138.896,0.11376
2136.967,0.11378
2135.038,0.11386
2133.110,0.11393
2131.181,0.11396
2129.252,0.11403
2127.324,0.11411
2125.395,0.11414
2123.466,0.11415
2121.538,0.11421
2119.609,0.11427
2117.680,0.11433
2115.752,0.11451
2113.823,0.11486
2111.894,0.11526
2109.966,0.11563
2108.037,0.11591
2106.108,0.11596
2104.180,0.11568
2102.251,0.11533
2100.322,0.11515
2098.394,0.11515
2096.465,0.11521
2094.536,0.11535
2092.608,0.11550
2090.679,0.11552
2088.750,0.11543
2086.822,0.11536
2084.893,0.11531
2082.964,0.11525
2081.036,0.11528
2079.107,0.11548
2077.178,0.11573
2075.250,0.11594
2073.321,0.11617
2071.392,0.11642
2069.464,0.11662
2067.535,0.11684
2065.606,0.11718
2063.678,0.11756
2061.749,0.11791
2059.820,0.11832
2057.892,0.11882
2055.963,0.11926
2054.034,0.11966
2052.106,0.12018
2050.177,0.12076
2048.248,0.12129
2046.320,0.12181
2044.391,0.12239
2042.462,0.12295
2040.534,0.12342
2038.605,0.12395
2036.676,0.12460
2034.748,0.12527
2032.819,0.12600
2030.890,0.12687
2028.962,0.12773
2027.033,0.12832
2025.104,0.12871
2023.176,0.12893
2021.247,0.12871
2019.318,0.12808
2017.390,0.12749
2015.461,0.12720
2013.532,0.12711
2011.603,0.12726
2009.675,0.12777
2007.746,0.12850
2005.817,0.12927
2003.889,0.13014
2001.960,0.13113
2000.031,0.13195
1998.103,0.13245
1996.174,0.13282
1994.245,0.13311
1992.317,0.13317
1990.388,0.13303
1988.459,0.13288
1986.531,0.13274
1984.602,0.13268
1982.673,0.13287
1980.745,0.13331
1978.816,0.13368
1976.887,0.13383
1974.959,0.13397
1973.030,0.13409
1971.101,0.13407
1969.173,0.13407
1967.244,0.13430
1965.315,0.13464
1963.387,0.13496
1961.458,0.13541
1959.529,0.13603
1957.601,0.13663
1955.672,0.13721
1953.743,0.13798
1951.815,0.13885
1949.886,0.13963
1947.957,0.14043
1946.029,0.14138
1944.100,0.14232
1942.171,0.14314
1940.243,0.14406
1938.314,0.14512
1936.385,0.14613
1934.457,0.14713
1932.528,0.14834
1930.599,0.14956
1928.671,0.15048
1926.742,0.15122
1924.813,0.15209
1922.885,0.15307
1920.956,0.15410
1919.027,0.15526
1917.099,0.15644
1915.170,0.15732
1913.241,0.15796
1911.313,0.15860
1909.384,0.15916
1907.455,0.15950
1905.527,0.15993
1903.598,0.16072
1901.669,0.16175
1899.741,0.16297
1897.812,0.16445
1895.883,0.16589
1893.955,0.16675
1892.026,0.16695
1890.097,0.16675
1888.169,0.16611
1886.240,0.16513
1884.311,0.16450
1882.383,0.16473
1880.454,0.16552
1878.525,0.16653
1876.597,0.16768
1874.668,0.16870
1872.739,0.16938
1870.811,0.17013
1868.882,0.17146
1866.953,0.17327
1865.025,0.17522
1863.096,0.17715
1861.167,0.17867
1859.239,0.17912
1857.310,0.17863
1855.381,0.17821
1853.452,0.17845
1851.524,0.17919
1849.595,0.18036
1847.666,0.18189
1845.738,0.18344
1843.809,0.18486
1841.880,0.18638
1839.952,0.18793
1838.023,0.18925
1836.094,0.19044
1834.166,0.19177
1832.237,0.19307
1830.308,0.19427
1828.380,0.19567
1826.451,0.19735
1824.522,0.19908
1822.594,0.20086
1820.665,0.20296
1818.736,0.20525
1816.808,0.20749
1814.879,0.20984
1812.950,0.21242
1811.022,0.21493
1809.093,0.21719
1807.164,0.21941
1805.236,0.22161
1803.307,0.22365
1801.378,0.22581
1799.450,0.22838
1797.521,0.23107
1795.592,0.23364
1793.664,0.23633
1791.735,0.23929
1789.806,0.24222
1787.878,0.24506
1785.949,0.24807
1784.020,0.25119
1782.092,0.25419
1780.163,0.25730
1778.234,0.26071
1776.306,0.26421
1774.377,0.26786
1772.448,0.27201
1770.520,0.27667
1768.591,0.28156
1766.662,0.28676
1764.734,0.29239
1762.805,0.29814
1760.876,0.30390
1758.948,0.31002
1757.019,0.31658
1755.090,0.32329
1753.162,0.33013
1751.233,0.33724
1749.304,0.34425
1747.376,0.35074
1745.447,0.35672
1743.518,0.36218
1741.590,0.36687
1739.661,0.37079
1737.732,0.37431
1735.804,0.37768
1733.875,0.38109
1731.946,0.38491
1730.018,0.38922
1728.089,0.39369
1726.160,0.39841
1724.232,0.40396
1722.303,0.41053
1720.374,0.41782
1718.446,0.42580
1716.517,0.43468
1714.588,0.44428
1712.660,0.45445
1710.731,0.46546
1708.802,0.47746
1706.874,0.49027
1704.945,0.50398
1703.016,0.51877
1701.088,0.53444
1699.159,0.55080
1697.230,0.56810
1695.302,0.58676
1693.373,0.60702
1691.444,0.62944
1689.515,0.65488
1687.587,0.68366
1685.658,0.71602
1683.729,0.75269
1681.801,0.79484
1679.872,0.84409
1677.943,0.90203
1676.015,0.96986
1674.086,1.05079
1672.157,1.15256
1670.229,1.28464
1668.300,1.45401
1666.371,1.66460
1664.443,1.91311
1662.514,2.17005
1660.585,2.36312
1658.657,2.43999
1656.728,2.45238
1654.799,2.46908
1652.871,2.51207
1650.942,2.59203
1649.013,2.71417
1647.085,2.84336
1645.156,2.85155
1643.227,2.60677
1641.299,2.24476
1639.370,1.91601
1637.441,1.65476
1635.513,1.45290
1633.584,1.29572
1631.655,1.17014
1629.727,1.06583
1627.798,0.97604
1625.869,0.89782
1623.941,0.82994
1622.012,0.77048
1620.083,0.71749
1618.155,0.67019
1616.226,0.62853
1614.297,0.59309
1612.369,0.56739
1610.440,0.55283
1608.511,0.53792
1606.583,0.51010
1604.654,0.47521
1602.725,0.44433
1600.797,0.41927
1598.868,0.39790
1596.939,0.37910
1595.011,0.36253
1593.082,0.34775
1591.153,0.33411
1589.225,0.32129
1587.296,0.30915
1585.367,0.29746
1583.439,0.28637
1581.510,0.27645
1579.581,0.26776
1577.653,0.25983
1575.724,0.25253
1573.795,0.24586
1571.867,0.23935
1569.938,0.23262
1568.009,0.22608
1566.081,0.22001
1564.152,0.21432
1562.223,0.20925
1560.295,0.20520
1558.366,0.20203
1556.437,0.19934
1554.509,0.19714
1552.580,0.19534
1550.651,0.19335
1548.723,0.19090
1546.794,0.18811
1544.865,0.18479
1542.937,0.18045
1541.008,0.17522
1539.079,0.16946
1537.151,0.16324
1535.222,0.15692
1533.293,0.15132
1531.364,0.14665
1529.436,0.14239
1527.507,0.13843
1525.578,0.13499
1523.650,0.13185
1521.721,0.12882
1519.792,0.12639
1517.864,0.12496
1515.935,0.12485
1514.006,0.12723
1512.078,0.13310
1510.149,0.13989
1508.220,0.14162
1506.292,0.13570
1504.363,0.12618
1502.434,0.11784
1500.506,0.11203
1498.577,0.10833
1496.648,0.10625
1494.720,0.10554
1492.791,0.10665
1490.862,0.11040
1488.934,0.11774
1487.005,0.13133
1485.076,0.15681
1483.148,0.20194
1481.219,0.27166
1479.290,0.35896
1477.362,0.44365
1475.433,0.50587
1473.504,0.52803
1471.576,0.50164
1469.647,0.45117
1467.718,0.40397
1465.790,0.36415
1463.861,0.32194
1461.932,0.26850
1460.004,0.21467
1458.075,0.17813
1456.146,0.15962
1454.218,0.14938
1452.289,0.14161
1450.360,0.13534
1448.432,0.13039
1446.503,0.12610
1444.574,0.12221
1442.646,0.11899
1440.717,0.11636
1438.788,0.11414
1436.860,0.11260
1434.931,0.11194
1433.002,0.11188
1431.074,0.11255
1429.145,0.11441
1427.216,0.11746
1425.288,0.12146
1423.359,0.12644
1421.430,0.13230
1419.502,0.13853
1417.573,0.14494
1415.644,0.15176
1413.716,0.15923
1411.787,0.16782
1409.858,0.17861
1407.930,0.19267
1406.001,0.21091
1404.072,0.23489
1402.144,0.26592
1400.215,0.30198
1398.286,0.33451
1396.358,0.35019
1394.429,0.34171
1392.500,0.31882
1390.572,0.30040
1388.643,0.29447
1386.714,0.28974
1384.786,0.26890
1382.857,0.23228
1380.928,0.19577
1379.000,0.16953
1377.071,0.15316
1375.142,0.14363
1373.214,0.13913
1371.285,0.13818
1369.356,0.13940
1367.427,0.14188
1365.499,0.14492
1363.570,0.14823
1361.641,0.15225
1359.713,0.15718
1357.784,0.16258
1355.855,0.16823
1353.927,0.17424
1351.998,0.18034
1350.069,0.18631
1348.141,0.19260
1346.212,0.19968
1344.283,0.20759
1342.355,0.21648
1340.426,0.22664
1338.497,0.23785
1336.569,0.24987
1334.640,0.26301
1332.711,0.27765
1330.783,0.29368
1328.854,0.31094
1326.925,0.32942
1324.997,0.34934
1323.068,0.37162
1321.139,0.39778
1319.211,0.42916
1317.282,0.46724
1315.353,0.51503
1313.425,0.57804
1311.496,0.66367
1309.567,0.77582
1307.639,0.89323
1305.710,0.93901
1303.781,0.86319
1301.853,0.75163
1299.924,0.68975
1297.995,0.69819
1296.067,0.76927
1294.138,0.89540
1292.209,1.08132
1290.281,1.34100
1288.352,1.68103
1286.423,2.03585
1284.495,2.05334
1282.566,1.71347
1280.637,1.43816
1278.709,1.32625
1276.780,1.37696
1274.851,1.57024
1272.923,1.84426
1270.994,1.98260
1269.065,1.76954
1267.137,1.45339
1265.208,1.19772
1263.279,1.00862
1261.351,0.86958
1259.422,0.76949
1257.493,0.69421
1255.565,0.62791
1253.636,0.56647
1251.707,0.51402
1249.779,0.47146
1247.850,0.43656
1245.921,0.40726
1243.993,0.38202
1242.064,0.35984
1240.135,0.33989
1238.207,0.32126
1236.278,0.30371
1234.349,0.28779
1232.421,0.27365
1230.492,0.26072
1228.563,0.24886
1226.635,0.23834
1224.706,0.22878
1222.777,0.21969
1220.849,0.21147
1218.920,0.20429
1216.991,0.19752
1215.063,0.19100
1213.134,0.18522
1211.205,0.17990
1209.277,0.17456
1207.348,0.16967
1205.419,0.16551
1203.490,0.16138
1201.562,0.15758
1199.633,0.15600
1197.704,0.15784
1195.776,0.16227
1193.847,0.16643
1191.918,0.16644
1189.990,0.16036
1188.061,0.15041
1186.132,0.14055
1184.204,0.13246
1182.275,0.12566
1180.346,0.12022
1178.418,0.11674
1176.489,0.11466
1174.560,0.11321
1172.632,0.11276
1170.703,0.11303
1168.774,0.11271
1166.846,0.11185
1164.917,0.11169
1162.988,0.11220
1161.060,0.11266
1159.131,0.11309
1157.202,0.11243
1155.274,0.10849
1153.345,0.10179
1151.416,0.09544
1149.488,0.09089
1147.559,0.08739
1145.630,0.08483
1143.702,0.08357
1141.773,0.08277
1139.844,0.08187
1137.916,0.08165
1135.987,0.08209
1134.058,0.08201
1132.130,0.08138
1130.201,0.08108
1128.272,0.08063
1126.344,0.07934
1124.415,0.07805
1122.486,0.07741
1120.558,0.07676
1118.629,0.07611
1116.700,0.07618
1114.772,0.07626
1112.843,0.07537
1110.914,0.07439
1108.986,0.07418
1107.057,0.07398
1105.128,0.07354
1103.200,0.07383
1101.271,0.07472
1099.342,0.07524
1097.414,0.07581
1095.485,0.07712
1093.556,0.07834
1091.628,0.07911
1089.699,0.08050
1087.770,0.08270
1085.842,0.08478
1083.913,0.08709
1081.984,0.09040
1080.056,0.09390
1078.127,0.09685
1076.198,0.10008
1074.270,0.10394
1072.341,0.10771
1070.412,0.11185
1068.484,0.11738
1066.555,0.12381
1064.626,0.13048
1062.698,0.13829
1060.769,0.14782
1058.840,0.15854
1056.912,0.17089
1054.983,0.18622
1053.054,0.20490
1051.126,0.22735
1049.197,0.25588
1047.268,0.29381
1045.339,0.34520
1043.411,0.41630
1041.482,0.51227
1039.553,0.61911
1037.625,0.67801
1035.696,0.63328
1033.767,0.52829
1031.839,0.42997
1029.910,0.35864
1027.981,0.30963
1026.053,0.27546
1024.124,0.25152
1022.195,0.23620
1020.267,0.22975
1018.338,0.23239
1016.409,0.24448
1014.481,0.26847
1012.552,0.30925
1010.623,0.37471
1008.695,0.47632
1006.766,0.62053
1004.837,0.78426
1002.909,0.89514
1000.980,0.88661
999.051,0.78068
997.123,0.64119
995.194,0.51077
993.265,0.40507
991.337,0.32558
989.408,0.26881
987.479,0.22945
985.551,0.20171
983.622,0.18084
981.693,0.16420
979.765,0.15079
977.836,0.14005
975.907,0.13100
973.979,0.12314
972.050,0.11724
970.121,0.11377
968.193,0.11206
966.264,0.11215
964.335,0.11489
962.407,0.12016
960.478,0.12754
958.549,0.13776
956.621,0.15145
954.692,0.16826
952.763,0.18831
950.835,0.21236
948.906,0.24070
946.977,0.27390
945.049,0.31342
943.120,0.35753
941.191,0.39538
939.263,0.41024
937.334,0.39511
935.405,0.36053
933.477,0.32209
931.548,0.28827
929.619,0.26047
927.691,0.23789
925.762,0.22082
923.833,0.21047
921.905,0.20709
919.976,0.20945
918.047,0.21627
916.119,0.22688
914.190,0.24067
912.261,0.25746
910.333,0.27761
908.404,0.30103
906.475,0.32669
904.547,0.35308
902.618,0.37806
900.689,0.39884
898.761,0.41352
896.832,0.42281
894.903,0.42952
892.975,0.43707
891.046,0.44851
889.117,0.46587
887.189,0.49062
885.260,0.52463
883.331,0.57079
881.402,0.63276
879.474,0.71517
877.545,0.82321
875.616,0.96097
873.688,1.12666
871.759,1.30064
869.830,1.42601
867.902,1.43471
865.973,1.35383
864.044,1.27531
862.116,1.25019
860.187,1.28424
858.258,1.36053
856.330,1.45348
854.401,1.53815
852.472,1.59690
850.544,1.62267
848.615,1.61436
846.686,1.56825
844.758,1.48639
842.829,1.39129
840.900,1.31051
838.972,1.24924
837.043,1.18734
835.114,1.10627
833.186,1.01032
831.257,0.91412
829.328,0.82723
827.400,0.75261
825.471,0.68989
823.542,0.63803
821.614,0.59584
819.685,0.56130
817.756,0.53201
815.828,0.50622
813.899,0.48251
811.970,0.45953
810.042,0.43659
808.113,0.41395
806.184,0.39207
804.256,0.37125
802.327,0.35190
800.398,0.33414
798.470,0.31764
796.541,0.30219
794.612,0.28799
792.684,0.27500
790.755,0.26282
788.826,0.25132
786.898,0.24065
784.969,0.23070
783.040,0.22128
781.112,0.21266
779.183,0.20514
777.254,0.19872
775.326,0.19379
773.397,0.19138
771.468,0.19247
769.540,0.19771
767.611,0.20797
765.682,0.22463
763.754,0.25138
761.825,0.29810
759.896,0.38450
757.968,0.53477
756.039,0.73281
754.110,0.81314
752.182,0.69012
750.253,0.57402
748.324,0.54649
746.396,0.56239
744.467,0.55376
742.538,0.50656
740.610,0.44842
738.681,0.39768
736.752,0.35837
734.824,0.33106
732.895,0.31688
730.966,0.30921
729.038,0.29305
727.109,0.26643
725.180,0.24360
723.251,0.23578
721.323,0.24149
719.394,0.24366
717.465,0.22933
715.537,0.21241
713.608,0.21280
711.679,0.24001
709.751,0.30355
707.822,0.41537
705.893,0.56912
703.965,0.69835
702.036,0.70322
700.107,0.60971
698.179,0.50693
696.250,0.42792
694.321,0.37186
692.393,0.33213
690.464,0.30390
688.535,0.28346
686.607,0.26766
684.678,0.25488
682.749,0.24434
680.821,0.23473
678.892,0.22541
676.963,0.21698
675.035,0.20965
673.106,0.20276
671.177,0.19635
669.249,0.19093
667.320,0.18596
665.391,0.18087
663.463,0.17627
661.534,0.17240
659.605,0.16848
657.677,0.16448
655.748,0.16107
653.819,0.15777
651.891,0.15395
649.962,0.15027
648.033,0.14703
646.105,0.14335
644.176,0.13925
642.247,0.13562
640.319,0.13218
638.390,0.12842
636.461,0.12515
634.533,0.12339
632.604,0.12437
630.675,0.13394
628.747,0.16717
626.818,0.24251
624.889,0.35060
622.961,0.42315
621.032,0.41911
619.103,0.38785
617.175,0.34650
615.246,0.28987
613.317,0.23958
611.389,0.20794
609.460,0.18928
607.531,0.17740
605.603,0.16890
603.674,0.16201
601.745,0.15662
599.817,0.15245
597.888,0.14844
595.959,0.14456
594.031,0.14149
592.102,0.13875
590.173,0.13586
588.245,0.13346
586.316,0.13176
584.387,0.12976
582.459,0.12749
580.530,0.12591
578.601,0.12469
576.673,0.12310
574.744,0.12167
572.815,0.12074
570.887,0.11955
568.958,0.11814
567.029,0.11724
565.101,0.11641
563.172,0.11504
561.243,0.11379
559.314,0.11305
557.386,0.11204
555.457,0.11077
553.528,0.11001
551.600,0.10941
549.671,0.10836
547.742,0.10734
545.814,0.10676
543.885,0.10610
541.956,0.10527
540.028,0.10485
538.099,0.10463
536.170,0.10392
534.242,0.10310
532.313,0.10254
530.384,0.10171
528.456,0.10064
526.527,0.10003
524.598,0.09964
522.670,0.09892
520.741,0.09830
518.812,0.09808
516.884,0.09769
514.955,0.09712
513.026,0.09687
511.098,0.09659
509.169,0.09585
507.240,0.09519
505.312,0.09482
503.383,0.09426
501.454,0.09364
499.526,0.09341
497.597,0.09320
495.668,0.09265
493.740,0.09207
491.811,0.09166
489.882,0.09128
487.954,0.09110
486.025,0.09124
484.096,0.09133
482.168,0.09141
480.239,0.09185
478.310,0.09237
476.382,0.09247
474.453,0.09266
472.524,0.09337
470.596,0.09426
468.667,0.09596
466.738,0.10044
464.810,0.10933
462.881,0.12399
460.952,0.14232
459.024,0.15408
457.095,0.14962
455.166,0.13361
453.238,0.11799
451.309,0.10770
449.380,0.10129
447.452,0.09739
445.523,0.09523
443.594,0.09333
441.666,0.09134
439.737,0.09034
437.808,0.09038
435.880,0.09024
433.951,0.08996
432.022,0.09049
430.094,0.09144
428.165,0.09212
426.236,0.09283
424.308,0.09377
422.379,0.09487
420.450,0.09640
418.522,0.09817
416.593,0.09921
414.664,0.09962
412.736,0.10169
410.807,0.10691
408.878,0.11415
406.950,0.12211
405.021,0.13058
403.092,0.14138
401.163,0.15608
399.235,0.17254
