7600.891,0.39563
7598.962,0.39536
7597.034,0.39527
7595.105,0.39523
7593.176,0.39528
7591.248,0.39527
7589.319,0.39505
7587.390,0.39476
7585.462,0.39454
7583.533,0.39439
7581.604,0.39428
7579.676,0.39420
7577.747,0.39400
7575.818,0.39376
7573.890,0.39379
7571.961,0.39395
7570.032,0.39389
7568.104,0.39374
7566.175,0.39368
7564.246,0.39355
7562.318,0.39325
7560.389,0.39302
7558.460,0.39291
7556.532,0.39275
7554.603,0.39255
7552.674,0.39244
7550.746,0.39249
7548.817,0.39251
7546.888,0.39224
7544.960,0.39182
7543.031,0.39155
7541.102,0.39148
7539.174,0.39147
7537.245,0.39139
7535.316,0.39124
7533.388,0.39110
7531.459,0.39097
7529.530,0.39083
7527.602,0.39072
7525.673,0.39056
7523.744,0.39031
7521.816,0.39006
7519.887,0.38988
7517.958,0.38981
7516.030,0.38981
7514.101,0.38976
7512.172,0.38948
7510.244,0.38914
7508.315,0.38900
7506.386,0.38898
7504.458,0.38889
7502.529,0.38875
7500.600,0.38861
7498.672,0.38854
7496.743,0.38856
7494.814,0.38859
7492.885,0.38858
7490.957,0.38847
7489.028,0.38820
7487.099,0.38790
7485.171,0.38779
7483.242,0.38772
7481.313,0.38747
7479.385,0.38710
7477.456,0.38687
7475.527,0.38684
7473.599,0.38684
7471.670,0.38672
7469.741,0.38649
7467.813,0.38628
7465.884,0.38613
7463.955,0.38596
7462.027,0.38586
7460.098,0.38587
7458.169,0.38587
7456.241,0.38568
7454.312,0.38537
7452.383,0.38524
7450.455,0.38528
7448.526,0.38516
7446.597,0.38485
7444.669,0.38459
7442.740,0.38443
7440.811,0.38430
7438.883,0.38417
7436.954,0.38407
7435.025,0.38402
7433.097,0.38397
7431.168,0.38387
7429.239,0.38382
7427.311,0.38389
7425.382,0.38395
7423.453,0.38381
7421.525,0.38350
7419.596,0.38315
7417.667,0.38280
7415.739,0.38260
7413.810,0.38260
7411.881,0.38264
7409.953,0.38264
7408.024,0.38255
7406.095,0.38238
7404.167,0.38210
7402.238,0.38173
7400.309,0.38146
7398.381,0.38147
7396.452,0.38163
7394.523,0.38165
7392.595,0.38153
7390.666,0.38144
7388.737,0.38127
7386.809,0.38101
7384.880,0.38097
7382.951,0.38101
7381.023,0.38071
7379.094,0.38026
7377.165,0.38011
7375.237,0.38017
7373.308,0.38010
7371.379,0.37993
7369.451,0.37979
7367.522,0.37951
7365.593,0.37924
7363.665,0.37923
7361.736,0.37926
7359.807,0.37905
7357.879,0.37879
7355.950,0.37875
7354.021,0.37874
7352.093,0.37848
7350.164,0.37816
7348.235,0.37805
7346.307,0.37812
7344.378,0.37816
7342.449,0.37803
7340.521,0.37770
7338.592,0.37743
7336.663,0.37745
7334.734,0.37760
7332.806,0.37753
7330.877,0.37723
7328.948,0.37699
7327.020,0.37682
7325.091,0.37671
7323.162,0.37668
7321.234,0.37660
7319.305,0.37652
7317.376,0.37656
7315.448,0.37653
7313.519,0.37626
7311.590,0.37586
7309.662,0.37555
7307.733,0.37547
7305.804,0.37555
7303.876,0.37556
7301.947,0.37539
7300.018,0.37521
7298.090,0.37514
7296.161,0.37510
7294.232,0.37504
7292.304,0.37499
7290.375,0.37490
7288.446,0.37470
7286.518,0.37438
7284.589,0.37409
7282.660,0.37392
7280.732,0.37384
7278.803,0.37387
7276.874,0.37387
7274.946,0.37374
7273.017,0.37348
7271.088,0.37314
7269.160,0.37290
7267.231,0.37281
7265.302,0.37266
7263.374,0.37243
7261.445,0.37219
7259.516,0.37207
7257.588,0.37210
7255.659,0.37217
7253.730,0.37217
7251.802,0.37204
7249.873,0.37172
7247.944,0.37139
7246.016,0.37126
7244.087,0.37115
7242.158,0.37093
7240.230,0.37078
7238.301,0.37073
7236.372,0.37063
7234.444,0.37042
7232.515,0.37027
7230.586,0.37033
7228.658,0.37047
7226.729,0.37047
7224.800,0.37038
7222.872,0.37030
7220.943,0.37017
7219.014,0.36992
7217.086,0.36956
7215.157,0.36926
7213.228,0.36915
7211.300,0.36914
7209.371,0.36896
7207.442,0.36866
7205.514,0.36850
7203.585,0.36852
7201.656,0.36853
7199.728,0.36841
7197.799,0.36826
7195.870,0.36807
7193.942,0.36784
7192.013,0.36775
7190.084,0.36777
7188.156,0.36775
7186.227,0.36766
7184.298,0.36750
7182.370,0.36725
7180.441,0.36693
7178.512,0.36662
7176.584,0.36643
7174.655,0.36647
7172.726,0.36661
7170.797,0.36658
7168.869,0.36638
7166.940,0.36616
7165.011,0.36589
7163.083,0.36557
7161.154,0.36543
7159.225,0.36559
7157.297,0.36573
7155.368,0.36562
7153.439,0.36536
7151.511,0.36510
7149.582,0.36498
7147.653,0.36501
7145.725,0.36498
7143.796,0.36477
7141.867,0.36454
7139.939,0.36435
7138.010,0.36424
7136.081,0.36426
7134.153,0.36425
7132.224,0.36397
7130.295,0.36357
7128.367,0.36332
7126.438,0.36319
7124.509,0.36306
7122.581,0.36294
7120.652,0.36291
7118.723,0.36289
7116.795,0.36272
7114.866,0.36254
7112.937,0.36248
7111.009,0.36251
7109.080,0.36252
7107.151,0.36237
7105.223,0.36206
7103.294,0.36177
7101.365,0.36156
7099.437,0.36143
7097.508,0.36142
7095.579,0.36150
7093.651,0.36157
7091.722,0.36152
7089.793,0.36136
7087.865,0.36119
7085.936,0.36104
7084.007,0.36086
7082.079,0.36060
7080.150,0.36039
7078.221,0.36024
7076.293,0.36007
7074.364,0.35990
7072.435,0.35982
7070.507,0.35978
7068.578,0.35977
7066.649,0.35974
7064.721,0.35967
7062.792,0.35962
7060.863,0.35951
7058.935,0.35928
7057.006,0.35907
7055.077,0.35897
7053.149,0.35889
7051.220,0.35872
7049.291,0.35846
7047.363,0.35825
7045.434,0.35821
7043.505,0.35833
7041.577,0.35836
7039.648,0.35814
7037.719,0.35784
7035.791,0.35769
7033.862,0.35763
7031.933,0.35748
7030.005,0.35721
7028.076,0.35701
7026.147,0.35698
7024.219,0.35701
7022.290,0.35691
7020.361,0.35672
7018.433,0.35660
7016.504,0.35660
7014.575,0.35653
7012.646,0.35633
7010.718,0.35612
7008.789,0.35601
7006.860,0.35592
7004.932,0.35574
7003.003,0.35554
7001.074,0.35546
6999.146,0.35541
6997.217,0.35524
6995.288,0.35507
6993.360,0.35504
6991.431,0.35499
6989.502,0.35479
6987.574,0.35459
6985.645,0.35442
6983.716,0.35429
6981.788,0.35427
6979.859,0.35420
6977.930,0.35401
6976.002,0.35385
6974.073,0.35386
6972.144,0.35394
6970.216,0.35391
6968.287,0.35364
6966.358,0.35327
6964.430,0.35294
6962.501,0.35278
6960.572,0.35279
6958.644,0.35279
6956.715,0.35264
6954.786,0.35243
6952.858,0.35233
6950.929,0.35226
6949.000,0.35205
6947.072,0.35180
6945.143,0.35164
6943.214,0.35147
6941.286,0.35129
6939.357,0.35121
6937.428,0.35115
6935.500,0.35104
6933.571,0.35094
6931.642,0.35089
6929.714,0.35081
6927.785,0.35061
6925.856,0.35038
6923.928,0.35026
6921.999,0.35018
6920.070,0.35002
6918.142,0.34985
6916.213,0.34974
6914.284,0.34970
6912.356,0.34962
6910.427,0.34946
6908.498,0.34931
6906.570,0.34920
6904.641,0.34915
6902.712,0.34914
6900.784,0.34903
6898.855,0.34870
6896.926,0.34830
6894.998,0.34809
6893.069,0.34803
6891.140,0.34792
6889.212,0.34783
6887.283,0.34773
6885.354,0.34753
6883.426,0.34739
6881.497,0.34746
6879.568,0.34751
6877.640,0.34738
6875.711,0.34718
6873.782,0.34698
6871.854,0.34677
6869.925,0.34656
6867.996,0.34643
6866.068,0.34635
6864.139,0.34626
6862.210,0.34609
6860.282,0.34582
6858.353,0.34560
6856.424,0.34549
6854.496,0.34536
6852.567,0.34519
6850.638,0.34504
6848.709,0.34491
6846.781,0.34475
6844.852,0.34458
6842.923,0.34444
6840.995,0.34435
6839.066,0.34420
6837.137,0.34397
6835.209,0.34381
6833.280,0.34373
6831.351,0.34361
6829.423,0.34349
6827.494,0.34341
6825.565,0.34334
6823.637,0.34328
6821.708,0.34313
6819.779,0.34297
6817.851,0.34289
6815.922,0.34277
6813.993,0.34257
6812.065,0.34236
6810.136,0.34212
6808.207,0.34200
6806.279,0.34199
6804.350,0.34187
6802.421,0.34161
6800.493,0.34135
6798.564,0.34116
6796.635,0.34103
6794.707,0.34092
6792.778,0.34086
6790.849,0.34081
6788.921,0.34067
6786.992,0.34047
6785.063,0.34033
6783.135,0.34022
6781.206,0.34004
6779.277,0.33985
6777.349,0.33967
6775.420,0.33948
6773.491,0.33932
6771.563,0.33917
6769.634,0.33897
6767.705,0.33888
6765.777,0.33889
6763.848,0.33880
6761.919,0.33858
6759.991,0.33839
6758.062,0.33825
6756.133,0.33813
6754.205,0.33806
6752.276,0.33799
6750.347,0.33792
6748.419,0.33780
6746.490,0.33755
6744.561,0.33724
6742.633,0.33707
6740.704,0.33706
6738.775,0.33699
6736.847,0.33680
6734.918,0.33661
6732.989,0.33649
6731.061,0.33646
6729.132,0.33635
6727.203,0.33610
6725.275,0.33589
6723.346,0.33588
6721.417,0.33591
6719.489,0.33585
6717.560,0.33571
6715.631,0.33552
6713.703,0.33538
6711.774,0.33528
6709.845,0.33510
6707.917,0.33484
6705.988,0.33464
6704.059,0.33448
6702.131,0.33432
6700.202,0.33421
6698.273,0.33415
6696.345,0.33408
6694.416,0.33392
6692.487,0.33366
6690.558,0.33341
6688.630,0.33327
6686.701,0.33326
6684.772,0.33330
6682.844,0.33323
6680.915,0.33302
6678.986,0.33285
6677.058,0.33279
6675.129,0.33271
6673.200,0.33257
6671.272,0.33244
6669.343,0.33227
6667.414,0.33208
6665.486,0.33194
6663.557,0.33184
6661.628,0.33173
6659.700,0.33159
6657.771,0.33147
6655.842,0.33146
6653.914,0.33146
6651.985,0.33131
6650.056,0.33108
6648.128,0.33095
6646.199,0.33085
6644.270,0.33066
6642.342,0.33042
6640.413,0.33019
6638.484,0.33002
6636.556,0.32994
6634.627,0.32992
6632.698,0.32983
6630.770,0.32964
6628.841,0.32944
6626.912,0.32924
6624.984,0.32913
6623.055,0.32914
6621.126,0.32913
6619.198,0.32906
6617.269,0.32893
6615.340,0.32879
6613.412,0.32869
6611.483,0.32861
6609.554,0.32848
6607.626,0.32828
6605.697,0.32803
6603.768,0.32782
6601.840,0.32772
6599.911,0.32768
6597.982,0.32763
6596.054,0.32750
6594.125,0.32730
6592.196,0.32712
6590.268,0.32699
6588.339,0.32686
6586.410,0.32674
6584.482,0.32658
6582.553,0.32640
6580.624,0.32629
6578.696,0.32628
6576.767,0.32616
6574.838,0.32595
6572.910,0.32580
6570.981,0.32569
6569.052,0.32559
6567.124,0.32555
6565.195,0.32549
6563.266,0.32538
6561.338,0.32533
6559.409,0.32537
6557.480,0.32542
6555.552,0.32541
6553.623,0.32538
6551.694,0.32538
6549.766,0.32534
6547.837,0.32520
6545.908,0.32497
6543.980,0.32468
6542.051,0.32436
6540.122,0.32405
6538.194,0.32372
6536.265,0.32336
6534.336,0.32305
6532.408,0.32286
6530.479,0.32276
6528.550,0.32265
6526.621,0.32248
6524.693,0.32228
6522.764,0.32211
6520.835,0.32196
6518.907,0.32174
6516.978,0.32150
6515.049,0.32132
6513.121,0.32119
6511.192,0.32103
6509.263,0.32089
6507.335,0.32081
6505.406,0.32073
6503.477,0.32060
6501.549,0.32042
6499.620,0.32020
6497.691,0.32002
6495.763,0.31992
6493.834,0.31987
6491.905,0.31975
6489.977,0.31955
6488.048,0.31939
6486.119,0.31926
6484.191,0.31908
6482.262,0.31891
6480.333,0.31878
6478.405,0.31863
6476.476,0.31851
6474.547,0.31849
6472.619,0.31848
6470.690,0.31839
6468.761,0.31823
6466.833,0.31807
6464.904,0.31797
6462.975,0.31784
6461.047,0.31762
6459.118,0.31745
6457.189,0.31740
6455.261,0.31742
6453.332,0.31741
6451.403,0.31728
6449.475,0.31703
6447.546,0.31677
6445.617,0.31657
6443.689,0.31641
6441.760,0.31628
6439.831,0.31613
6437.903,0.31596
6435.974,0.31582
6434.045,0.31580
6432.117,0.31575
6430.188,0.31554
6428.259,0.31528
6426.331,0.31516
6424.402,0.31513
6422.473,0.31507
6420.545,0.31493
6418.616,0.31477
6416.687,0.31467
6414.759,0.31458
6412.830,0.31449
6410.901,0.31441
6408.973,0.31428
6407.044,0.31409
6405.115,0.31390
6403.187,0.31373
6401.258,0.31356
6399.329,0.31342
6397.401,0.31326
6395.472,0.31306
6393.543,0.31290
6391.615,0.31280
6389.686,0.31275
6387.757,0.31270
6385.829,0.31256
6383.900,0.31232
6381.971,0.31214
6380.043,0.31207
6378.114,0.31201
6376.185,0.31193
6374.257,0.31186
6372.328,0.31179
6370.399,0.31168
6368.471,0.31151
6366.542,0.31127
6364.613,0.31105
6362.684,0.31093
6360.756,0.31086
6358.827,0.31077
6356.898,0.31067
6354.970,0.31060
6353.041,0.31051
6351.112,0.31033
6349.184,0.31011
6347.255,0.30994
6345.326,0.30986
6343.398,0.30982
6341.469,0.30974
6339.540,0.30961
6337.612,0.30946
6335.683,0.30929
6333.754,0.30915
6331.826,0.30906
6329.897,0.30892
6327.968,0.30871
6326.040,0.30855
6324.111,0.30846
6322.182,0.30833
6320.254,0.30817
6318.325,0.30805
6316.396,0.30796
6314.468,0.30787
6312.539,0.30775
6310.610,0.30759
6308.682,0.30747
6306.753,0.30737
6304.824,0.30720
6302.896,0.30701
6300.967,0.30683
6299.038,0.30672
6297.110,0.30670
6295.181,0.30671
6293.252,0.30661
6291.324,0.30640
6289.395,0.30621
6287.466,0.30605
6285.538,0.30588
6283.609,0.30575
6281.680,0.30567
6279.752,0.30561
6277.823,0.30555
6275.894,0.30549
6273.966,0.30540
6272.037,0.30526
6270.108,0.30511
6268.180,0.30499
6266.251,0.30486
6264.322,0.30468
6262.394,0.30450
6260.465,0.30439
6258.536,0.30430
6256.608,0.30417
6254.679,0.30408
6252.750,0.30404
6250.822,0.30393
6248.893,0.30373
6246.964,0.30352
6245.036,0.30336
6243.107,0.30326
6241.178,0.30319
6239.250,0.30310
6237.321,0.30295
6235.392,0.30278
6233.464,0.30260
6231.535,0.30241
6229.606,0.30222
6227.678,0.30209
6225.749,0.30205
6223.820,0.30202
6221.892,0.30192
6219.963,0.30174
6218.034,0.30153
6216.106,0.30133
6214.177,0.30116
6212.248,0.30105
6210.320,0.30102
6208.391,0.30098
6206.462,0.30085
6204.533,0.30065
6202.605,0.30045
6200.676,0.30030
6198.747,0.30023
6196.819,0.30015
6194.890,0.30001
6192.961,0.29988
6191.033,0.29983
6189.104,0.29979
6187.175,0.29969
6185.247,0.29950
6183.318,0.29928
6181.389,0.29914
6179.461,0.29906
6177.532,0.29897
6175.603,0.29890
6173.675,0.29882
6171.746,0.29869
6169.817,0.29855
6167.889,0.29841
6165.960,0.29827
6164.031,0.29810
6162.103,0.29794
6160.174,0.29780
6158.245,0.29767
6156.317,0.29755
6154.388,0.29750
6152.459,0.29748
6150.531,0.29743
6148.602,0.29728
6146.673,0.29708
6144.745,0.29693
6142.816,0.29686
6140.887,0.29682
6138.959,0.29676
6137.030,0.29664
6135.101,0.29649
6133.173,0.29636
6131.244,0.29629
6129.315,0.29624
6127.387,0.29616
6125.458,0.29605
6123.529,0.29595
6121.601,0.29584
6119.672,0.29567
6117.743,0.29545
6115.815,0.29527
6113.886,0.29516
6111.957,0.29512
6110.029,0.29501
6108.100,0.29482
6106.171,0.29467
6104.243,0.29464
6102.314,0.29458
6100.385,0.29443
6098.457,0.29427
6096.528,0.29413
6094.599,0.29399
6092.671,0.29386
6090.742,0.29377
6088.813,0.29369
6086.885,0.29359
6084.956,0.29349
6083.027,0.29346
6081.099,0.29339
6079.170,0.29322
6077.241,0.29310
6075.313,0.29312
6073.384,0.29314
6071.455,0.29304
6069.527,0.29288
6067.598,0.29276
6065.669,0.29275
6063.741,0.29279
6061.812,0.29284
6059.883,0.29290
6057.955,0.29300
6056.026,0.29318
6054.097,0.29339
6052.169,0.29358
6050.240,0.29372
6048.311,0.29376
6046.383,0.29367
6044.454,0.29340
6042.525,0.29295
6040.596,0.29242
6038.668,0.29187
6036.739,0.29141
6034.810,0.29111
6032.882,0.29088
6030.953,0.29065
6029.024,0.29043
6027.096,0.29023
6025.167,0.29009
6023.238,0.29001
6021.310,0.28997
6019.381,0.29003
6017.452,0.29020
6015.524,0.29038
6013.595,0.29042
6011.666,0.29025
6009.738,0.28995
6007.809,0.28961
6005.880,0.28933
6003.952,0.28909
6002.023,0.28893
6000.094,0.28881
5998.166,0.28867
5996.237,0.28856
5994.308,0.28846
5992.380,0.28840
5990.451,0.28839
5988.522,0.28844
5986.594,0.28847
5984.665,0.28848
5982.736,0.28851
5980.808,0.28864
5978.879,0.28891
5976.950,0.28923
5975.022,0.28953
5973.093,0.28980
5971.164,0.28995
5969.236,0.28985
5967.307,0.28950
5965.378,0.28899
5963.450,0.28845
5961.521,0.28793
5959.592,0.28751
5957.664,0.28724
5955.735,0.28708
5953.806,0.28692
5951.878,0.28677
5949.949,0.28663
5948.020,0.28655
5946.092,0.28650
5944.163,0.28642
5942.234,0.28631
5940.306,0.28626
5938.377,0.28626
5936.448,0.28624
5934.520,0.28624
5932.591,0.28629
5930.662,0.28636
5928.734,0.28643
5926.805,0.28646
5924.876,0.28646
5922.948,0.28645
5921.019,0.28645
5919.090,0.28647
5917.162,0.28648
5915.233,0.28644
5913.304,0.28633
5911.376,0.28616
5909.447,0.28598
5907.518,0.28583
5905.590,0.28570
5903.661,0.28551
5901.732,0.28525
5899.804,0.28504
5897.875,0.28493
5895.946,0.28487
5894.018,0.28487
5892.089,0.28489
5890.160,0.28492
5888.232,0.28496
5886.303,0.28502
5884.374,0.28508
5882.445,0.28512
5880.517,0.28515
5878.588,0.28517
5876.659,0.28522
5874.731,0.28530
5872.802,0.28537
5870.873,0.28540
5868.945,0.28545
5867.016,0.28556
5865.087,0.28571
5863.159,0.28583
5861.230,0.28591
5859.301,0.28598
5857.373,0.28604
5855.444,0.28609
5853.515,0.28615
5851.587,0.28621
5849.658,0.28622
5847.729,0.28619
5845.801,0.28614
5843.872,0.28609
5841.943,0.28604
5840.015,0.28598
5838.086,0.28589
5836.157,0.28574
5834.229,0.28553
5832.300,0.28529
5830.371,0.28502
5828.443,0.28471
5826.514,0.28439
5824.585,0.28409
5822.657,0.28379
5820.728,0.28347
5818.799,0.28318
5816.871,0.28294
5814.942,0.28270
5813.013,0.28244
5811.085,0.28220
5809.156,0.28199
5807.227,0.28179
5805.299,0.28160
5803.370,0.28141
5801.441,0.28122
5799.513,0.28096
5797.584,0.28061
5795.655,0.28028
5793.727,0.28004
5791.798,0.27986
5789.869,0.27966
5787.941,0.27943
5786.012,0.27914
5784.083,0.27883
5782.155,0.27855
5780.226,0.27832
5778.297,0.27816
5776.369,0.27796
5774.440,0.27766
5772.511,0.27731
5770.583,0.27691
5768.654,0.27650
5766.725,0.27611
5764.797,0.27579
5762.868,0.27548
5760.939,0.27517
5759.011,0.27488
5757.082,0.27463
5755.153,0.27443
5753.225,0.27428
5751.296,0.27417
5749.367,0.27406
5747.439,0.27391
5745.510,0.27371
5743.581,0.27349
5741.653,0.27328
5739.724,0.27310
5737.795,0.27292
5735.867,0.27280
5733.938,0.27275
5732.009,0.27269
5730.081,0.27262
5728.152,0.27258
5726.223,0.27261
5724.295,0.27268
5722.366,0.27278
5720.437,0.27289
5718.508,0.27300
5716.580,0.27311
5714.651,0.27327
5712.722,0.27350
5710.794,0.27377
5708.865,0.27404
5706.936,0.27429
5705.008,0.27457
5703.079,0.27491
5701.150,0.27517
5699.222,0.27525
5697.293,0.27508
5695.364,0.27465
5693.436,0.27399
5691.507,0.27323
5689.578,0.27248
5687.650,0.27183
5685.721,0.27126
5683.792,0.27074
5681.864,0.27025
5679.935,0.26983
5678.006,0.26944
5676.078,0.26908
5674.149,0.26877
5672.220,0.26849
5670.292,0.26821
5668.363,0.26791
5666.434,0.26762
5664.506,0.26735
5662.577,0.26710
5660.648,0.26688
5658.720,0.26665
5656.791,0.26641
5654.862,0.26615
5652.934,0.26590
5651.005,0.26566
5649.076,0.26540
5647.148,0.26512
5645.219,0.26487
5643.290,0.26466
5641.362,0.26450
5639.433,0.26433
5637.504,0.26411
5635.576,0.26391
5633.647,0.26375
5631.718,0.26359
5629.790,0.26341
5627.861,0.26323
5625.932,0.26309
5624.004,0.26295
5622.075,0.26279
5620.146,0.26260
5618.218,0.26241
5616.289,0.26225
5614.360,0.26213
5612.432,0.26203
5610.503,0.26191
5608.574,0.26177
5606.646,0.26163
5604.717,0.26147
5602.788,0.26129
5600.860,0.26115
5598.931,0.26105
5597.002,0.26093
5595.074,0.26078
5593.145,0.26059
5591.216,0.26038
5589.288,0.26020
5587.359,0.26009
5585.430,0.25997
5583.502,0.25984
5581.573,0.25972
5579.644,0.25960
5577.716,0.25946
5575.787,0.25930
5573.858,0.25913
5571.930,0.25900
5570.001,0.25891
5568.072,0.25882
5566.144,0.25872
5564.215,0.25862
5562.286,0.25852
5560.357,0.25840
5558.429,0.25828
5556.500,0.25815
5554.571,0.25802
5552.643,0.25793
5550.714,0.25784
5548.785,0.25770
5546.857,0.25755
5544.928,0.25742
5542.999,0.25734
5541.071,0.25724
5539.142,0.25711
5537.213,0.25699
5535.285,0.25689
5533.356,0.25677
5531.427,0.25660
5529.499,0.25640
5527.570,0.25621
5525.641,0.25606
5523.713,0.25591
5521.784,0.25573
5519.855,0.25557
5517.927,0.25545
5515.998,0.25534
5514.069,0.25519
5512.141,0.25503
5510.212,0.25490
5508.283,0.25476
5506.355,0.25457
5504.426,0.25440
5502.497,0.25429
5500.569,0.25419
5498.640,0.25406
5496.711,0.25393
5494.783,0.25383
5492.854,0.25373
5490.925,0.25362
5488.997,0.25348
5487.068,0.25333
5485.139,0.25320
5483.211,0.25310
5481.282,0.25299
5479.353,0.25287
5477.425,0.25274
5475.496,0.25260
5473.567,0.25243
5471.639,0.25225
5469.710,0.25211
5467.781,0.25200
5465.853,0.25188
5463.924,0.25174
5461.995,0.25164
5460.067,0.25159
5458.138,0.25154
5456.209,0.25143
5454.281,0.25129
5452.352,0.25114
5450.423,0.25101
5448.495,0.25091
5446.566,0.25079
5444.637,0.25064
5442.709,0.25050
5440.780,0.25039
5438.851,0.25029
5436.923,0.25016
5434.994,0.25001
5433.065,0.24984
5431.137,0.24971
5429.208,0.24961
5427.279,0.24952
5425.351,0.24940
5423.422,0.24927
5421.493,0.24914
5419.565,0.24907
5417.636,0.24898
5415.707,0.24885
5413.779,0.24872
5411.850,0.24860
5409.921,0.24847
5407.993,0.24835
5406.064,0.24822
5404.135,0.24806
5402.207,0.24790
5400.278,0.24777
5398.349,0.24767
5396.420,0.24756
5394.492,0.24744
5392.563,0.24737
5390.634,0.24731
5388.706,0.24723
5386.777,0.24711
5384.848,0.24700
5382.920,0.24687
5380.991,0.24673
5379.062,0.24660
5377.134,0.24650
5375.205,0.24640
5373.276,0.24628
5371.348,0.24615
5369.419,0.24604
5367.490,0.24592
5365.562,0.24578
5363.633,0.24566
5361.704,0.24557
5359.776,0.24550
5357.847,0.24541
5355.918,0.24533
5353.990,0.24529
5352.061,0.24526
5350.132,0.24517
5348.204,0.24502
5346.275,0.24486
5344.346,0.24477
5342.418,0.24472
5340.489,0.24465
5338.560,0.24452
5336.632,0.24437
5334.703,0.24426
5332.774,0.24417
5330.846,0.24407
5328.917,0.24393
5326.988,0.24376
5325.060,0.24359
5323.131,0.24346
5321.202,0.24334
5319.274,0.24321
5317.345,0.24308
5315.416,0.24296
5313.488,0.24284
5311.559,0.24271
5309.630,0.24253
5307.702,0.24235
5305.773,0.24221
5303.844,0.24208
5301.916,0.24192
5299.987,0.24174
5298.058,0.24157
5296.130,0.24143
5294.201,0.24131
5292.272,0.24122
5290.344,0.24111
5288.415,0.24097
5286.486,0.24084
5284.558,0.24071
5282.629,0.24057
5280.700,0.24045
5278.772,0.24033
5276.843,0.24020
5274.914,0.24006
5272.986,0.23994
5271.057,0.23984
5269.128,0.23977
5267.200,0.23966
5265.271,0.23949
5263.342,0.23934
5261.414,0.23924
5259.485,0.23915
5257.556,0.23903
5255.628,0.23885
5253.699,0.23866
5251.770,0.23852
5249.842,0.23840
5247.913,0.23829
5245.984,0.23817
5244.056,0.23804
5242.127,0.23794
5240.198,0.23784
5238.269,0.23769
5236.341,0.23753
5234.412,0.23742
5232.483,0.23733
5230.555,0.23725
5228.626,0.23714
5226.697,0.23704
5224.769,0.23694
5222.840,0.23684
5220.911,0.23671
5218.983,0.23654
5217.054,0.23635
5215.125,0.23621
5213.197,0.23615
5211.268,0.23610
5209.339,0.23598
5207.411,0.23586
5205.482,0.23576
5203.553,0.23565
5201.625,0.23553
5199.696,0.23538
5197.767,0.23528
5195.839,0.23522
5193.910,0.23515
5191.981,0.23506
5190.053,0.23497
5188.124,0.23487
5186.195,0.23475
5184.267,0.23464
5182.338,0.23454
5180.409,0.23442
5178.481,0.23429
5176.552,0.23415
5174.623,0.23400
5172.695,0.23386
5170.766,0.23379
5168.837,0.23373
5166.909,0.23363
5164.980,0.23351
5163.051,0.23340
5161.123,0.23328
5159.194,0.23313
5157.265,0.23299
5155.337,0.23290
5153.408,0.23281
5151.479,0.23270
5149.551,0.23256
5147.622,0.23242
5145.693,0.23231
5143.765,0.23223
5141.836,0.23216
5139.907,0.23207
5137.979,0.23197
5136.050,0.23188
5134.121,0.23181
5132.193,0.23172
5130.264,0.23162
5128.335,0.23153
5126.407,0.23147
5124.478,0.23139
5122.549,0.23129
5120.621,0.23119
5118.692,0.23108
5116.763,0.23095
5114.835,0.23082
5112.906,0.23069
5110.977,0.23055
5109.049,0.23038
5107.120,0.23023
5105.191,0.23009
5103.263,0.22993
5101.334,0.22979
5099.405,0.22968
5097.477,0.22957
5095.548,0.22946
5093.619,0.22935
5091.691,0.22927
5089.762,0.22919
5087.833,0.22911
5085.905,0.22902
5083.976,0.22892
5082.047,0.22875
5080.119,0.22854
5078.190,0.22838
5076.261,0.22824
5074.332,0.22809
5072.404,0.22792
5070.475,0.22777
5068.546,0.22759
5066.618,0.22742
5064.689,0.22725
5062.760,0.22708
5060.832,0.22694
5058.903,0.22685
5056.974,0.22675
5055.046,0.22661
5053.117,0.22647
5051.188,0.22633
5049.260,0.22618
5047.331,0.22604
5045.402,0.22593
5043.474,0.22583
5041.545,0.22574
5039.616,0.22560
5037.688,0.22545
5035.759,0.22533
5033.830,0.22522
5031.902,0.22512
5029.973,0.22503
5028.044,0.22496
5026.116,0.22488
5024.187,0.22474
5022.258,0.22458
5020.330,0.22446
5018.401,0.22435
5016.472,0.22423
5014.544,0.22411
5012.615,0.22395
5010.686,0.22379
5008.758,0.22366
5006.829,0.22353
5004.900,0.22343
5002.972,0.22337
5001.043,0.22329
4999.114,0.22318
4997.186,0.22303
4995.257,0.22289
4993.328,0.22278
4991.400,0.22268
4989.471,0.22258
4987.542,0.22248
4985.614,0.22237
4983.685,0.22225
4981.756,0.22211
4979.828,0.22198
4977.899,0.22182
4975.970,0.22167
4974.042,0.22156
4972.113,0.22148
4970.184,0.22137
4968.256,0.22123
4966.327,0.22109
4964.398,0.22093
4962.470,0.22079
4960.541,0.22073
4958.612,0.22069
4956.684,0.22059
4954.755,0.22044
4952.826,0.22029
4950.898,0.22017
4948.969,0.22005
4947.040,0.21994
4945.112,0.21985
4943.183,0.21979
4941.254,0.21969
4939.326,0.21956
4937.397,0.21943
4935.468,0.21931
4933.540,0.21922
4931.611,0.21913
4929.682,0.21902
4927.754,0.21890
4925.825,0.21877
4923.896,0.21864
4921.968,0.21854
4920.039,0.21848
4918.110,0.21843
4916.181,0.21834
4914.253,0.21822
4912.324,0.21810
4910.395,0.21795
4908.467,0.21782
4906.538,0.21771
4904.609,0.21764
4902.681,0.21759
4900.752,0.21752
4898.823,0.21741
4896.895,0.21730
4894.966,0.21726
4893.037,0.21732
4891.109,0.21747
4889.180,0.21764
4887.251,0.21781
4885.323,0.21791
4883.394,0.21783
4881.465,0.21753
4879.537,0.21710
4877.608,0.21667
4875.679,0.21633
4873.751,0.21607
4871.822,0.21585
4869.893,0.21565
4867.965,0.21547
4866.036,0.21535
4864.107,0.21526
4862.179,0.21517
4860.250,0.21506
4858.321,0.21496
4856.393,0.21484
4854.464,0.21471
4852.535,0.21458
4850.607,0.21446
4848.678,0.21434
4846.749,0.21422
4844.821,0.21413
4842.892,0.21404
4840.963,0.21392
4839.035,0.21378
4837.106,0.21365
4835.177,0.21356
4833.249,0.21348
4831.320,0.21340
4829.391,0.21327
4827.463,0.21313
4825.534,0.21301
4823.605,0.21293
4821.677,0.21285
4819.748,0.21276
4817.819,0.21271
4815.891,0.21267
4813.962,0.21258
4812.033,0.21244
4810.105,0.21233
4808.176,0.21227
4806.247,0.21220
4804.319,0.21209
4802.390,0.21195
4800.461,0.21179
4798.533,0.21165
4796.604,0.21154
4794.675,0.21142
4792.747,0.21130
4790.818,0.21117
4788.889,0.21103
4786.961,0.21090
4785.032,0.21076
4783.103,0.21064
4781.175,0.21057
4779.246,0.21053
4777.317,0.21045
4775.389,0.21032
4773.460,0.21017
4771.531,0.21002
4769.603,0.20990
4767.674,0.20979
4765.745,0.20968
4763.817,0.20959
4761.888,0.20953
4759.959,0.20944
4758.031,0.20931
4756.102,0.20918
4754.173,0.20908
4752.244,0.20900
4750.316,0.20891
4748.387,0.20879
4746.458,0.20866
4744.530,0.20854
4742.601,0.20842
4740.672,0.20829
4738.744,0.20817
4736.815,0.20805
4734.886,0.20794
4732.958,0.20784
4731.029,0.20775
4729.100,0.20767
4727.172,0.20761
4725.243,0.20754
4723.314,0.20745
4721.386,0.20735
4719.457,0.20725
4717.528,0.20712
4715.600,0.20695
4713.671,0.20681
4711.742,0.20671
4709.814,0.20663
4707.885,0.20656
4705.956,0.20650
4704.028,0.20642
4702.099,0.20633
4700.170,0.20626
4698.242,0.20625
4696.313,0.20627
4694.384,0.20629
4692.456,0.20631
4690.527,0.20633
4688.598,0.20631
4686.670,0.20621
4684.741,0.20612
4682.812,0.20608
4680.884,0.20605
4678.955,0.20603
4677.026,0.20600
4675.098,0.20596
4673.169,0.20591
4671.240,0.20588
4669.312,0.20582
4667.383,0.20567
4665.454,0.20548
4663.526,0.20533
4661.597,0.20519
4659.668,0.20503
4657.740,0.20490
4655.811,0.20480
4653.882,0.20471
4651.954,0.20459
4650.025,0.20445
4648.096,0.20428
4646.168,0.20412
4644.239,0.20400
4642.310,0.20392
4640.382,0.20385
4638.453,0.20378
4636.524,0.20371
4634.596,0.20365
4632.667,0.20356
4630.738,0.20339
4628.810,0.20319
4626.881,0.20300
4624.952,0.20284
4623.024,0.20269
4621.095,0.20253
4619.166,0.20232
4617.238,0.20209
4615.309,0.20189
4613.380,0.20172
4611.452,0.20158
4609.523,0.20146
4607.594,0.20136
4605.666,0.20125
4603.737,0.20111
4601.808,0.20098
4599.880,0.20088
4597.951,0.20077
4596.022,0.20067
4594.093,0.20061
4592.165,0.20055
4590.236,0.20046
4588.307,0.20037
4586.379,0.20031
4584.450,0.20024
4582.521,0.20016
4580.593,0.20012
4578.664,0.20009
4576.735,0.20005
4574.807,0.20000
4572.878,0.19996
4570.949,0.19993
4569.021,0.19989
4567.092,0.19981
4565.163,0.19972
4563.235,0.19964
4561.306,0.19954
4559.377,0.19944
4557.449,0.19934
4555.520,0.19923
4553.591,0.19914
4551.663,0.19908
4549.734,0.19901
4547.805,0.19887
4545.877,0.19873
4543.948,0.19862
4542.019,0.19853
4540.091,0.19844
4538.162,0.19840
4536.233,0.19841
4534.305,0.19840
4532.376,0.19835
4530.447,0.19838
4528.519,0.19854
4526.590,0.19875
4524.661,0.19899
4522.733,0.19916
4520.804,0.19911
4518.875,0.19880
4516.947,0.19837
4515.018,0.19799
4513.089,0.19771
4511.161,0.19753
4509.232,0.19746
4507.303,0.19744
4505.375,0.19745
4503.446,0.19753
4501.517,0.19771
4499.589,0.19797
4497.660,0.19826
4495.731,0.19857
4493.803,0.19890
4491.874,0.19927
4489.945,0.19976
4488.017,0.20048
4486.088,0.20166
4484.159,0.20352
4482.231,0.20622
4480.302,0.20940
4478.373,0.21179
4476.445,0.21200
4474.516,0.20996
4472.587,0.20701
4470.659,0.20446
4468.730,0.20285
4466.801,0.20222
4464.873,0.20234
4462.944,0.20287
4461.015,0.20344
4459.087,0.20369
4457.158,0.20351
4455.229,0.20299
4453.301,0.20230
4451.372,0.20149
4449.443,0.20044
4447.515,0.19914
4445.586,0.19785
4443.657,0.19675
4441.729,0.19584
4439.800,0.19515
4437.871,0.19469
4435.943,0.19438
4434.014,0.19415
4432.085,0.19402
4430.156,0.19399
4428.228,0.19405
4426.299,0.19412
4424.370,0.19414
4422.442,0.19408
4420.513,0.19398
4418.584,0.19389
4416.656,0.19380
4414.727,0.19369
4412.798,0.19355
4410.870,0.19342
4408.941,0.19330
4407.012,0.19316
4405.084,0.19304
4403.155,0.19296
4401.226,0.19289
4399.298,0.19286
4397.369,0.19291
4395.440,0.19304
4393.512,0.19325
4391.583,0.19351
4389.654,0.19370
4387.726,0.19372
4385.797,0.19359
4383.868,0.19343
4381.940,0.19335
4380.011,0.19333
4378.082,0.19336
4376.154,0.19341
4374.225,0.19345
4372.296,0.19341
4370.368,0.19324
4368.439,0.19296
4366.510,0.19260
4364.582,0.19227
4362.653,0.19203
4360.724,0.19190
4358.796,0.19185
4356.867,0.19189
4354.938,0.19200
4353.010,0.19212
4351.081,0.19221
4349.152,0.19228
4347.224,0.19238
4345.295,0.19253
4343.366,0.19274
4341.438,0.19303
4339.509,0.19341
4337.580,0.19386
4335.652,0.19441
4333.723,0.19512
4331.794,0.19603
4329.866,0.19715
4327.937,0.19845
4326.008,0.19976
4324.080,0.20068
4322.151,0.20071
4320.222,0.19962
4318.294,0.19782
4316.365,0.19600
4314.436,0.19466
4312.508,0.19379
4310.579,0.19320
4308.650,0.19274
4306.722,0.19228
4304.793,0.19182
4302.864,0.19143
4300.936,0.19124
4299.007,0.19126
4297.078,0.19142
4295.150,0.19165
4293.221,0.19193
4291.292,0.19219
4289.364,0.19228
4287.435,0.19213
4285.506,0.19182
4283.578,0.19156
4281.649,0.19147
4279.720,0.19165
4277.792,0.19219
4275.863,0.19300
4273.934,0.19378
4272.005,0.19415
4270.077,0.19388
4268.148,0.19306
4266.219,0.19203
4264.291,0.19117
4262.362,0.19068
4260.433,0.19055
4258.505,0.19068
4256.576,0.19094
4254.647,0.19114
4252.719,0.19109
4250.790,0.19056
4248.861,0.18954
4246.933,0.18835
4245.004,0.18732
4243.075,0.18661
4241.147,0.18618
4239.218,0.18596
4237.289,0.18591
4235.361,0.18595
4233.432,0.18603
4231.503,0.18611
4229.575,0.18617
4227.646,0.18628
4225.717,0.18645
4223.789,0.18667
4221.860,0.18688
4219.931,0.18703
4218.003,0.18708
4216.074,0.18698
4214.145,0.18676
4212.217,0.18644
4210.288,0.18610
4208.359,0.18582
4206.431,0.18567
4204.502,0.18566
4202.573,0.18575
4200.645,0.18589
4198.716,0.18608
4196.787,0.18628
4194.859,0.18648
4192.930,0.18666
4191.001,0.18678
4189.073,0.18685
4187.144,0.18685
4185.215,0.18684
4183.287,0.18685
4181.358,0.18687
4179.429,0.18684
4177.501,0.18668
4175.572,0.18637
4173.643,0.18596
4171.715,0.18561
4169.786,0.18551
4167.857,0.18571
4165.929,0.18619
4164.000,0.18665
4162.071,0.18658
4160.143,0.18579
4158.214,0.18464
4156.285,0.18362
4154.357,0.18288
4152.428,0.18236
4150.499,0.18199
4148.571,0.18171
4146.642,0.18148
4144.713,0.18128
4142.785,0.18110
4140.856,0.18091
4138.927,0.18068
4136.999,0.18048
4135.070,0.18032
4133.141,0.18016
4131.213,0.17998
4129.284,0.17980
4127.355,0.17964
4125.427,0.17948
4123.498,0.17934
4121.569,0.17925
4119.641,0.17917
4117.712,0.17908
4115.783,0.17901
4113.855,0.17897
4111.926,0.17893
4109.997,0.17889
4108.068,0.17886
4106.140,0.17881
4104.211,0.17874
4102.282,0.17865
4100.354,0.17856
4098.425,0.17844
4096.496,0.17828
4094.568,0.17809
4092.639,0.17788
4090.710,0.17761
4088.782,0.17734
4086.853,0.17714
4084.924,0.17699
4082.996,0.17687
4081.067,0.17682
4079.138,0.17691
4077.210,0.17716
4075.281,0.17760
4073.352,0.17833
4071.424,0.17941
4069.495,0.18070
4067.566,0.18184
4065.638,0.18233
4063.709,0.18197
4061.780,0.18107
4059.852,0.18008
4057.923,0.17928
4055.994,0.17862
4054.066,0.17797
4052.137,0.17729
4050.208,0.17659
4048.280,0.17593
4046.351,0.17537
4044.422,0.17497
4042.494,0.17472
4040.565,0.17461
4038.636,0.17468
4036.708,0.17497
4034.779,0.17547
4032.850,0.17619
4030.922,0.17708
4028.993,0.17794
4027.064,0.17846
4025.136,0.17855
4023.207,0.17828
4021.278,0.17781
4019.350,0.17724
4017.421,0.17660
4015.492,0.17583
4013.564,0.17491
4011.635,0.17397
4009.706,0.17316
4007.778,0.17250
4005.849,0.17200
4003.920,0.17166
4001.992,0.17144
4000.063,0.17132
3998.134,0.17133
3996.206,0.17146
3994.277,0.17169
3992.348,0.17200
3990.420,0.17233
3988.491,0.17262
3986.562,0.17282
3984.634,0.17293
3982.705,0.17306
3980.776,0.17325
3978.848,0.17342
3976.919,0.17343
3974.990,0.17324
3973.062,0.17294
3971.133,0.17270
3969.204,0.17272
3967.276,0.17308
3965.347,0.17373
3963.418,0.17462
3961.490,0.17562
3959.561,0.17643
3957.632,0.17669
3955.704,0.17625
3953.775,0.17523
3951.846,0.17391
3949.917,0.17255
3947.989,0.17137
3946.060,0.17042
3944.131,0.16970
3942.203,0.16916
3940.274,0.16880
3938.345,0.16858
3936.417,0.16846
3934.488,0.16843
3932.559,0.16854
3930.631,0.16878
3928.702,0.16913
3926.773,0.16959
3924.845,0.17016
3922.916,0.17078
3920.987,0.17136
3919.059,0.17174
3917.130,0.17174
3915.201,0.17125
3913.273,0.17039
3911.344,0.16942
3909.415,0.16852
3907.487,0.16779
3905.558,0.16724
3903.629,0.16683
3901.701,0.16648
3899.772,0.16619
3897.843,0.16595
3895.915,0.16575
3893.986,0.16557
3892.057,0.16542
3890.129,0.16528
3888.200,0.16513
3886.271,0.16500
3884.343,0.16488
3882.414,0.16478
3880.485,0.16469
3878.557,0.16458
3876.628,0.16449
3874.699,0.16443
3872.771,0.16435
3870.842,0.16428
3868.913,0.16422
3866.985,0.16417
3865.056,0.16415
3863.127,0.16414
3861.199,0.16411
3859.270,0.16403
3857.341,0.16390
3855.413,0.16373
3853.484,0.16352
3851.555,0.16333
3849.627,0.16320
3847.698,0.16312
3845.769,0.16302
3843.841,0.16288
3841.912,0.16271
3839.983,0.16250
3838.055,0.16227
3836.126,0.16205
3834.197,0.16185
3832.269,0.16169
3830.340,0.16157
3828.411,0.16149
3826.483,0.16143
3824.554,0.16137
3822.625,0.16130
3820.697,0.16116
3818.768,0.16094
3816.839,0.16071
3814.911,0.16049
3812.982,0.16028
3811.053,0.16008
3809.125,0.15993
3807.196,0.15983
3805.267,0.15972
3803.339,0.15956
3801.410,0.15937
3799.481,0.15917
3797.553,0.15897
3795.624,0.15881
3793.695,0.15867
3791.767,0.15854
3789.838,0.15844
3787.909,0.15834
3785.980,0.15823
3784.052,0.15813
3782.123,0.15805
3780.194,0.15801
3778.266,0.15798
3776.337,0.15792
3774.408,0.15784
3772.480,0.15776
3770.551,0.15768
3768.622,0.15761
3766.694,0.15754
3764.765,0.15746
3762.836,0.15738
3760.908,0.15731
3758.979,0.15722
3757.050,0.15712
3755.122,0.15703
3753.193,0.15694
3751.264,0.15682
3749.336,0.15667
3747.407,0.15654
3745.478,0.15644
3743.550,0.15633
3741.621,0.15619
3739.692,0.15607
3737.764,0.15599
3735.835,0.15592
3733.906,0.15585
3731.978,0.15575
3730.049,0.15562
3728.120,0.15550
3726.192,0.15538
3724.263,0.15526
3722.334,0.15512
3720.406,0.15498
3718.477,0.15486
3716.548,0.15477
3714.620,0.15472
3712.691,0.15470
3710.762,0.15469
3708.834,0.15468
3706.905,0.15470
3704.976,0.15473
3703.048,0.15475
3701.119,0.15475
3699.190,0.15473
3697.262,0.15469
3695.333,0.15464
3693.404,0.15460
3691.476,0.15457
3689.547,0.15451
3687.618,0.15441
3685.690,0.15429
3683.761,0.15414
3681.832,0.15401
3679.904,0.15392
3677.975,0.15389
3676.046,0.15384
3674.118,0.15376
3672.189,0.15372
3670.260,0.15372
3668.332,0.15372
3666.403,0.15370
3664.474,0.15372
3662.546,0.15377
3660.617,0.15381
3658.688,0.15385
3656.760,0.15393
3654.831,0.15403
3652.902,0.15417
3650.974,0.15439
3649.045,0.15465
3647.116,0.15484
3645.188,0.15497
3643.259,0.15505
3641.330,0.15497
3639.402,0.15468
3637.473,0.15430
3635.544,0.15398
3633.616,0.15373
3631.687,0.15356
3629.758,0.15348
3627.830,0.15346
3625.901,0.15348
3623.972,0.15355
3622.043,0.15368
3620.115,0.15387
3618.186,0.15413
3616.257,0.15446
3614.329,0.15482
3612.400,0.15509
3610.471,0.15525
3608.543,0.15536
3606.614,0.15540
3604.685,0.15530
3602.757,0.15504
3600.828,0.15464
3598.899,0.15417
3596.971,0.15377
3595.042,0.15352
3593.113,0.15337
3591.185,0.15326
3589.256,0.15317
3587.327,0.15314
3585.399,0.15311
3583.470,0.15309
3581.541,0.15313
3579.613,0.15320
3577.684,0.15324
3575.755,0.15327
3573.827,0.15330
3571.898,0.15330
3569.969,0.15324
3568.041,0.15322
3566.112,0.15325
3564.183,0.15328
3562.255,0.15327
3560.326,0.15329
3558.397,0.15333
3556.469,0.15333
3554.540,0.15333
3552.611,0.15338
3550.683,0.15342
3548.754,0.15343
3546.825,0.15347
3544.897,0.15353
3542.968,0.15357
3541.039,0.15358
3539.111,0.15363
3537.182,0.15368
3535.253,0.15368
3533.325,0.15367
3531.396,0.15371
3529.467,0.15374
3527.539,0.15375
3525.610,0.15380
3523.681,0.15386
3521.753,0.15384
3519.824,0.15375
3517.895,0.15366
3515.967,0.15360
3514.038,0.15353
3512.109,0.15351
3510.181,0.15353
3508.252,0.15355
3506.323,0.15356
3504.395,0.15359
3502.466,0.15361
3500.537,0.15356
3498.609,0.15355
3496.680,0.15364
3494.751,0.15377
3492.823,0.15389
3490.894,0.15406
3488.965,0.15430
3487.037,0.15456
3485.108,0.15473
3483.179,0.15479
3481.251,0.15469
3479.322,0.15444
3477.393,0.15415
3475.465,0.15394
3473.536,0.15375
3471.607,0.15358
3469.679,0.15346
3467.750,0.15339
3465.821,0.15332
3463.892,0.15330
3461.964,0.15331
3460.035,0.15331
3458.106,0.15329
3456.178,0.15331
3454.249,0.15335
3452.320,0.15335
3450.392,0.15335
3448.463,0.15341
3446.534,0.15344
3444.606,0.15335
3442.677,0.15322
3440.748,0.15308
3438.820,0.15291
3436.891,0.15271
3434.962,0.15254
3433.034,0.15241
3431.105,0.15228
3429.176,0.15217
3427.248,0.15209
3425.319,0.15199
3423.390,0.15186
3421.462,0.15177
3419.533,0.15171
3417.604,0.15162
3415.676,0.15148
3413.747,0.15139
3411.818,0.15132
3409.890,0.15120
3407.961,0.15107
3406.032,0.15094
3404.104,0.15080
3402.175,0.15063
3400.246,0.15049
3398.318,0.15032
3396.389,0.15012
3394.460,0.14993
3392.532,0.14979
3390.603,0.14964
3388.674,0.14944
3386.746,0.14926
3384.817,0.14914
3382.888,0.14900
3380.960,0.14883
3379.031,0.14868
3377.102,0.14854
3375.174,0.14834
3373.245,0.14814
3371.316,0.14797
3369.388,0.14778
3367.459,0.14754
3365.530,0.14731
3363.602,0.14712
3361.673,0.14693
3359.744,0.14672
3357.816,0.14655
3355.887,0.14639
3353.958,0.14622
3352.030,0.14607
3350.101,0.14594
3348.172,0.14578
3346.244,0.14560
3344.315,0.14547
3342.386,0.14539
3340.458,0.14530
3338.529,0.14519
3336.600,0.14512
3334.672,0.14507
3332.743,0.14500
3330.814,0.14497
3328.886,0.14499
3326.957,0.14505
3325.028,0.14511
3323.100,0.14520
3321.171,0.14531
3319.242,0.14537
3317.314,0.14544
3315.385,0.14564
3313.456,0.14597
3311.528,0.14642
3309.599,0.14693
3307.670,0.14731
3305.742,0.14743
3303.813,0.14735
3301.884,0.14727
3299.955,0.14735
3298.027,0.14757
3296.098,0.14782
3294.169,0.14797
3292.241,0.14795
3290.312,0.14789
3288.383,0.14810
3286.455,0.14880
3284.526,0.15011
3282.597,0.15226
3280.669,0.15573
3278.740,0.16051
3276.811,0.16534
3274.883,0.16815
3272.954,0.16702
3271.025,0.16170
3269.097,0.15479
3267.168,0.14929
3265.239,0.14598
3263.311,0.14416
3261.382,0.14313
3259.453,0.14251
3257.525,0.14211
3255.596,0.14184
3253.667,0.14165
3251.739,0.14147
3249.810,0.14129
3247.881,0.14112
3245.953,0.14095
3244.024,0.14079
3242.095,0.14067
3240.167,0.14061
3238.238,0.14054
3236.309,0.14046
3234.381,0.14041
3232.452,0.14040
3230.523,0.14040
3228.595,0.14041
3226.666,0.14044
3224.737,0.14048
3222.809,0.14052
3220.880,0.14059
3218.951,0.14062
3217.023,0.14064
3215.094,0.14069
3213.165,0.14076
3211.237,0.14081
3209.308,0.14083
3207.379,0.14086
3205.451,0.14092
3203.522,0.14097
3201.593,0.14102
3199.665,0.14109
3197.736,0.14116
3195.807,0.14121
3193.879,0.14128
3191.950,0.14140
3190.021,0.14152
3188.093,0.14164
3186.164,0.14180
3184.235,0.14200
3182.307,0.14218
3180.378,0.14238
3178.449,0.14262
3176.521,0.14282
3174.592,0.14296
3172.663,0.14310
3170.735,0.14325
3168.806,0.14336
3166.877,0.14342
3164.949,0.14352
3163.020,0.14362
3161.091,0.14368
3159.163,0.14378
3157.234,0.14397
3155.305,0.14419
3153.377,0.14444
3151.448,0.14478
3149.519,0.14520
3147.591,0.14565
3145.662,0.14619
3143.733,0.14695
3141.804,0.14790
3139.876,0.14903
3137.947,0.15036
3136.018,0.15161
3134.090,0.15235
3132.161,0.15246
3130.232,0.15225
3128.304,0.15200
3126.375,0.15180
3124.446,0.15171
3122.518,0.15170
3120.589,0.15168
3118.660,0.15160
3116.732,0.15149
3114.803,0.15140
3112.874,0.15130
3110.946,0.15129
3109.017,0.15145
3107.088,0.15171
3105.160,0.15195
3103.231,0.15220
3101.302,0.15239
3099.374,0.15244
3097.445,0.15235
3095.516,0.15226
3093.588,0.15219
3091.659,0.15217
3089.730,0.15228
3087.802,0.15255
3085.873,0.15287
3083.944,0.15319
3082.016,0.15358
3080.087,0.15403
3078.158,0.15450
3076.230,0.15504
3074.301,0.15566
3072.372,0.15629
3070.444,0.15691
3068.515,0.15760
3066.586,0.15835
3064.658,0.15907
3062.729,0.15978
3060.800,0.16056
3058.872,0.16136
3056.943,0.16207
3055.014,0.16274
3053.086,0.16347
3051.157,0.16419
3049.228,0.16482
3047.300,0.16544
3045.371,0.16611
3043.442,0.16694
3041.514,0.16814
3039.585,0.16987
3037.656,0.17217
3035.728,0.17524
3033.799,0.17967
3031.870,0.18641
3029.942,0.19675
3028.013,0.21185
3026.084,0.22937
3024.156,0.24008
3022.227,0.23456
3020.298,0.21597
3018.370,0.19641
3016.441,0.18310
3014.512,0.17603
3012.584,0.17283
3010.655,0.17164
3008.726,0.17152
3006.798,0.17219
3004.869,0.17363
3002.940,0.17572
3001.012,0.17844
2999.083,0.18208
2997.154,0.18704
2995.226,0.19387
2993.297,0.20376
2991.368,0.21881
2989.440,0.24120
2987.511,0.26849
2985.582,0.28756
2983.654,0.28348
2981.725,0.26074
2979.796,0.23773
2977.867,0.22461
2975.939,0.22059
2974.010,0.22224
2972.081,0.22747
2970.153,0.23533
2968.224,0.24515
2966.295,0.25641
2964.367,0.26873
2962.438,0.28143
2960.509,0.29311
2958.581,0.30202
2956.652,0.30657
2954.723,0.30584
2952.795,0.30065
2950.866,0.29443
2948.937,0.29156
2947.009,0.29450
2945.080,0.30332
2943.151,0.31715
2941.223,0.33513
2939.294,0.35661
2937.365,0.38120
2935.437,0.40887
2933.508,0.43968
2931.579,0.47359
2929.651,0.51100
2927.722,0.55339
2925.793,0.60325
2923.865,0.66220
2921.936,0.72753
2920.007,0.78795
2918.079,0.81904
2916.150,0.79342
2914.221,0.71789
2912.293,0.63247
2910.364,0.56553
2908.435,0.52064
2906.507,0.48965
2904.578,0.46520
2902.649,0.44368
2900.721,0.42161
2898.792,0.39569
2896.863,0.36667
2894.935,0.33877
2893.006,0.31521
2891.077,0.29606
2889.149,0.27979
2887.220,0.26525
2885.291,0.25215
2883.363,0.24065
2881.434,0.23124
2879.505,0.22460
2877.577,0.22102
2875.648,0.21992
2873.719,0.21996
2871.791,0.21969
2869.862,0.21900
2867.933,0.21991
2866.005,0.22527
2864.076,0.23692
2862.147,0.25512
2860.219,0.27957
2858.290,0.31125
2856.361,0.35420
2854.433,0.41486
2852.504,0.49376
2850.575,0.56261
2848.647,0.56105
2846.718,0.48106
2844.789,0.38520
2842.861,0.31260
2840.932,0.26512
2839.003,0.23406
2837.075,0.21262
2835.146,0.19699
2833.217,0.18518
2831.289,0.17606
2829.360,0.16880
2827.431,0.16279
2825.503,0.15773
2823.574,0.15348
2821.645,0.14986
2819.716,0.14669
2817.788,0.14392
2815.859,0.14151
2813.930,0.13934
2812.002,0.13737
2810.073,0.13565
2808.144,0.13409
2806.216,0.13261
2804.287,0.13126
2802.358,0.13007
2800.430,0.12892
2798.501,0.12780
2796.572,0.12681
2794.644,0.12590
2792.715,0.12500
2790.786,0.12424
2788.858,0.12369
2786.929,0.12328
2785.000,0.12298
2783.072,0.12289
2781.143,0.12298
2779.214,0.12318
2777.286,0.12365
2775.357,0.12452
2773.428,0.12569
2771.500,0.12689
2769.571,0.12782
2767.642,0.12798
2765.714,0.12693
2763.785,0.12495
2761.856,0.12276
2759.928,0.12081
2757.999,0.11919
2756.070,0.11795
2754.142,0.11704
2752.213,0.11636
2750.284,0.11589
2748.356,0.11568
2746.427,0.11564
2744.498,0.11557
2742.570,0.11546
2740.641,0.11538
2738.712,0.11523
2736.784,0.11502
2734.855,0.11488
2732.926,0.11483
2730.998,0.11470
2729.069,0.11447
2727.140,0.11426
2725.212,0.11404
2723.283,0.11377
2721.354,0.11354
2719.426,0.11342
2717.497,0.11330
2715.568,0.11315
2713.640,0.11310
2711.711,0.11310
2709.782,0.11306
2707.854,0.11305
2705.925,0.11315
2703.996,0.11329
2702.068,0.11347
2700.139,0.11378
2698.210,0.11421
2696.282,0.11462
2694.353,0.11502
2692.424,0.11554
2690.496,0.11617
2688.567,0.11682
2686.638,0.11762
2684.710,0.11862
2682.781,0.11974
2680.852,0.12093
2678.924,0.12222
2676.995,0.12359
2675.066,0.12495
2673.138,0.12627
2671.209,0.12738
2669.280,0.12803
2667.352,0.12831
2665.423,0.12859
2663.494,0.12897
2661.566,0.12915
2659.637,0.12875
2657.708,0.12756
2655.779,0.12565
2653.851,0.12339
2651.922,0.12133
2649.993,0.11974
2648.065,0.11859
2646.136,0.11781
2644.207,0.11743
2642.279,0.11733
2640.350,0.11732
2638.421,0.11723
2636.493,0.11701
2634.564,0.11654
2632.635,0.11587
2630.707,0.11516
2628.778,0.11438
2626.849,0.11347
2624.921,0.11252
2622.992,0.11167
2621.063,0.11089
2619.135,0.11020
2617.206,0.10971
2615.277,0.10945
2613.349,0.10931
2611.420,0.10930
2609.491,0.10956
2607.563,0.11002
2605.634,0.11059
2603.705,0.11129
2601.777,0.11208
2599.848,0.11274
2597.919,0.11320
2595.991,0.11361
2594.062,0.11400
2592.133,0.11431
2590.205,0.11461
2588.276,0.11498
2586.347,0.11535
2584.419,0.11569
2582.490,0.11598
2580.561,0.11610
2578.633,0.11598
2576.704,0.11587
2574.775,0.11607
2572.847,0.11663
2570.918,0.11754
2568.989,0.11902
2567.061,0.12108
2565.132,0.12343
2563.203,0.12575
2561.275,0.12768
2559.346,0.12856
2557.417,0.12788
2555.489,0.12599
2553.560,0.12375
2551.631,0.12184
2549.703,0.12077
2547.774,0.12097
2545.845,0.12229
2543.917,0.12354
2541.988,0.12348
2540.059,0.12210
2538.131,0.12003
2536.202,0.11736
2534.273,0.11436
2532.345,0.11178
2530.416,0.11005
2528.487,0.10915
2526.559,0.10894
2524.630,0.10914
2522.701,0.10935
2520.773,0.10949
2518.844,0.10964
2516.915,0.10972
2514.987,0.10971
2513.058,0.10985
2511.129,0.11014
2509.201,0.11028
2507.272,0.11008
2505.343,0.10970
2503.415,0.10930
2501.486,0.10890
2499.557,0.10865
2497.628,0.10859
2495.700,0.10845
2493.771,0.10814
2491.842,0.10784
2489.914,0.10761
2487.985,0.10730
2486.056,0.10697
2484.128,0.10682
2482.199,0.10674
2480.270,0.10659
2478.342,0.10648
2476.413,0.10645
2474.484,0.10635
2472.556,0.10618
2470.627,0.10613
2468.698,0.10617
2466.770,0.10613
2464.841,0.10607
2462.912,0.10604
2460.984,0.10588
2459.055,0.10550
2457.126,0.10510
2455.198,0.10481
2453.269,0.10451
2451.340,0.10430
2449.412,0.10435
2447.483,0.10454
2445.554,0.10466
2443.626,0.10481
2441.697,0.10505
2439.768,0.10519
2437.840,0.10518
2435.911,0.10523
2433.982,0.10537
2432.054,0.10543
2430.125,0.10550
2428.196,0.10574
2426.268,0.10603
2424.339,0.10628
2422.410,0.10667
2420.482,0.10728
2418.553,0.10793
2416.624,0.10859
2414.696,0.10942
2412.767,0.11033
2410.838,0.11118
2408.910,0.11207
2406.981,0.11315
2405.052,0.11412
2403.124,0.11464
2401.195,0.11461
2399.266,0.11390
2397.338,0.11255
2395.409,0.11104
2393.480,0.10985
2391.552,0.10900
2389.623,0.10831
2387.694,0.10784
2385.766,0.10758
2383.837,0.10730
2381.908,0.10694
2379.980,0.10669
2378.051,0.10655
2376.122,0.10637
2374.194,0.10625
2372.265,0.10635
2370.336,0.10648
2368.408,0.10651
2366.479,0.10654
2364.550,0.10667
2362.622,0.10679
2360.693,0.10693
2358.764,0.10729
2356.836,0.10779
2354.907,0.10825
2352.978,0.10873
2351.050,0.10927
2349.121,0.10968
2347.192,0.10985
2345.264,0.10997
2343.335,0.11022
2341.406,0.11047
2339.478,0.11063
2337.549,0.11074
2335.620,0.11082
2333.691,0.11085
2331.763,0.11093
2329.834,0.11105
2327.905,0.11097
2325.977,0.11065
2324.048,0.11030
2322.119,0.10999
2320.191,0.10961
2318.262,0.10922
2316.333,0.10897
2314.405,0.10877
2312.476,0.10854
2310.547,0.10842
2308.619,0.10848
2306.690,0.10858
2304.761,0.10867
2302.833,0.10882
2300.904,0.10888
2298.975,0.10871
2297.047,0.10841
2295.118,0.10816
2293.189,0.10794
2291.261,0.10774
2289.332,0.10766
2287.403,0.10771
2285.475,0.10780
2283.546,0.10794
2281.617,0.10821
2279.689,0.10854
2277.760,0.10876
2275.831,0.10887
2273.903,0.10890
2271.974,0.10880
2270.045,0.10859
2268.117,0.10845
2266.188,0.10842
2264.259,0.10837
2262.331,0.10827
2260.402,0.10819
2258.473,0.10808
2256.545,0.10793
2254.616,0.10782
2252.687,0.10781
2250.759,0.10785
2248.830,0.10794
2246.901,0.10815
2244.973,0.10841
2243.044,0.10863
2241.115,0.10881
2239.187,0.10900
2237.258,0.10916
2235.329,0.10930
2233.401,0.10948
2231.472,0.10973
2229.543,0.11003
2227.615,0.11034
2225.686,0.11065
2223.757,0.11089
2221.829,0.11099
2219.900,0.11097
2217.971,0.11088
2216.043,0.11072
2214.114,0.11056
2212.185,0.11043
2210.257,0.11028
2208.328,0.11010
2206.399,0.10992
2204.471,0.10980
2202.542,0.10973
2200.613,0.10972
2198.685,0.10983
2196.756,0.11004
2194.827,0.11028
2192.899,0.11055
2190.970,0.11087
2189.041,0.11113
2187.113,0.11125
2185.184,0.11128
2183.255,0.11125
2181.327,0.11121
2179.398,0.11117
2177.469,0.11119
2175.540,0.11122
2173.612,0.11123
2171.683,0.11127
2169.754,0.11136
2167.826,0.11148
2165.897,0.11162
2163.968,0.11184
2162.040,0.11212
2160.111,0.11240
2158.182,0.11269
2156.254,0.11299
2154.325,0.11329
2152.396,0.11355
2150.468,0.11381
2148.539,0.11404
2146.610,0.11418
2144.682,0.11422
2142.753,0.11427
2140.824,0.11432
2138.896,0.11432
2136.967,0.11432
2135.038,0.11439
2133.110,0.11445
2131.181,0.11449
2129.252,0.11456
2127.324,0.11466
2125.395,0.11468
2123.466,0.11468
2121.538,0.11474
2119.609,0.11481
2117.680,0.11486
2115.752,0.11504
2113.823,0.11539
2111.894,0.11581
2109.966,0.11617
2108.037,0.11643
2106.108,0.11646
2104.180,0.11618
2102.251,0.11582
2100.322,0.11567
2098.394,0.11568
2096.465,0.11574
2094.536,0.11587
2092.608,0.11602
2090.679,0.11606
2088.750,0.11599
2086.822,0.11592
2084.893,0.11585
2082.964,0.11580
2081.036,0.11585
2079.107,0.11605
2077.178,0.11628
2075.250,0.11647
2073.321,0.11671
2071.392,0.11696
2069.464,0.11716
2067.535,0.11737
2065.606,0.11770
2063.678,0.11808
2061.749,0.11843
2059.820,0.11884
2057.892,0.11932
2055.963,0.11976
2054.034,0.12018
2052.106,0.12071
2050.177,0.12131
2048.248,0.12183
2046.320,0.12233
2044.391,0.12292
2042.462,0.12348
2040.534,0.12395
2038.605,0.12446
2036.676,0.12510
2034.748,0.12577
2032.819,0.12651
2030.890,0.12739
2028.962,0.12826
2027.033,0.12886
2025.104,0.12924
2023.176,0.12944
2021.247,0.12922
2019.318,0.12858
2017.390,0.12798
2015.461,0.12769
2013.532,0.12762
2011.603,0.12777
2009.675,0.12829
2007.746,0.12902
2005.817,0.12979
2003.889,0.13066
2001.960,0.13165
2000.031,0.13247
1998.103,0.13297
1996.174,0.13334
1994.245,0.13364
1992.317,0.13370
1990.388,0.13355
1988.459,0.13339
1986.531,0.13326
1984.602,0.13319
1982.673,0.13338
1980.745,0.13380
1978.816,0.13415
1976.887,0.13433
1974.959,0.13449
1973.030,0.13462
1971.101,0.13460
1969.173,0.13459
1967.244,0.13481
1965.315,0.13515
1963.387,0.13547
1961.458,0.13592
1959.529,0.13653
1957.601,0.13713
1955.672,0.13770
1953.743,0.13845
1951.815,0.13933
1949.886,0.14012
1947.957,0.14093
1946.029,0.14191
1944.100,0.14287
1942.171,0.14369
1940.243,0.14460
1938.314,0.14564
1936.385,0.14665
1934.457,0.14766
1932.528,0.14888
1930.599,0.15011
1928.671,0.15103
1926.742,0.15176
1924.813,0.15261
1922.885,0.15358
1920.956,0.15461
1919.027,0.15578
1917.099,0.15695
1915.170,0.15781
1913.241,0.15844
1911.313,0.15909
1909.384,0.15965
1907.455,0.16000
1905.527,0.16043
1903.598,0.16122
1901.669,0.16224
1899.741,0.16345
1897.812,0.16494
1895.883,0.16638
1893.955,0.16723
1892.026,0.16742
1890.097,0.16722
1888.169,0.16659
1886.240,0.16561
1884.311,0.16502
1882.383,0.16526
1880.454,0.16603
1878.525,0.16701
1876.597,0.16815
1874.668,0.16917
1872.739,0.16985
1870.811,0.17062
1868.882,0.17199
1866.953,0.17383
1865.025,0.17577
1863.096,0.17766
1861.167,0.17915
1859.239,0.17958
1857.310,0.17908
1855.381,0.17867
1853.452,0.17893
1851.524,0.17967
1849.595,0.18084
1847.666,0.18240
1845.738,0.18398
1843.809,0.18542
1841.880,0.18690
1839.952,0.18842
1838.023,0.18971
1836.094,0.19089
1834.166,0.19223
1832.237,0.19358
1830.308,0.19481
1828.380,0.19621
1826.451,0.19790
1824.522,0.19961
1822.594,0.20137
1820.665,0.20345
1818.736,0.20576
1816.808,0.20800
1814.879,0.21032
1812.950,0.21289
1811.022,0.21541
1809.093,0.21769
1807.164,0.21992
1805.236,0.22214
1803.307,0.22420
1801.378,0.22636
1799.450,0.22890
1797.521,0.23155
1795.592,0.23412
1793.664,0.23686
1791.735,0.23984
1789.806,0.24273
1787.878,0.24555
1785.949,0.24858
1784.020,0.25171
1782.092,0.25471
1780.163,0.25780
1778.234,0.26121
1776.306,0.26476
1774.377,0.26845
1772.448,0.27263
1770.520,0.27728
1768.591,0.28212
1766.662,0.28726
1764.734,0.29288
1762.805,0.29867
1760.876,0.30447
1758.948,0.31060
1757.019,0.31714
1755.090,0.32382
1753.162,0.33069
1751.233,0.33787
1749.304,0.34491
1747.376,0.35136
1745.447,0.35727
1743.518,0.36269
1741.590,0.36738
1739.661,0.37133
1737.732,0.37486
1735.804,0.37825
1733.875,0.38168
1731.946,0.38549
1730.018,0.38978
1728.089,0.39425
1726.160,0.39895
1724.232,0.40450
1722.303,0.41108
1720.374,0.41838
1718.446,0.42643
1716.517,0.43537
1714.588,0.44500
1712.660,0.45515
1710.731,0.46611
1708.802,0.47805
1706.874,0.49088
1704.945,0.50465
1703.016,0.51947
1701.088,0.53515
1699.159,0.55149
1697.230,0.56877
1695.302,0.58736
1693.373,0.60752
1691.444,0.62987
1689.515,0.65530
1687.587,0.68415
1685.658,0.71659
1683.729,0.75327
1681.801,0.79535
1679.872,0.84458
1677.943,0.90265
1676.015,0.97064
1674.086,1.05159
1672.157,1.15327
1670.229,1.28519
1668.300,1.45436
1666.371,1.66487
1664.443,1.91379
1662.514,2.17228
1660.585,2.36824
1658.657,2.44847
1656.728,2.46281
1654.799,2.47868
1652.871,2.51954
1650.942,2.59812
1649.013,2.71962
1647.085,2.84969
1645.156,2.85599
1643.227,2.60607
1641.299,2.24413
1639.370,1.91693
1637.441,1.65638
1635.513,1.45422
1633.584,1.29650
1631.655,1.17071
1629.727,1.06649
1627.798,0.97688
1625.869,0.89872
1623.941,0.83078
1622.012,0.77124
1620.083,0.71822
1618.155,0.67091
1616.226,0.62920
1614.297,0.59370
1612.369,0.56795
1610.440,0.55342
1608.511,0.53859
1606.583,0.51083
1604.654,0.47595
1602.725,0.44503
1600.797,0.41992
1598.868,0.39851
1596.939,0.37969
1595.011,0.36312
1593.082,0.34833
1591.153,0.33467
1589.225,0.32184
1587.296,0.30968
1585.367,0.29796
1583.439,0.28688
1581.510,0.27698
1579.581,0.26831
1577.653,0.26040
1575.724,0.25309
1573.795,0.24641
1571.867,0.23990
1569.938,0.23317
1568.009,0.22661
1566.081,0.22053
1564.152,0.21485
1562.223,0.20982
1560.295,0.20583
1558.366,0.20269
1556.437,0.19996
1554.509,0.19772
1552.580,0.19590
1550.651,0.19389
1548.723,0.19139
1546.794,0.18863
1544.865,0.18538
1542.937,0.18111
1541.008,0.17591
1539.079,0.17012
1537.151,0.16384
1535.222,0.15750
1533.293,0.15191
1531.364,0.14723
1529.436,0.14296
1527.507,0.13901
1525.578,0.13557
1523.650,0.13244
1521.721,0.12944
1519.792,0.12700
1517.864,0.12556
1515.935,0.12542
1514.006,0.12779
1512.078,0.13366
1510.149,0.14046
1508.220,0.14220
1506.292,0.13624
1504.363,0.12666
1502.434,0.11833
1500.506,0.11255
1498.577,0.10887
1496.648,0.10676
1494.720,0.10602
1492.791,0.10716
1490.862,0.11093
1488.934,0.11828
1487.005,0.13186
1485.076,0.15732
1483.148,0.20248
1481.219,0.27225
1479.290,0.35959
1477.362,0.44428
1475.433,0.50659
1473.504,0.52883
1471.576,0.50234
1469.647,0.45174
1467.718,0.40447
1465.790,0.36466
1463.861,0.32252
1461.932,0.26914
1460.004,0.21529
1458.075,0.17871
1456.146,0.16015
1454.218,0.14987
1452.289,0.14211
1450.360,0.13585
1448.432,0.13090
1446.503,0.12659
1444.574,0.12269
1442.646,0.11946
1440.717,0.11682
1438.788,0.11462
1436.860,0.11311
1434.931,0.11244
1433.002,0.11237
1431.074,0.11303
1429.145,0.11488
1427.216,0.11792
1425.288,0.12191
1423.359,0.12689
1421.430,0.13278
1419.502,0.13907
1417.573,0.14547
1415.644,0.15225
1413.716,0.15969
1411.787,0.16828
1409.858,0.17910
1407.930,0.19318
1406.001,0.21145
1404.072,0.23541
1402.144,0.26645
1400.215,0.30254
1398.286,0.33511
1396.358,0.35077
1394.429,0.34222
1392.500,0.31928
1390.572,0.30089
1388.643,0.29504
1386.714,0.29032
1384.786,0.26940
1382.857,0.23269
1380.928,0.19614
1379.000,0.16992
1377.071,0.15358
1375.142,0.14405
1373.214,0.13955
1371.285,0.13859
1369.356,0.13981
1367.427,0.14234
1365.499,0.14540
1363.570,0.14871
1361.641,0.15271
1359.713,0.15765
1357.784,0.16307
1355.855,0.16871
1353.927,0.17466
1351.998,0.18071
1350.069,0.18668
1348.141,0.19300
1346.212,0.20011
1344.283,0.20803
1342.355,0.21693
1340.426,0.22711
1338.497,0.23836
1336.569,0.25037
1334.640,0.26350
1332.711,0.27813
1330.783,0.29416
1328.854,0.31142
1326.925,0.32989
1324.997,0.34981
1323.068,0.37209
1321.139,0.39826
1319.211,0.42968
1317.282,0.46781
1315.353,0.51563
1313.425,0.57863
1311.496,0.66429
1309.567,0.77653
1307.639,0.89398
1305.710,0.93971
1303.781,0.86387
1301.853,0.75228
1299.924,0.69036
1297.995,0.69878
1296.067,0.76990
1294.138,0.89615
1292.209,1.08225
1290.281,1.34208
1288.352,1.68236
1286.423,2.03834
1284.495,2.05616
1282.566,1.71434
1280.637,1.43810
1278.709,1.32599
1276.780,1.37681
1274.851,1.57039
1272.923,1.84574
1270.994,1.98674
1269.065,1.77260
1267.137,1.45465
1265.208,1.19837
1263.279,1.00918
1261.351,0.87022
1259.422,0.77017
1257.493,0.69478
1255.565,0.62834
1253.636,0.56684
1251.707,0.51440
1249.779,0.47191
1247.850,0.43710
1245.921,0.40786
1243.993,0.38262
1242.064,0.36037
1240.135,0.34037
1238.207,0.32175
1236.278,0.30421
1234.349,0.28827
1232.421,0.27409
1230.492,0.26112
1228.563,0.24926
1226.635,0.23878
1224.706,0.22926
1222.777,0.22019
1220.849,0.21196
1218.920,0.20478
1216.991,0.19803
1215.063,0.19153
1213.134,0.18573
1211.205,0.18038
1209.277,0.17501
1207.348,0.17012
1205.419,0.16596
1203.490,0.16185
1201.562,0.15805
1199.633,0.15646
1197.704,0.15833
1195.776,0.16278
1193.847,0.16693
1191.918,0.16692
1189.990,0.16082
1188.061,0.15087
1186.132,0.14102
1184.204,0.13294
1182.275,0.12612
1180.346,0.12065
1178.418,0.11718
1176.489,0.11512
1174.560,0.11368
1172.632,0.11321
1170.703,0.11348
1168.774,0.11316
1166.846,0.11233
1164.917,0.11220
1162.988,0.11271
1161.060,0.11315
1159.131,0.11354
1157.202,0.11284
1155.274,0.10889
1153.345,0.10217
1151.416,0.09583
1149.488,0.09131
1147.559,0.08782
1145.630,0.08527
1143.702,0.08401
1141.773,0.08319
1139.844,0.08227
1137.916,0.08203
1135.987,0.08245
1134.058,0.08236
1132.130,0.08175
1130.201,0.08147
1128.272,0.08104
1126.344,0.07977
1124.415,0.07851
1122.486,0.07788
1120.558,0.07721
1118.629,0.07654
1116.700,0.07662
1114.772,0.07671
1112.843,0.07584
1110.914,0.07485
1108.986,0.07462
1107.057,0.07439
1105.128,0.07394
1103.200,0.07422
1101.271,0.07509
1099.342,0.07561
1097.414,0.07622
1095.485,0.07756
1093.556,0.07882
1091.628,0.07959
1089.699,0.08096
1087.770,0.08314
1085.842,0.08522
1083.913,0.08751
1081.984,0.09081
1080.056,0.09430
1078.127,0.09725
1076.198,0.10048
1074.270,0.10433
1072.341,0.10811
1070.412,0.11226
1068.484,0.11777
1066.555,0.12416
1064.626,0.13082
1062.698,0.13863
1060.769,0.14815
1058.840,0.15888
1056.912,0.17124
1054.983,0.18657
1053.054,0.20525
1051.126,0.22772
1049.197,0.25624
1047.268,0.29415
1045.339,0.34556
1043.411,0.41680
1041.482,0.51296
1039.553,0.61988
1037.625,0.67858
1035.696,0.63355
1033.767,0.52839
1031.839,0.43003
1029.910,0.35871
1027.981,0.30974
1026.053,0.27561
1024.124,0.25172
1022.195,0.23643
1020.267,0.23000
1018.338,0.23265
1016.409,0.24472
1014.481,0.26870
1012.552,0.30954
1010.623,0.37515
1008.695,0.47698
1006.766,0.62140
1004.837,0.78519
1002.909,0.89594
1000.980,0.88712
999.051,0.78085
997.123,0.64115
995.194,0.51069
993.265,0.40500
991.337,0.32557
989.408,0.26888
987.479,0.22961
985.551,0.20193
983.622,0.18110
981.693,0.16447
979.765,0.15107
977.836,0.14034
975.907,0.13130
973.979,0.12345
972.050,0.11757
970.121,0.11412
968.193,0.11243
966.264,0.11252
964.335,0.11526
962.407,0.12054
960.478,0.12791
958.549,0.13812
956.621,0.15182
954.692,0.16866
952.763,0.18875
950.835,0.21284
948.906,0.24120
946.977,0.27441
945.049,0.31399
943.120,0.35816
941.191,0.39602
939.263,0.41078
937.334,0.39547
935.405,0.36075
933.477,0.32225
931.548,0.28841
929.619,0.26061
927.691,0.23806
925.762,0.22100
923.833,0.21067
921.905,0.20732
919.976,0.20970
918.047,0.21655
916.119,0.22719
914.190,0.24102
912.261,0.25782
910.333,0.27797
908.404,0.30138
906.475,0.32704
904.547,0.35341
902.618,0.37840
900.689,0.39921
898.761,0.41392
896.832,0.42320
894.903,0.42988
892.975,0.43739
891.046,0.44882
889.117,0.46622
887.189,0.49102
885.260,0.52511
883.331,0.57133
881.402,0.63345
879.474,0.71609
877.545,0.82435
875.616,0.96223
873.688,1.12804
871.759,1.30203
869.830,1.42683
867.902,1.43472
865.973,1.35381
864.044,1.27560
862.116,1.25074
860.187,1.28522
858.258,1.36201
856.330,1.45479
854.401,1.53842
852.472,1.59667
850.544,1.62328
848.615,1.61591
846.686,1.56974
844.758,1.48705
842.829,1.39135
840.900,1.31052
838.972,1.24935
837.043,1.18753
835.114,1.10648
833.186,1.01036
831.257,0.91401
829.328,0.82710
827.400,0.75255
825.471,0.68997
823.542,0.63818
821.614,0.59591
819.685,0.56133
817.756,0.53211
815.828,0.50640
813.899,0.48279
811.970,0.45990
810.042,0.43700
808.113,0.41429
806.184,0.39234
804.256,0.37150
802.327,0.35214
800.398,0.33435
798.470,0.31786
796.541,0.30248
794.612,0.28833
792.684,0.27530
790.755,0.26306
788.826,0.25158
786.898,0.24096
784.969,0.23102
783.040,0.22157
781.112,0.21291
779.183,0.20541
777.254,0.19902
775.326,0.19410
773.397,0.19170
771.468,0.19282
769.540,0.19806
767.611,0.20827
765.682,0.22490
763.754,0.25165
761.825,0.29836
759.896,0.38482
757.968,0.53531
756.039,0.73366
754.110,0.81363
752.182,0.68999
750.253,0.57396
748.324,0.54681
746.396,0.56292
744.467,0.55415
742.538,0.50680
740.610,0.44863
738.681,0.39789
736.752,0.35855
734.824,0.33128
732.895,0.31721
730.966,0.30962
729.038,0.29342
727.109,0.26669
725.180,0.24384
723.251,0.23609
721.323,0.24191
719.394,0.24411
717.465,0.22975
715.537,0.21281
713.608,0.21317
711.679,0.24035
709.751,0.30396
707.822,0.41603
705.893,0.57005
703.965,0.69906
702.036,0.70336
700.107,0.60970
698.179,0.50702
696.250,0.42806
694.321,0.37205
692.393,0.33241
690.464,0.30424
688.535,0.28386
686.607,0.26811
684.678,0.25533
682.749,0.24475
680.821,0.23512
678.892,0.22581
676.963,0.21739
675.035,0.21006
673.106,0.20319
671.177,0.19684
669.249,0.19151
667.320,0.18655
665.391,0.18141
663.463,0.17676
661.534,0.17289
659.605,0.16899
657.677,0.16505
655.748,0.16169
653.819,0.15837
651.891,0.15449
649.962,0.15078
648.033,0.14756
646.105,0.14392
644.176,0.13982
642.247,0.13619
640.319,0.13272
638.390,0.12890
636.461,0.12561
634.533,0.12386
632.604,0.12484
630.675,0.13443
628.747,0.16774
626.818,0.24323
624.889,0.35144
622.961,0.42385
621.032,0.41947
619.103,0.38801
617.175,0.34662
615.246,0.29013
613.317,0.24004
611.389,0.20848
609.460,0.18976
607.531,0.17779
605.603,0.16925
603.674,0.16242
601.745,0.15715
599.817,0.15310
597.888,0.14915
595.959,0.14527
594.031,0.14215
592.102,0.13942
590.173,0.13655
588.245,0.13414
586.316,0.13238
584.387,0.13034
582.459,0.12810
580.530,0.12654
578.601,0.12530
576.673,0.12367
574.744,0.12223
572.815,0.12130
570.887,0.12009
568.958,0.11867
567.029,0.11775
565.101,0.11690
563.172,0.11557
561.243,0.11440
559.314,0.11367
557.386,0.11263
555.457,0.11135
553.528,0.11060
551.600,0.11002
549.671,0.10897
547.742,0.10798
545.814,0.10747
543.885,0.10681
541.956,0.10587
540.028,0.10534
538.099,0.10510
536.170,0.10446
534.242,0.10370
532.313,0.10319
530.384,0.10239
528.456,0.10136
526.527,0.10084
524.598,0.10048
522.670,0.09965
520.741,0.09891
518.812,0.09876
516.884,0.09859
514.955,0.09812
513.026,0.09781
511.098,0.09742
509.169,0.09657
507.240,0.09583
505.312,0.09546
503.383,0.09494
501.454,0.09442
499.526,0.09441
497.597,0.09440
495.668,0.09385
493.740,0.09325
491.811,0.09277
489.882,0.09211
487.954,0.09172
486.025,0.09190
484.096,0.09213
482.168,0.09221
480.239,0.09251
478.310,0.09285
476.382,0.09282
474.453,0.09309
472.524,0.09414
470.596,0.09524
468.667,0.09681
466.738,0.10099
464.810,0.10972
462.881,0.12450
460.952,0.14314
459.024,0.15494
457.095,0.15022
455.166,0.13433
453.238,0.11898
451.309,0.10856
449.380,0.10184
447.452,0.09772
445.523,0.09545
443.594,0.09375
441.666,0.09226
439.737,0.09161
437.808,0.09162
435.880,0.09174
433.951,0.09214
432.022,0.09263
430.094,0.09271
428.165,0.09287
426.236,0.09388
424.308,0.09535
422.379,0.09641
420.450,0.09726
418.522,0.09873
416.593,0.10047
414.664,0.10162
412.736,0.10420
410.807,0.10956
408.878,0.11606
406.950,0.12311
405.021,0.13046
403.092,0.14239
401.163,0.16183
399.235,0.18028
