7600.891,0.39435
7598.962,0.39407
7597.034,0.39405
7595.105,0.39413
7593.176,0.39418
7591.248,0.39426
7589.319,0.39434
7587.390,0.39412
7585.462,0.39361
7583.533,0.39324
7581.604,0.39317
7579.676,0.39306
7577.747,0.39268
7575.818,0.39224
7573.890,0.39203
7571.961,0.39207
7570.032,0.39215
7568.104,0.39216
7566.175,0.39226
7564.246,0.39232
7562.318,0.39216
7560.389,0.39187
7558.460,0.39159
7556.532,0.39148
7554.603,0.39149
7552.674,0.39151
7550.746,0.39155
7548.817,0.39147
7546.888,0.39121
7544.960,0.39088
7543.031,0.39057
7541.102,0.39043
7539.174,0.39055
7537.245,0.39078
7535.316,0.39087
7533.388,0.39067
7531.459,0.39036
7529.530,0.39016
7527.602,0.38998
7525.673,0.38962
7523.744,0.38932
7521.816,0.38922
7519.887,0.38911
7517.958,0.38902
7516.030,0.38887
7514.101,0.38845
7512.172,0.38810
7510.244,0.38810
7508.315,0.38825
7506.386,0.38826
7504.458,0.38807
7502.529,0.38781
7500.600,0.38767
7498.672,0.38766
7496.743,0.38752
7494.814,0.38721
7492.885,0.38693
7490.957,0.38682
7489.028,0.38697
7487.099,0.38711
7485.171,0.38681
7483.242,0.38631
7481.313,0.38611
7479.385,0.38611
7477.456,0.38614
7475.527,0.38616
7473.599,0.38601
7471.670,0.38572
7469.741,0.38539
7467.813,0.38515
7465.884,0.38514
7463.955,0.38512
7462.027,0.38488
7460.098,0.38466
7458.169,0.38460
7456.241,0.38455
7454.312,0.38447
7452.383,0.38439
7450.455,0.38426
7448.526,0.38409
7446.597,0.38387
7444.669,0.38367
7442.740,0.38357
7440.811,0.38345
7438.883,0.38327
7436.954,0.38312
7435.025,0.38299
7433.097,0.38287
7431.168,0.38280
7429.239,0.38273
7427.311,0.38264
7425.382,0.38257
7423.453,0.38249
7421.525,0.38238
7419.596,0.38226
7417.667,0.38217
7415.739,0.38210
7413.810,0.38203
7411.881,0.38194
7409.953,0.38183
7408.024,0.38175
7406.095,0.38171
7404.167,0.38151
7402.238,0.38108
7400.309,0.38075
7398.381,0.38069
7396.452,0.38063
7394.523,0.38042
7392.595,0.38023
7390.666,0.38016
7388.737,0.38008
7386.809,0.37998
7384.880,0.37993
7382.951,0.37980
7381.023,0.37955
7379.094,0.37940
7377.165,0.37938
7375.237,0.37929
7373.308,0.37912
7371.379,0.37898
7369.451,0.37876
7367.522,0.37843
7365.593,0.37828
7363.665,0.37835
7361.736,0.37833
7359.807,0.37806
7357.879,0.37773
7355.950,0.37759
7354.021,0.37761
7352.093,0.37761
7350.164,0.37743
7348.235,0.37723
7346.307,0.37717
7344.378,0.37713
7342.449,0.37698
7340.521,0.37675
7338.592,0.37646
7336.663,0.37626
7334.734,0.37621
7332.806,0.37623
7330.877,0.37625
7328.948,0.37624
7327.020,0.37601
7325.091,0.37557
7323.162,0.37535
7321.234,0.37545
7319.305,0.37554
7317.376,0.37558
7315.448,0.37556
7313.519,0.37527
7311.590,0.37487
7309.662,0.37467
7307.733,0.37465
7305.804,0.37460
7303.876,0.37442
7301.947,0.37424
7300.018,0.37419
7298.090,0.37418
7296.161,0.37403
7294.232,0.37381
7292.304,0.37371
7290.375,0.37360
7288.446,0.37340
7286.518,0.37324
7284.589,0.37313
7282.660,0.37297
7280.732,0.37287
7278.803,0.37287
7276.874,0.37273
7274.946,0.37238
7273.017,0.37193
7271.088,0.37160
7269.160,0.37166
7267.231,0.37197
7265.302,0.37210
7263.374,0.37194
7261.445,0.37166
7259.516,0.37145
7257.588,0.37125
7255.659,0.37097
7253.730,0.37077
7251.802,0.37068
7249.873,0.37056
7247.944,0.37037
7246.016,0.37010
7244.087,0.36982
7242.158,0.36973
7240.230,0.36974
7238.301,0.36969
7236.372,0.36960
7234.444,0.36954
7232.515,0.36942
7230.586,0.36930
7228.658,0.36933
7226.729,0.36946
7224.800,0.36944
7222.872,0.36919
7220.943,0.36897
7219.014,0.36892
7217.086,0.36886
7215.157,0.36864
7213.228,0.36837
7211.300,0.36812
7209.371,0.36803
7207.442,0.36814
7205.514,0.36821
7203.585,0.36809
7201.656,0.36784
7199.728,0.36747
7197.799,0.36712
7195.870,0.36691
7193.942,0.36672
7192.013,0.36660
7190.084,0.36660
7188.156,0.36653
7186.227,0.36641
7184.298,0.36639
7182.370,0.36624
7180.441,0.36598
7178.512,0.36583
7176.584,0.36566
7174.655,0.36543
7172.726,0.36523
7170.797,0.36508
7168.869,0.36510
7166.940,0.36516
7165.011,0.36504
7163.083,0.36484
7161.154,0.36482
7159.225,0.36493
7157.297,0.36489
7155.368,0.36465
7153.439,0.36432
7151.511,0.36405
7149.582,0.36399
7147.653,0.36404
7145.725,0.36392
7143.796,0.36359
7141.867,0.36332
7139.939,0.36324
7138.010,0.36319
7136.081,0.36307
7134.153,0.36286
7132.224,0.36266
7130.295,0.36259
7128.367,0.36253
7126.438,0.36236
7124.509,0.36220
7122.581,0.36212
7120.652,0.36207
7118.723,0.36193
7116.795,0.36175
7114.866,0.36164
7112.937,0.36160
7111.009,0.36158
7109.080,0.36148
7107.151,0.36126
7105.223,0.36098
7103.294,0.36078
7101.365,0.36064
7099.437,0.36047
7097.508,0.36030
7095.579,0.36025
7093.651,0.36023
7091.722,0.36014
7089.793,0.36008
7087.865,0.36008
7085.936,0.36003
7084.007,0.35990
7082.079,0.35972
7080.150,0.35947
7078.221,0.35925
7076.293,0.35908
7074.364,0.35884
7072.435,0.35858
7070.507,0.35853
7068.578,0.35866
7066.649,0.35873
7064.721,0.35867
7062.792,0.35854
7060.863,0.35831
7058.935,0.35804
7057.006,0.35789
7055.077,0.35782
7053.149,0.35764
7051.220,0.35734
7049.291,0.35716
7047.363,0.35720
7045.434,0.35723
7043.505,0.35713
7041.577,0.35696
7039.648,0.35678
7037.719,0.35663
7035.791,0.35647
7033.862,0.35637
7031.933,0.35628
7030.005,0.35607
7028.076,0.35577
7026.147,0.35560
7024.219,0.35558
7022.290,0.35556
7020.361,0.35547
7018.433,0.35536
7016.504,0.35530
7014.575,0.35525
7012.646,0.35517
7010.718,0.35499
7008.789,0.35472
7006.860,0.35453
7004.932,0.35445
7003.003,0.35435
7001.074,0.35424
6999.146,0.35415
6997.217,0.35400
6995.288,0.35379
6993.360,0.35365
6991.431,0.35360
6989.502,0.35356
6987.574,0.35346
6985.645,0.35330
6983.716,0.35314
6981.788,0.35307
6979.859,0.35304
6977.930,0.35292
6976.002,0.35279
6974.073,0.35281
6972.144,0.35280
6970.216,0.35265
6968.287,0.35257
6966.358,0.35263
6964.430,0.35253
6962.501,0.35218
6960.572,0.35186
6958.644,0.35168
6956.715,0.35154
6954.786,0.35138
6952.858,0.35120
6950.929,0.35103
6949.000,0.35089
6947.072,0.35076
6945.143,0.35062
6943.214,0.35050
6941.286,0.35044
6939.357,0.35043
6937.428,0.35035
6935.500,0.35014
6933.571,0.34998
6931.642,0.34993
6929.714,0.34981
6927.785,0.34953
6925.856,0.34922
6923.928,0.34903
6921.999,0.34896
6920.070,0.34890
6918.142,0.34880
6916.213,0.34869
6914.284,0.34857
6912.356,0.34847
6910.427,0.34842
6908.498,0.34830
6906.570,0.34812
6904.641,0.34794
6902.712,0.34781
6900.784,0.34772
6898.855,0.34758
6896.926,0.34736
6894.998,0.34713
6893.069,0.34695
6891.140,0.34680
6889.212,0.34669
6887.283,0.34661
6885.354,0.34656
6883.426,0.34651
6881.497,0.34639
6879.568,0.34623
6877.640,0.34615
6875.711,0.34609
6873.782,0.34599
6871.854,0.34589
6869.925,0.34580
6867.996,0.34564
6866.068,0.34536
6864.139,0.34509
6862.210,0.34502
6860.282,0.34508
6858.353,0.34507
6856.424,0.34485
6854.496,0.34455
6852.567,0.34433
6850.638,0.34419
6848.709,0.34407
6846.781,0.34397
6844.852,0.34392
6842.923,0.34383
6840.995,0.34361
6839.066,0.34329
6837.137,0.34304
6835.209,0.34290
6833.280,0.34278
6831.351,0.34266
6829.423,0.34257
6827.494,0.34241
6825.565,0.34218
6823.637,0.34197
6821.708,0.34185
6819.779,0.34178
6817.851,0.34167
6815.922,0.34151
6813.993,0.34128
6812.065,0.34108
6810.136,0.34100
6808.207,0.34094
6806.279,0.34081
6804.350,0.34069
6802.421,0.34061
6800.493,0.34051
6798.564,0.34033
6796.635,0.34013
6794.707,0.34000
6792.778,0.33991
6790.849,0.33976
6788.921,0.33947
6786.992,0.33920
6785.063,0.33910
6783.135,0.33907
6781.206,0.33895
6779.277,0.33878
6777.349,0.33870
6775.420,0.33868
6773.491,0.33855
6771.563,0.33829
6769.634,0.33804
6767.705,0.33793
6765.777,0.33795
6763.848,0.33795
6761.919,0.33776
6759.991,0.33745
6758.062,0.33727
6756.133,0.33718
6754.205,0.33707
6752.276,0.33697
6750.347,0.33684
6748.419,0.33666
6746.490,0.33648
6744.561,0.33635
6742.633,0.33622
6740.704,0.33601
6738.775,0.33585
6736.847,0.33581
6734.918,0.33573
6732.989,0.33556
6731.061,0.33540
6729.132,0.33530
6727.203,0.33529
6725.275,0.33526
6723.346,0.33511
6721.417,0.33483
6719.489,0.33459
6717.560,0.33447
6715.631,0.33436
6713.703,0.33426
6711.774,0.33419
6709.845,0.33412
6707.917,0.33402
6705.988,0.33385
6704.059,0.33363
6702.131,0.33339
6700.202,0.33313
6698.273,0.33299
6696.345,0.33297
6694.416,0.33292
6692.487,0.33282
6690.558,0.33276
6688.630,0.33268
6686.701,0.33249
6684.772,0.33224
6682.844,0.33208
6680.915,0.33202
6678.986,0.33197
6677.058,0.33190
6675.129,0.33174
6673.200,0.33151
6671.272,0.33132
6669.343,0.33117
6667.414,0.33107
6665.486,0.33098
6663.557,0.33081
6661.628,0.33064
6659.700,0.33054
6657.771,0.33044
6655.842,0.33032
6653.914,0.33023
6651.985,0.33013
6650.056,0.32997
6648.128,0.32977
6646.199,0.32956
6644.270,0.32940
6642.342,0.32925
6640.413,0.32910
6638.484,0.32908
6636.556,0.32915
6634.627,0.32916
6632.698,0.32900
6630.770,0.32875
6628.841,0.32858
6626.912,0.32848
6624.984,0.32838
6623.055,0.32830
6621.126,0.32821
6619.198,0.32805
6617.269,0.32786
6615.340,0.32773
6613.412,0.32766
6611.483,0.32758
6609.554,0.32743
6607.626,0.32720
6605.697,0.32700
6603.768,0.32697
6601.840,0.32695
6599.911,0.32678
6597.982,0.32653
6596.054,0.32633
6594.125,0.32618
6592.196,0.32609
6590.268,0.32602
6588.339,0.32591
6586.410,0.32574
6584.482,0.32556
6582.553,0.32544
6580.624,0.32537
6578.696,0.32527
6576.767,0.32508
6574.838,0.32489
6572.910,0.32477
6570.981,0.32468
6569.052,0.32456
6567.124,0.32439
6565.195,0.32428
6563.266,0.32429
6561.338,0.32431
6559.409,0.32427
6557.480,0.32428
6555.552,0.32439
6553.623,0.32444
6551.694,0.32438
6549.766,0.32429
6547.837,0.32420
6545.908,0.32403
6543.980,0.32376
6542.051,0.32342
6540.122,0.32307
6538.194,0.32276
6536.265,0.32248
6534.336,0.32226
6532.408,0.32202
6530.479,0.32176
6528.550,0.32164
6526.621,0.32153
6524.693,0.32130
6522.764,0.32112
6520.835,0.32103
6518.907,0.32091
6516.978,0.32071
6515.049,0.32044
6513.121,0.32017
6511.192,0.32004
6509.263,0.32002
6507.335,0.31997
6505.406,0.31979
6503.477,0.31960
6501.549,0.31950
6499.620,0.31939
6497.691,0.31922
6495.763,0.31901
6493.834,0.31885
6491.905,0.31869
6489.977,0.31850
6488.048,0.31834
6486.119,0.31825
6484.191,0.31818
6482.262,0.31808
6480.333,0.31795
6478.405,0.31782
6476.476,0.31770
6474.547,0.31761
6472.619,0.31754
6470.690,0.31745
6468.761,0.31731
6466.833,0.31715
6464.904,0.31700
6462.975,0.31687
6461.047,0.31680
6459.118,0.31675
6457.189,0.31666
6455.261,0.31653
6453.332,0.31638
6451.403,0.31623
6449.475,0.31610
6447.546,0.31596
6445.617,0.31580
6443.689,0.31568
6441.760,0.31559
6439.831,0.31538
6437.903,0.31509
6435.974,0.31490
6434.045,0.31484
6432.117,0.31476
6430.188,0.31460
6428.259,0.31443
6426.331,0.31431
6424.402,0.31426
6422.473,0.31425
6420.545,0.31417
6418.616,0.31399
6416.687,0.31381
6414.759,0.31367
6412.830,0.31355
6410.901,0.31343
6408.973,0.31330
6407.044,0.31316
6405.115,0.31302
6403.187,0.31284
6401.258,0.31263
6399.329,0.31247
6397.401,0.31238
6395.472,0.31227
6393.543,0.31213
6391.615,0.31203
6389.686,0.31194
6387.757,0.31185
6385.829,0.31173
6383.900,0.31159
6381.971,0.31142
6380.043,0.31125
6378.114,0.31113
6376.185,0.31101
6374.257,0.31083
6372.328,0.31069
6370.399,0.31068
6368.471,0.31067
6366.542,0.31053
6364.613,0.31030
6362.684,0.31013
6360.756,0.31005
6358.827,0.30995
6356.898,0.30983
6354.970,0.30975
6353.041,0.30962
6351.112,0.30948
6349.184,0.30939
6347.255,0.30931
6345.326,0.30916
6343.398,0.30899
6341.469,0.30885
6339.540,0.30873
6337.612,0.30863
6335.683,0.30854
6333.754,0.30842
6331.826,0.30826
6329.897,0.30810
6327.968,0.30801
6326.040,0.30788
6324.111,0.30769
6322.182,0.30754
6320.254,0.30742
6318.325,0.30718
6316.396,0.30697
6314.468,0.30693
6312.539,0.30688
6310.610,0.30671
6308.682,0.30649
6306.753,0.30631
6304.824,0.30621
6302.896,0.30615
6300.967,0.30605
6299.038,0.30592
6297.110,0.30581
6295.181,0.30575
6293.252,0.30569
6291.324,0.30558
6289.395,0.30543
6287.466,0.30525
6285.538,0.30508
6283.609,0.30501
6281.680,0.30501
6279.752,0.30497
6277.823,0.30488
6275.894,0.30472
6273.966,0.30450
6272.037,0.30430
6270.108,0.30424
6268.180,0.30422
6266.251,0.30412
6264.322,0.30397
6262.394,0.30379
6260.465,0.30356
6258.536,0.30333
6256.608,0.30321
6254.679,0.30320
6252.750,0.30320
6250.822,0.30310
6248.893,0.30293
6246.964,0.30273
6245.036,0.30249
6243.107,0.30234
6241.178,0.30232
6239.250,0.30230
6237.321,0.30219
6235.392,0.30205
6233.464,0.30191
6231.535,0.30174
6229.606,0.30155
6227.678,0.30138
6225.749,0.30131
6223.820,0.30126
6221.892,0.30114
6219.963,0.30096
6218.034,0.30079
6216.106,0.30065
6214.177,0.30053
6212.248,0.30042
6210.320,0.30033
6208.391,0.30023
6206.462,0.30004
6204.533,0.29981
6202.605,0.29966
6200.676,0.29957
6198.747,0.29949
6196.819,0.29942
6194.890,0.29936
6192.961,0.29926
6191.033,0.29912
6189.104,0.29893
6187.175,0.29870
6185.247,0.29854
6183.318,0.29849
6181.389,0.29846
6179.461,0.29838
6177.532,0.29828
6175.603,0.29815
6173.675,0.29803
6171.746,0.29792
6169.817,0.29774
6167.889,0.29752
6165.960,0.29737
6164.031,0.29731
6162.103,0.29725
6160.174,0.29714
6158.245,0.29698
6156.317,0.29684
6154.388,0.29679
6152.459,0.29677
6150.531,0.29669
6148.602,0.29654
6146.673,0.29638
6144.745,0.29624
6142.816,0.29614
6140.887,0.29604
6138.959,0.29593
6137.030,0.29581
6135.101,0.29573
6133.173,0.29568
6131.244,0.29561
6129.315,0.29549
6127.387,0.29539
6125.458,0.29530
6123.529,0.29514
6121.601,0.29495
6119.672,0.29480
6117.743,0.29470
6115.815,0.29461
6113.886,0.29449
6111.957,0.29436
6110.029,0.29423
6108.100,0.29405
6106.171,0.29386
6104.243,0.29377
6102.314,0.29374
6100.385,0.29365
6098.457,0.29356
6096.528,0.29343
6094.599,0.29325
6092.671,0.29308
6090.742,0.29296
6088.813,0.29290
6086.885,0.29287
6084.956,0.29279
6083.027,0.29267
6081.099,0.29256
6079.170,0.29244
6077.241,0.29235
6075.313,0.29228
6073.384,0.29220
6071.455,0.29211
6069.527,0.29201
6067.598,0.29194
6065.669,0.29190
6063.741,0.29186
6061.812,0.29191
6059.883,0.29206
6057.955,0.29224
6056.026,0.29242
6054.097,0.29261
6052.169,0.29281
6050.240,0.29296
6048.311,0.29305
6046.383,0.29301
6044.454,0.29274
6042.525,0.29229
6040.596,0.29174
6038.668,0.29119
6036.739,0.29069
6034.810,0.29030
6032.882,0.29002
6030.953,0.28977
6029.024,0.28957
6027.096,0.28943
6025.167,0.28934
6023.238,0.28927
6021.310,0.28924
6019.381,0.28929
6017.452,0.28942
6015.524,0.28953
6013.595,0.28953
6011.666,0.28938
6009.738,0.28916
6007.809,0.28891
6005.880,0.28862
6003.952,0.28835
6002.023,0.28816
6000.094,0.28804
5998.166,0.28792
5996.237,0.28778
5994.308,0.28764
5992.380,0.28755
5990.451,0.28753
5988.522,0.28753
5986.594,0.28754
5984.665,0.28759
5982.736,0.28771
5980.808,0.28786
5978.879,0.28805
5976.950,0.28836
5975.022,0.28873
5973.093,0.28908
5971.164,0.28929
5969.236,0.28921
5967.307,0.28880
5965.378,0.28822
5963.450,0.28769
5961.521,0.28727
5959.592,0.28688
5957.664,0.28653
5955.735,0.28623
5953.806,0.28601
5951.878,0.28588
5949.949,0.28579
5948.020,0.28574
5946.092,0.28574
5944.163,0.28573
5942.234,0.28572
5940.306,0.28575
5938.377,0.28574
5936.448,0.28568
5934.520,0.28564
5932.591,0.28564
5930.662,0.28567
5928.734,0.28570
5926.805,0.28574
5924.876,0.28576
5922.948,0.28576
5921.019,0.28575
5919.090,0.28575
5917.162,0.28573
5915.233,0.28569
5913.304,0.28562
5911.376,0.28548
5909.447,0.28531
5907.518,0.28518
5905.590,0.28501
5903.661,0.28476
5901.732,0.28451
5899.804,0.28434
5897.875,0.28421
5895.946,0.28409
5894.018,0.28406
5892.089,0.28412
5890.160,0.28416
5888.232,0.28419
5886.303,0.28427
5884.374,0.28434
5882.445,0.28433
5880.517,0.28430
5878.588,0.28436
5876.659,0.28450
5874.731,0.28462
5872.802,0.28468
5870.873,0.28468
5868.945,0.28470
5867.016,0.28479
5865.087,0.28498
5863.159,0.28514
5861.230,0.28519
5859.301,0.28524
5857.373,0.28533
5855.444,0.28539
5853.515,0.28543
5851.587,0.28547
5849.658,0.28547
5847.729,0.28542
5845.801,0.28536
5843.872,0.28530
5841.943,0.28524
5840.015,0.28517
5838.086,0.28510
5836.157,0.28503
5834.229,0.28487
5832.300,0.28460
5830.371,0.28429
5828.443,0.28398
5826.514,0.28366
5824.585,0.28332
5822.657,0.28301
5820.728,0.28274
5818.799,0.28247
5816.871,0.28221
5814.942,0.28198
5813.013,0.28177
5811.085,0.28153
5809.156,0.28130
5807.227,0.28114
5805.299,0.28099
5803.370,0.28079
5801.441,0.28052
5799.513,0.28022
5797.584,0.27993
5795.655,0.27965
5793.727,0.27939
5791.798,0.27913
5789.869,0.27889
5787.941,0.27864
5786.012,0.27837
5784.083,0.27809
5782.155,0.27783
5780.226,0.27760
5778.297,0.27735
5776.369,0.27710
5774.440,0.27686
5772.511,0.27660
5770.583,0.27627
5768.654,0.27583
5766.725,0.27540
5764.797,0.27504
5762.868,0.27472
5760.939,0.27442
5759.011,0.27417
5757.082,0.27394
5755.153,0.27368
5753.225,0.27344
5751.296,0.27327
5749.367,0.27319
5747.439,0.27317
5745.510,0.27306
5743.581,0.27282
5741.653,0.27256
5739.724,0.27237
5737.795,0.27224
5735.867,0.27213
5733.938,0.27203
5732.009,0.27195
5730.081,0.27190
5728.152,0.27188
5726.223,0.27189
5724.295,0.27195
5722.366,0.27204
5720.437,0.27218
5718.508,0.27232
5716.580,0.27244
5714.651,0.27261
5712.722,0.27284
5710.794,0.27310
5708.865,0.27338
5706.936,0.27370
5705.008,0.27398
5703.079,0.27422
5701.150,0.27442
5699.222,0.27453
5697.293,0.27440
5695.364,0.27399
5693.436,0.27333
5691.507,0.27256
5689.578,0.27181
5687.650,0.27115
5685.721,0.27055
5683.792,0.26996
5681.864,0.26946
5679.935,0.26909
5678.006,0.26873
5676.078,0.26835
5674.149,0.26799
5672.220,0.26766
5670.292,0.26737
5668.363,0.26712
5666.434,0.26685
5664.506,0.26662
5662.577,0.26643
5660.648,0.26617
5658.720,0.26586
5656.791,0.26557
5654.862,0.26537
5652.934,0.26521
5651.005,0.26501
5649.076,0.26473
5647.148,0.26442
5645.219,0.26416
5643.290,0.26395
5641.362,0.26375
5639.433,0.26358
5637.504,0.26341
5635.576,0.26322
5633.647,0.26302
5631.718,0.26286
5629.790,0.26271
5627.861,0.26254
5625.932,0.26239
5624.004,0.26227
5622.075,0.26211
5620.146,0.26191
5618.218,0.26173
5616.289,0.26161
5614.360,0.26149
5612.432,0.26132
5610.503,0.26117
5608.574,0.26106
5606.646,0.26096
5604.717,0.26078
5602.788,0.26054
5600.860,0.26035
5598.931,0.26026
5597.002,0.26020
5595.074,0.26010
5593.145,0.25992
5591.216,0.25971
5589.288,0.25953
5587.359,0.25939
5585.430,0.25928
5583.502,0.25918
5581.573,0.25906
5579.644,0.25888
5577.716,0.25868
5575.787,0.25850
5573.858,0.25832
5571.930,0.25820
5570.001,0.25812
5568.072,0.25805
5566.144,0.25797
5564.215,0.25788
5562.286,0.25778
5560.357,0.25765
5558.429,0.25754
5556.500,0.25743
5554.571,0.25730
5552.643,0.25719
5550.714,0.25711
5548.785,0.25702
5546.857,0.25688
5544.928,0.25670
5542.999,0.25660
5541.071,0.25656
5539.142,0.25646
5537.213,0.25629
5535.285,0.25613
5533.356,0.25598
5531.427,0.25585
5529.499,0.25569
5527.570,0.25550
5525.641,0.25534
5523.713,0.25523
5521.784,0.25510
5519.855,0.25492
5517.927,0.25473
5515.998,0.25456
5514.069,0.25439
5512.141,0.25426
5510.212,0.25420
5508.283,0.25413
5506.355,0.25396
5504.426,0.25379
5502.497,0.25367
5500.569,0.25355
5498.640,0.25342
5496.711,0.25330
5494.783,0.25317
5492.854,0.25301
5490.925,0.25287
5488.997,0.25274
5487.068,0.25263
5485.139,0.25251
5483.211,0.25239
5481.282,0.25227
5479.353,0.25214
5477.425,0.25198
5475.496,0.25183
5473.567,0.25170
5471.639,0.25163
5469.710,0.25156
5467.781,0.25144
5465.853,0.25126
5463.924,0.25111
5461.995,0.25101
5460.067,0.25092
5458.138,0.25083
5456.209,0.25073
5454.281,0.25061
5452.352,0.25046
5450.423,0.25031
5448.495,0.25021
5446.566,0.25012
5444.637,0.24999
5442.709,0.24984
5440.780,0.24971
5438.851,0.24957
5436.923,0.24943
5434.994,0.24930
5433.065,0.24916
5431.137,0.24903
5429.208,0.24891
5427.279,0.24882
5425.351,0.24874
5423.422,0.24863
5421.493,0.24849
5419.565,0.24839
5417.636,0.24833
5415.707,0.24824
5413.779,0.24811
5411.850,0.24796
5409.921,0.24784
5407.993,0.24772
5406.064,0.24758
5404.135,0.24743
5402.207,0.24730
5400.278,0.24718
5398.349,0.24708
5396.420,0.24694
5394.492,0.24679
5392.563,0.24667
5390.634,0.24657
5388.706,0.24644
5386.777,0.24631
5384.848,0.24620
5382.920,0.24610
5380.991,0.24602
5379.062,0.24596
5377.134,0.24587
5375.205,0.24575
5373.276,0.24564
5371.348,0.24554
5369.419,0.24543
5367.490,0.24530
5365.562,0.24518
5363.633,0.24508
5361.704,0.24499
5359.776,0.24490
5357.847,0.24478
5355.918,0.24466
5353.990,0.24457
5352.061,0.24452
5350.132,0.24448
5348.204,0.24439
5346.275,0.24429
5344.346,0.24421
5342.418,0.24411
5340.489,0.24396
5338.560,0.24380
5336.632,0.24367
5334.703,0.24358
5332.774,0.24350
5330.846,0.24339
5328.917,0.24324
5326.988,0.24309
5325.060,0.24298
5323.131,0.24285
5321.202,0.24268
5319.274,0.24252
5317.345,0.24239
5315.416,0.24229
5313.488,0.24218
5311.559,0.24204
5309.630,0.24189
5307.702,0.24171
5305.773,0.24153
5303.844,0.24139
5301.916,0.24126
5299.987,0.24113
5298.058,0.24099
5296.130,0.24084
5294.201,0.24069
5292.272,0.24055
5290.344,0.24042
5288.415,0.24030
5286.486,0.24016
5284.558,0.24001
5282.629,0.23988
5280.700,0.23978
5278.772,0.23968
5276.843,0.23955
5274.914,0.23938
5272.986,0.23923
5271.057,0.23914
5269.128,0.23908
5267.200,0.23896
5265.271,0.23882
5263.342,0.23868
5261.414,0.23858
5259.485,0.23850
5257.556,0.23839
5255.628,0.23822
5253.699,0.23805
5251.770,0.23791
5249.842,0.23777
5247.913,0.23763
5245.984,0.23751
5244.056,0.23739
5242.127,0.23728
5240.198,0.23715
5238.269,0.23699
5236.341,0.23686
5234.412,0.23677
5232.483,0.23668
5230.555,0.23656
5228.626,0.23645
5226.697,0.23640
5224.769,0.23635
5222.840,0.23625
5220.911,0.23612
5218.983,0.23598
5217.054,0.23585
5215.125,0.23569
5213.197,0.23553
5211.268,0.23539
5209.339,0.23529
5207.411,0.23522
5205.482,0.23515
5203.553,0.23508
5201.625,0.23496
5199.696,0.23481
5197.767,0.23470
5195.839,0.23464
5193.910,0.23458
5191.981,0.23449
5190.053,0.23437
5188.124,0.23423
5186.195,0.23410
5184.267,0.23402
5182.338,0.23394
5180.409,0.23382
5178.481,0.23369
5176.552,0.23359
5174.623,0.23347
5172.695,0.23334
5170.766,0.23326
5168.837,0.23319
5166.909,0.23306
5164.980,0.23291
5163.051,0.23278
5161.123,0.23264
5159.194,0.23248
5157.265,0.23236
5155.337,0.23227
5153.408,0.23220
5151.479,0.23212
5149.551,0.23200
5147.622,0.23184
5145.693,0.23172
5143.765,0.23165
5141.836,0.23160
5139.907,0.23152
5137.979,0.23140
5136.050,0.23129
5134.121,0.23118
5132.193,0.23106
5130.264,0.23096
5128.335,0.23091
5126.407,0.23090
5124.478,0.23084
5122.549,0.23070
5120.621,0.23058
5118.692,0.23047
5116.763,0.23034
5114.835,0.23019
5112.906,0.23005
5110.977,0.22991
5109.049,0.22977
5107.120,0.22962
5105.191,0.22948
5103.263,0.22932
5101.334,0.22916
5099.405,0.22902
5097.477,0.22891
5095.548,0.22882
5093.619,0.22871
5091.691,0.22862
5089.762,0.22855
5087.833,0.22847
5085.905,0.22837
5083.976,0.22825
5082.047,0.22811
5080.119,0.22792
5078.190,0.22775
5076.261,0.22760
5074.332,0.22745
5072.404,0.22731
5070.475,0.22715
5068.546,0.22696
5066.618,0.22677
5064.689,0.22661
5062.760,0.22645
5060.832,0.22630
5058.903,0.22619
5056.974,0.22610
5055.046,0.22600
5053.117,0.22588
5051.188,0.22572
5049.260,0.22556
5047.331,0.22542
5045.402,0.22531
5043.474,0.22522
5041.545,0.22515
5039.616,0.22503
5037.688,0.22489
5035.759,0.22474
5033.830,0.22462
5031.902,0.22453
5029.973,0.22447
5028.044,0.22439
5026.116,0.22429
5024.187,0.22416
5022.258,0.22400
5020.330,0.22386
5018.401,0.22373
5016.472,0.22362
5014.544,0.22352
5012.615,0.22338
5010.686,0.22324
5008.758,0.22309
5006.829,0.22296
5004.900,0.22282
5002.972,0.22271
5001.043,0.22263
4999.114,0.22254
4997.186,0.22240
4995.257,0.22226
4993.328,0.22214
4991.400,0.22206
4989.471,0.22194
4987.542,0.22179
4985.614,0.22167
4983.685,0.22159
4981.756,0.22149
4979.828,0.22137
4977.899,0.22126
4975.970,0.22117
4974.042,0.22108
4972.113,0.22095
4970.184,0.22078
4968.256,0.22060
4966.327,0.22046
4964.398,0.22035
4962.470,0.22026
4960.541,0.22018
4958.612,0.22008
4956.684,0.21995
4954.755,0.21980
4952.826,0.21968
4950.898,0.21960
4948.969,0.21954
4947.040,0.21947
4945.112,0.21938
4943.183,0.21924
4941.254,0.21909
4939.326,0.21894
4937.397,0.21882
4935.468,0.21872
4933.540,0.21863
4931.611,0.21853
4929.682,0.21842
4927.754,0.21830
4925.825,0.21816
4923.896,0.21802
4921.968,0.21792
4920.039,0.21787
4918.110,0.21785
4916.181,0.21780
4914.253,0.21768
4912.324,0.21752
4910.395,0.21737
4908.467,0.21723
4906.538,0.21711
4904.609,0.21704
4902.681,0.21697
4900.752,0.21687
4898.823,0.21677
4896.895,0.21671
4894.966,0.21669
4893.037,0.21670
4891.109,0.21681
4889.180,0.21703
4887.251,0.21725
4885.323,0.21734
4883.394,0.21725
4881.465,0.21695
4879.537,0.21650
4877.608,0.21606
4875.679,0.21574
4873.751,0.21550
4871.822,0.21531
4869.893,0.21513
4867.965,0.21495
4866.036,0.21477
4864.107,0.21464
4862.179,0.21454
4860.250,0.21446
4858.321,0.21437
4856.393,0.21427
4854.464,0.21413
4852.535,0.21399
4850.607,0.21387
4848.678,0.21376
4846.749,0.21366
4844.821,0.21357
4842.892,0.21348
4840.963,0.21337
4839.035,0.21324
4837.106,0.21311
4835.177,0.21298
4833.249,0.21286
4831.320,0.21275
4829.391,0.21266
4827.463,0.21255
4825.534,0.21244
4823.605,0.21235
4821.677,0.21227
4819.748,0.21218
4817.819,0.21211
4815.891,0.21206
4813.962,0.21199
4812.033,0.21187
4810.105,0.21175
4808.176,0.21166
4806.247,0.21157
4804.319,0.21148
4802.390,0.21137
4800.461,0.21123
4798.533,0.21108
4796.604,0.21093
4794.675,0.21080
4792.747,0.21071
4790.818,0.21065
4788.889,0.21056
4786.961,0.21042
4785.032,0.21026
4783.103,0.21012
4781.175,0.21002
4779.246,0.20996
4777.317,0.20989
4775.389,0.20978
4773.460,0.20967
4771.531,0.20956
4769.603,0.20944
4767.674,0.20929
4765.745,0.20915
4763.817,0.20905
4761.888,0.20897
4759.959,0.20889
4758.031,0.20877
4756.102,0.20863
4754.173,0.20854
4752.244,0.20848
4750.316,0.20839
4748.387,0.20827
4746.458,0.20813
4744.530,0.20800
4742.601,0.20787
4740.672,0.20776
4738.744,0.20765
4736.815,0.20754
4734.886,0.20744
4732.958,0.20733
4731.029,0.20724
4729.100,0.20717
4727.172,0.20709
4725.243,0.20701
4723.314,0.20691
4721.386,0.20682
4719.457,0.20671
4717.528,0.20657
4715.600,0.20639
4713.671,0.20625
4711.742,0.20618
4709.814,0.20613
4707.885,0.20606
4705.956,0.20597
4704.028,0.20587
4702.099,0.20579
4700.170,0.20572
4698.242,0.20569
4696.313,0.20570
4694.384,0.20571
4692.456,0.20572
4690.527,0.20575
4688.598,0.20574
4686.670,0.20568
4684.741,0.20564
4682.812,0.20562
4680.884,0.20556
4678.955,0.20548
4677.026,0.20542
4675.098,0.20538
4673.169,0.20534
4671.240,0.20530
4669.312,0.20525
4667.383,0.20515
4665.454,0.20499
4663.526,0.20482
4661.597,0.20466
4659.668,0.20452
4657.740,0.20440
4655.811,0.20429
4653.882,0.20415
4651.954,0.20402
4650.025,0.20389
4648.096,0.20375
4646.168,0.20359
4644.239,0.20344
4642.310,0.20333
4640.382,0.20329
4638.453,0.20328
4636.524,0.20324
4634.596,0.20315
4632.667,0.20302
4630.738,0.20285
4628.810,0.20269
4626.881,0.20254
4624.952,0.20239
4623.024,0.20223
4621.095,0.20207
4619.166,0.20188
4617.238,0.20168
4615.309,0.20146
4613.380,0.20126
4611.452,0.20109
4609.523,0.20096
4607.594,0.20085
4605.666,0.20072
4603.737,0.20061
4601.808,0.20052
4599.880,0.20043
4597.951,0.20031
4596.022,0.20019
4594.093,0.20010
4592.165,0.20002
4590.236,0.19995
4588.307,0.19987
4586.379,0.19981
4584.450,0.19977
4582.521,0.19971
4580.593,0.19965
4578.664,0.19959
4576.735,0.19951
4574.807,0.19945
4572.878,0.19939
4570.949,0.19934
4569.021,0.19929
4567.092,0.19924
4565.163,0.19918
4563.235,0.19911
4561.306,0.19903
4559.377,0.19891
4557.449,0.19878
4555.520,0.19866
4553.591,0.19856
4551.663,0.19853
4549.734,0.19848
4547.805,0.19838
4545.877,0.19825
4543.948,0.19814
4542.019,0.19806
4540.091,0.19799
4538.162,0.19793
4536.233,0.19790
4534.305,0.19788
4532.376,0.19786
4530.447,0.19790
4528.519,0.19803
4526.590,0.19823
4524.661,0.19849
4522.733,0.19869
4520.804,0.19864
4518.875,0.19832
4516.947,0.19788
4515.018,0.19749
4513.089,0.19722
4511.161,0.19705
4509.232,0.19695
4507.303,0.19692
4505.375,0.19696
4503.446,0.19707
4501.517,0.19724
4499.589,0.19748
4497.660,0.19779
4495.731,0.19812
4493.803,0.19845
4491.874,0.19880
4489.945,0.19923
4488.017,0.19995
4486.088,0.20114
4484.159,0.20302
4482.231,0.20571
4480.302,0.20886
4478.373,0.21123
4476.445,0.21143
4474.516,0.20942
4472.587,0.20648
4470.659,0.20394
4468.730,0.20237
4466.801,0.20176
4464.873,0.20187
4462.944,0.20238
4461.015,0.20292
4459.087,0.20317
4457.158,0.20298
4455.229,0.20248
4453.301,0.20183
4451.372,0.20102
4449.443,0.19995
4447.515,0.19867
4445.586,0.19738
4443.657,0.19624
4441.729,0.19531
4439.800,0.19462
4437.871,0.19415
4435.943,0.19382
4434.014,0.19360
4432.085,0.19349
4430.156,0.19347
4428.228,0.19352
4426.299,0.19356
4424.370,0.19357
4422.442,0.19353
4420.513,0.19343
4418.584,0.19332
4416.656,0.19324
4414.727,0.19317
4412.798,0.19307
4410.870,0.19296
4408.941,0.19284
4407.012,0.19268
4405.084,0.19254
4403.155,0.19243
4401.226,0.19237
4399.298,0.19237
4397.369,0.19242
4395.440,0.19256
4393.512,0.19278
4391.583,0.19303
4389.654,0.19320
4387.726,0.19321
4385.797,0.19310
4383.868,0.19297
4381.940,0.19286
4380.011,0.19279
4378.082,0.19281
4376.154,0.19289
4374.225,0.19295
4372.296,0.19292
4370.368,0.19276
4368.439,0.19247
4366.510,0.19211
4364.582,0.19176
4362.653,0.19151
4360.724,0.19138
4358.796,0.19136
4356.867,0.19143
4354.938,0.19156
4353.010,0.19164
4351.081,0.19166
4349.152,0.19170
4347.224,0.19182
4345.295,0.19199
4343.366,0.19223
4341.438,0.19253
4339.509,0.19289
4337.580,0.19334
4335.652,0.19389
4333.723,0.19460
4331.794,0.19548
4329.866,0.19657
4327.937,0.19787
4326.008,0.19920
4324.080,0.20015
4322.151,0.20020
4320.222,0.19913
4318.294,0.19732
4316.365,0.19551
4314.436,0.19415
4312.508,0.19327
4310.579,0.19270
4308.650,0.19228
4306.722,0.19187
4304.793,0.19143
4302.864,0.19103
4300.936,0.19082
4299.007,0.19082
4297.078,0.19096
4295.150,0.19119
4293.221,0.19146
4291.292,0.19170
4289.364,0.19179
4287.435,0.19164
4285.506,0.19133
4283.578,0.19104
4281.649,0.19095
4279.720,0.19115
4277.792,0.19169
4275.863,0.19248
4273.934,0.19327
4272.005,0.19366
4270.077,0.19342
4268.148,0.19261
4266.219,0.19157
4264.291,0.19069
4262.362,0.19018
4260.433,0.19003
4258.505,0.19015
4256.576,0.19042
4254.647,0.19065
4252.719,0.19061
4250.790,0.19006
4248.861,0.18905
4246.933,0.18787
4245.004,0.18685
4243.075,0.18612
4241.147,0.18567
4239.218,0.18544
4237.289,0.18539
4235.361,0.18545
4233.432,0.18558
4231.503,0.18568
4229.575,0.18574
4227.646,0.18584
4225.717,0.18601
4223.789,0.18624
4221.860,0.18645
4219.931,0.18660
4218.003,0.18664
4216.074,0.18653
4214.145,0.18630
4212.217,0.18598
4210.288,0.18564
4208.359,0.18536
4206.431,0.18521
4204.502,0.18518
4202.573,0.18524
4200.645,0.18538
4198.716,0.18557
4196.787,0.18577
4194.859,0.18597
4192.930,0.18614
4191.001,0.18627
4189.073,0.18635
4187.144,0.18638
4185.215,0.18639
4183.287,0.18640
4181.358,0.18640
4179.429,0.18635
4177.501,0.18620
4175.572,0.18591
4173.643,0.18554
4171.715,0.18520
4169.786,0.18505
4167.857,0.18521
4165.929,0.18569
4164.000,0.18618
4162.071,0.18612
4160.143,0.18531
4158.214,0.18414
4156.285,0.18311
4154.357,0.18236
4152.428,0.18183
4150.499,0.18146
4148.571,0.18121
4146.642,0.18100
4144.713,0.18076
4142.785,0.18056
4140.856,0.18040
4138.927,0.18020
4136.999,0.17996
4135.070,0.17975
4133.141,0.17958
4131.213,0.17942
4129.284,0.17928
4127.355,0.17913
4125.427,0.17898
4123.498,0.17886
4121.569,0.17879
4119.641,0.17873
4117.712,0.17865
4115.783,0.17860
4113.855,0.17855
4111.926,0.17849
4109.997,0.17845
4108.068,0.17843
4106.140,0.17840
4104.211,0.17831
4102.282,0.17819
4100.354,0.17807
4098.425,0.17794
4096.496,0.17779
4094.568,0.17761
4092.639,0.17742
4090.710,0.17718
4088.782,0.17692
4086.853,0.17669
4084.924,0.17653
4082.996,0.17642
4081.067,0.17639
4079.138,0.17648
4077.210,0.17672
4075.281,0.17715
4073.352,0.17787
4071.424,0.17894
4069.495,0.18022
4067.566,0.18136
4065.638,0.18188
4063.709,0.18155
4061.780,0.18064
4059.852,0.17963
4057.923,0.17881
4055.994,0.17813
4054.066,0.17747
4052.137,0.17678
4050.208,0.17609
4048.280,0.17544
4046.351,0.17488
4044.422,0.17449
4042.494,0.17424
4040.565,0.17414
4038.636,0.17422
4036.708,0.17451
4034.779,0.17499
4032.850,0.17568
4030.922,0.17656
4028.993,0.17742
4027.064,0.17796
4025.136,0.17806
4023.207,0.17780
4021.278,0.17732
4019.350,0.17676
4017.421,0.17614
4015.492,0.17536
4013.564,0.17443
4011.635,0.17349
4009.706,0.17268
4007.778,0.17202
4005.849,0.17150
4003.920,0.17116
4001.992,0.17098
4000.063,0.17089
3998.134,0.17088
3996.206,0.17097
3994.277,0.17119
3992.348,0.17150
3990.420,0.17185
3988.491,0.17215
3986.562,0.17235
3984.634,0.17245
3982.705,0.17257
3980.776,0.17277
3978.848,0.17296
3976.919,0.17296
3974.990,0.17277
3973.062,0.17248
3971.133,0.17225
3969.204,0.17228
3967.276,0.17264
3965.347,0.17330
3963.418,0.17418
3961.490,0.17517
3959.561,0.17597
3957.632,0.17622
3955.704,0.17578
3953.775,0.17477
3951.846,0.17343
3949.917,0.17208
3947.989,0.17091
3946.060,0.16998
3944.131,0.16926
3942.203,0.16872
3940.274,0.16835
3938.345,0.16812
3936.417,0.16800
3934.488,0.16800
3932.559,0.16811
3930.631,0.16833
3928.702,0.16865
3926.773,0.16910
3924.845,0.16969
3922.916,0.17034
3920.987,0.17090
3919.059,0.17124
3917.130,0.17121
3915.201,0.17074
3913.273,0.16992
3911.344,0.16898
3909.415,0.16808
3907.487,0.16731
3905.558,0.16673
3903.629,0.16630
3901.701,0.16596
3899.772,0.16569
3897.843,0.16547
3895.915,0.16526
3893.986,0.16507
3892.057,0.16491
3890.129,0.16477
3888.200,0.16462
3886.271,0.16448
3884.343,0.16437
3882.414,0.16427
3880.485,0.16417
3878.557,0.16407
3876.628,0.16400
3874.699,0.16392
3872.771,0.16382
3870.842,0.16372
3868.913,0.16367
3866.985,0.16366
3865.056,0.16367
3863.127,0.16368
3861.199,0.16364
3859.270,0.16354
3857.341,0.16337
3855.413,0.16314
3853.484,0.16294
3851.555,0.16281
3849.627,0.16273
3847.698,0.16265
3845.769,0.16253
3843.841,0.16238
3841.912,0.16220
3839.983,0.16198
3838.055,0.16175
3836.126,0.16153
3834.197,0.16136
3832.269,0.16122
3830.340,0.16111
3828.411,0.16101
3826.483,0.16094
3824.554,0.16088
3822.625,0.16079
3820.697,0.16065
3818.768,0.16045
3816.839,0.16023
3814.911,0.16002
3812.982,0.15983
3811.053,0.15963
3809.125,0.15944
3807.196,0.15930
3805.267,0.15917
3803.339,0.15901
3801.410,0.15883
3799.481,0.15866
3797.553,0.15849
3795.624,0.15834
3793.695,0.15820
3791.767,0.15808
3789.838,0.15798
3787.909,0.15790
3785.980,0.15780
3784.052,0.15770
3782.123,0.15761
3780.194,0.15755
3778.266,0.15753
3776.337,0.15750
3774.408,0.15743
3772.480,0.15734
3770.551,0.15725
3768.622,0.15716
3766.694,0.15707
3764.765,0.15699
3762.836,0.15692
3760.908,0.15683
3758.979,0.15674
3757.050,0.15665
3755.122,0.15656
3753.193,0.15642
3751.264,0.15627
3749.336,0.15614
3747.407,0.15600
3745.478,0.15586
3743.550,0.15577
3741.621,0.15572
3739.692,0.15563
3737.764,0.15550
3735.835,0.15540
3733.906,0.15534
3731.978,0.15528
3730.049,0.15517
3728.120,0.15504
3726.192,0.15490
3724.263,0.15475
3722.334,0.15461
3720.406,0.15451
3718.477,0.15442
3716.548,0.15433
3714.620,0.15427
3712.691,0.15424
3710.762,0.15422
3708.834,0.15421
3706.905,0.15422
3704.976,0.15426
3703.048,0.15428
3701.119,0.15427
3699.190,0.15427
3697.262,0.15425
3695.333,0.15419
3693.404,0.15412
3691.476,0.15406
3689.547,0.15399
3687.618,0.15389
3685.690,0.15378
3683.761,0.15367
3681.832,0.15354
3679.904,0.15345
3677.975,0.15338
3676.046,0.15330
3674.118,0.15323
3672.189,0.15319
3670.260,0.15320
3668.332,0.15321
3666.403,0.15323
3664.474,0.15327
3662.546,0.15333
3660.617,0.15336
3658.688,0.15338
3656.760,0.15344
3654.831,0.15351
3652.902,0.15363
3650.974,0.15384
3649.045,0.15409
3647.116,0.15432
3645.188,0.15449
3643.259,0.15459
3641.330,0.15451
3639.402,0.15422
3637.473,0.15382
3635.544,0.15347
3633.616,0.15319
3631.687,0.15300
3629.758,0.15292
3627.830,0.15293
3625.901,0.15297
3623.972,0.15305
3622.043,0.15319
3620.115,0.15338
3618.186,0.15364
3616.257,0.15396
3614.329,0.15429
3612.400,0.15453
3610.471,0.15468
3608.543,0.15481
3606.614,0.15489
3604.685,0.15483
3602.757,0.15456
3600.828,0.15415
3598.899,0.15367
3596.971,0.15326
3595.042,0.15299
3593.113,0.15283
3591.185,0.15270
3589.256,0.15259
3587.327,0.15256
3585.399,0.15258
3583.470,0.15258
3581.541,0.15260
3579.613,0.15265
3577.684,0.15269
3575.755,0.15273
3573.827,0.15278
3571.898,0.15277
3569.969,0.15267
3568.041,0.15261
3566.112,0.15264
3564.183,0.15267
3562.255,0.15267
3560.326,0.15269
3558.397,0.15273
3556.469,0.15274
3554.540,0.15275
3552.611,0.15279
3550.683,0.15283
3548.754,0.15283
3546.825,0.15286
3544.897,0.15293
3542.968,0.15295
3541.039,0.15294
3539.111,0.15299
3537.182,0.15306
3535.253,0.15308
3533.325,0.15308
3531.396,0.15312
3529.467,0.15314
3527.539,0.15314
3525.610,0.15317
3523.681,0.15323
3521.753,0.15323
3519.824,0.15315
3517.895,0.15308
3515.967,0.15303
3514.038,0.15298
3512.109,0.15295
3510.181,0.15295
3508.252,0.15294
3506.323,0.15293
3504.395,0.15294
3502.466,0.15296
3500.537,0.15295
3498.609,0.15295
3496.680,0.15303
3494.751,0.15315
3492.823,0.15327
3490.894,0.15343
3488.965,0.15368
3487.037,0.15393
3485.108,0.15412
3483.179,0.15419
3481.251,0.15408
3479.322,0.15383
3477.393,0.15357
3475.465,0.15333
3473.536,0.15312
3471.607,0.15295
3469.679,0.15288
3467.750,0.15284
3465.821,0.15277
3463.892,0.15271
3461.964,0.15272
3460.035,0.15273
3458.106,0.15270
3456.178,0.15270
3454.249,0.15274
3452.320,0.15277
3450.392,0.15277
3448.463,0.15280
3446.534,0.15280
3444.606,0.15273
3442.677,0.15262
3440.748,0.15251
3438.820,0.15234
3436.891,0.15213
3434.962,0.15197
3433.034,0.15185
3431.105,0.15172
3429.176,0.15160
3427.248,0.15151
3425.319,0.15140
3423.390,0.15127
3421.462,0.15119
3419.533,0.15113
3417.604,0.15103
3415.676,0.15092
3413.747,0.15084
3411.818,0.15075
3409.890,0.15062
3407.961,0.15048
3406.032,0.15036
3404.104,0.15021
3402.175,0.15004
3400.246,0.14989
3398.318,0.14975
3396.389,0.14958
3394.460,0.14941
3392.532,0.14928
3390.603,0.14914
3388.674,0.14894
3386.746,0.14876
3384.817,0.14862
3382.888,0.14845
3380.960,0.14825
3379.031,0.14810
3377.102,0.14796
3375.174,0.14779
3373.245,0.14761
3371.316,0.14746
3369.388,0.14728
3367.459,0.14705
3365.530,0.14682
3363.602,0.14664
3361.673,0.14643
3359.744,0.14622
3357.816,0.14605
3355.887,0.14590
3353.958,0.14573
3352.030,0.14557
3350.101,0.14544
3348.172,0.14528
3346.244,0.14511
3344.315,0.14499
3342.386,0.14491
3340.458,0.14480
3338.529,0.14471
3336.600,0.14466
3334.672,0.14462
3332.743,0.14458
3330.814,0.14454
3328.886,0.14457
3326.957,0.14461
3325.028,0.14466
3323.100,0.14476
3321.171,0.14487
3319.242,0.14493
3317.314,0.14500
3315.385,0.14518
3313.456,0.14549
3311.528,0.14596
3309.599,0.14649
3307.670,0.14689
3305.742,0.14702
3303.813,0.14694
3301.884,0.14687
3299.955,0.14695
3298.027,0.14717
3296.098,0.14741
3294.169,0.14755
3292.241,0.14753
3290.312,0.14748
3288.383,0.14768
3286.455,0.14839
3284.526,0.14969
3282.597,0.15184
3280.669,0.15532
3278.740,0.16011
3276.811,0.16494
3274.883,0.16775
3272.954,0.16662
3271.025,0.16132
3269.097,0.15444
3267.168,0.14894
3265.239,0.14561
3263.311,0.14376
3261.382,0.14270
3259.453,0.14208
3257.525,0.14169
3255.596,0.14145
3253.667,0.14127
3251.739,0.14109
3249.810,0.14090
3247.881,0.14076
3245.953,0.14061
3244.024,0.14046
3242.095,0.14035
3240.167,0.14028
3238.238,0.14020
3236.309,0.14012
3234.381,0.14008
3232.452,0.14006
3230.523,0.14004
3228.595,0.14004
3226.666,0.14009
3224.737,0.14015
3222.809,0.14021
3220.880,0.14027
3218.951,0.14031
3217.023,0.14033
3215.094,0.14038
3213.165,0.14045
3211.237,0.14048
3209.308,0.14047
3207.379,0.14051
3205.451,0.14060
3203.522,0.14066
3201.593,0.14069
3199.665,0.14075
3197.736,0.14081
3195.807,0.14086
3193.879,0.14095
3191.950,0.14109
3190.021,0.14121
3188.093,0.14130
3186.164,0.14147
3184.235,0.14168
3182.307,0.14187
3180.378,0.14205
3178.449,0.14226
3176.521,0.14246
3174.592,0.14261
3172.663,0.14277
3170.735,0.14291
3168.806,0.14300
3166.877,0.14307
3164.949,0.14318
3163.020,0.14328
3161.091,0.14335
3159.163,0.14345
3157.234,0.14362
3155.305,0.14382
3153.377,0.14406
3151.448,0.14441
3149.519,0.14485
3147.591,0.14530
3145.662,0.14585
3143.733,0.14659
3141.804,0.14754
3139.876,0.14868
3137.947,0.14999
3136.018,0.15123
3134.090,0.15199
3132.161,0.15212
3130.232,0.15191
3128.304,0.15164
3126.375,0.15144
3124.446,0.15135
3122.518,0.15135
3120.589,0.15133
3118.660,0.15124
3116.732,0.15112
3114.803,0.15101
3112.874,0.15091
3110.946,0.15091
3109.017,0.15107
3107.088,0.15131
3105.160,0.15156
3103.231,0.15181
3101.302,0.15201
3099.374,0.15206
3097.445,0.15199
3095.516,0.15189
3093.588,0.15183
3091.659,0.15181
3089.730,0.15192
3087.802,0.15217
3085.873,0.15248
3083.944,0.15281
3082.016,0.15319
3080.087,0.15365
3078.158,0.15414
3076.230,0.15468
3074.301,0.15527
3072.372,0.15587
3070.444,0.15648
3068.515,0.15719
3066.586,0.15796
3064.658,0.15869
3062.729,0.15941
3060.800,0.16020
3058.872,0.16100
3056.943,0.16168
3055.014,0.16234
3053.086,0.16306
3051.157,0.16377
3049.228,0.16440
3047.300,0.16503
3045.371,0.16572
3043.442,0.16656
3041.514,0.16776
3039.585,0.16949
3037.656,0.17179
3035.728,0.17487
3033.799,0.17929
3031.870,0.18600
3029.942,0.19632
3028.013,0.21140
3026.084,0.22891
3024.156,0.23961
3022.227,0.23412
3020.298,0.21558
3018.370,0.19605
3016.441,0.18275
3014.512,0.17567
3012.584,0.17246
3010.655,0.17129
3008.726,0.17118
3006.798,0.17185
3004.869,0.17328
3002.940,0.17536
3001.012,0.17807
2999.083,0.18169
2997.154,0.18663
2995.226,0.19347
2993.297,0.20336
2991.368,0.21841
2989.440,0.24080
2987.511,0.26810
2985.582,0.28717
2983.654,0.28314
2981.725,0.26045
2979.796,0.23744
2977.867,0.22428
2975.939,0.22021
2974.010,0.22183
2972.081,0.22708
2970.153,0.23499
2968.224,0.24483
2966.295,0.25609
2964.367,0.26841
2962.438,0.28108
2960.509,0.29272
2958.581,0.30158
2956.652,0.30611
2954.723,0.30541
2952.795,0.30026
2950.866,0.29406
2948.937,0.29119
2947.009,0.29415
2945.080,0.30297
2943.151,0.31677
2941.223,0.33472
2939.294,0.35622
2937.365,0.38086
2935.437,0.40857
2933.508,0.43940
2931.579,0.47334
2929.651,0.51075
2927.722,0.55313
2925.793,0.60296
2923.865,0.66183
2921.936,0.72707
2920.007,0.78741
2918.079,0.81843
2916.150,0.79276
2914.221,0.71724
2912.293,0.63192
2910.364,0.56509
2908.435,0.52025
2906.507,0.48928
2904.578,0.46481
2902.649,0.44326
2900.721,0.42115
2898.792,0.39521
2896.863,0.36620
2894.935,0.33831
2893.006,0.31475
2891.077,0.29561
2889.149,0.27937
2887.220,0.26488
2885.291,0.25180
2883.363,0.24029
2881.434,0.23086
2879.505,0.22422
2877.577,0.22065
2875.648,0.21955
2873.719,0.21956
2871.791,0.21930
2869.862,0.21865
2867.933,0.21956
2866.005,0.22492
2864.076,0.23658
2862.147,0.25480
2860.219,0.27926
2858.290,0.31096
2856.361,0.35390
2854.433,0.41456
2852.504,0.49341
2850.575,0.56213
2848.647,0.56046
2846.718,0.48050
2844.789,0.38472
2842.861,0.31219
2840.932,0.26474
2839.003,0.23370
2837.075,0.21227
2835.146,0.19664
2833.217,0.18482
2831.289,0.17567
2829.360,0.16841
2827.431,0.16242
2825.503,0.15737
2823.574,0.15312
2821.645,0.14947
2819.716,0.14628
2817.788,0.14351
2815.859,0.14112
2813.930,0.13896
2812.002,0.13700
2810.073,0.13527
2808.144,0.13370
2806.216,0.13222
2804.287,0.13089
2802.358,0.12972
2800.430,0.12858
2798.501,0.12745
2796.572,0.12645
2794.644,0.12552
2792.715,0.12462
2790.786,0.12385
2788.858,0.12331
2786.929,0.12291
2785.000,0.12263
2783.072,0.12253
2781.143,0.12262
2779.214,0.12282
2777.286,0.12327
2775.357,0.12414
2773.428,0.12531
2771.500,0.12653
2769.571,0.12747
2767.642,0.12763
2765.714,0.12658
2763.785,0.12457
2761.856,0.12236
2759.928,0.12041
2757.999,0.11879
2756.070,0.11755
2754.142,0.11665
2752.213,0.11597
2750.284,0.11551
2748.356,0.11532
2746.427,0.11528
2744.498,0.11521
2742.570,0.11512
2740.641,0.11503
2738.712,0.11488
2736.784,0.11466
2734.855,0.11452
2732.926,0.11447
2730.998,0.11434
2729.069,0.11412
2727.140,0.11391
2725.212,0.11369
2723.283,0.11342
2721.354,0.11320
2719.426,0.11308
2717.497,0.11294
2715.568,0.11279
2713.640,0.11272
2711.711,0.11272
2709.782,0.11269
2707.854,0.11269
2705.925,0.11278
2703.996,0.11293
2702.068,0.11311
2700.139,0.11343
2698.210,0.11388
2696.282,0.11429
2694.353,0.11469
2692.424,0.11522
2690.496,0.11583
2688.567,0.11649
2686.638,0.11729
2684.710,0.11829
2682.781,0.11940
2680.852,0.12057
2678.924,0.12185
2676.995,0.12320
2675.066,0.12457
2673.138,0.12592
2671.209,0.12704
2669.280,0.12768
2667.352,0.12795
2665.423,0.12822
2663.494,0.12861
2661.566,0.12880
2659.637,0.12838
2657.708,0.12718
2655.779,0.12529
2653.851,0.12306
2651.922,0.12101
2649.993,0.11942
2648.065,0.11825
2646.136,0.11746
2644.207,0.11708
2642.279,0.11700
2640.350,0.11699
2638.421,0.11691
2636.493,0.11667
2634.564,0.11619
2632.635,0.11552
2630.707,0.11481
2628.778,0.11405
2626.849,0.11315
2624.921,0.11220
2622.992,0.11133
2621.063,0.11054
2619.135,0.10983
2617.206,0.10935
2615.277,0.10910
2613.349,0.10897
2611.420,0.10898
2609.491,0.10924
2607.563,0.10970
2605.634,0.11027
2603.705,0.11097
2601.777,0.11175
2599.848,0.11240
2597.919,0.11285
2595.991,0.11326
2594.062,0.11366
2592.133,0.11397
2590.205,0.11425
2588.276,0.11460
2586.347,0.11498
2584.419,0.11533
2582.490,0.11563
2580.561,0.11576
2578.633,0.11564
2576.704,0.11551
2574.775,0.11570
2572.847,0.11626
2570.918,0.11719
2568.989,0.11867
2567.061,0.12074
2565.132,0.12310
2563.203,0.12541
2561.275,0.12734
2559.346,0.12821
2557.417,0.12754
2555.489,0.12565
2553.560,0.12341
2551.631,0.12151
2549.703,0.12043
2547.774,0.12062
2545.845,0.12193
2543.917,0.12319
2541.988,0.12314
2540.059,0.12177
2538.131,0.11967
2536.202,0.11700
2534.273,0.11401
2532.345,0.11143
2530.416,0.10971
2528.487,0.10881
2526.559,0.10861
2524.630,0.10882
2522.701,0.10904
2520.773,0.10918
2518.844,0.10931
2516.915,0.10938
2514.987,0.10937
2513.058,0.10951
2511.129,0.10980
2509.201,0.10993
2507.272,0.10973
2505.343,0.10938
2503.415,0.10898
2501.486,0.10859
2499.557,0.10833
2497.628,0.10825
2495.700,0.10812
2493.771,0.10783
2491.842,0.10754
2489.914,0.10730
2487.985,0.10698
2486.056,0.10664
2484.128,0.10649
2482.199,0.10642
2480.270,0.10628
2478.342,0.10616
2476.413,0.10613
2474.484,0.10601
2472.556,0.10582
2470.627,0.10577
2468.698,0.10583
2466.770,0.10580
2464.841,0.10574
2462.912,0.10573
2460.984,0.10557
2459.055,0.10518
2457.126,0.10476
2455.198,0.10446
2453.269,0.10417
2451.340,0.10396
2449.412,0.10401
2447.483,0.10421
2445.554,0.10435
2443.626,0.10451
2441.697,0.10474
2439.768,0.10486
2437.840,0.10485
2435.911,0.10492
2433.982,0.10506
2432.054,0.10512
2430.125,0.10518
2428.196,0.10541
2426.268,0.10571
2424.339,0.10597
2422.410,0.10637
2420.482,0.10700
2418.553,0.10766
2416.624,0.10832
2414.696,0.10912
2412.767,0.11001
2410.838,0.11085
2408.910,0.11176
2406.981,0.11283
2405.052,0.11380
2403.124,0.11432
2401.195,0.11427
2399.266,0.11356
2397.338,0.11224
2395.409,0.11074
2393.480,0.10955
2391.552,0.10869
2389.623,0.10799
2387.694,0.10752
2385.766,0.10728
2383.837,0.10702
2381.908,0.10665
2379.980,0.10637
2378.051,0.10622
2376.122,0.10605
2374.194,0.10594
2372.265,0.10603
2370.336,0.10616
2368.408,0.10617
2366.479,0.10621
2364.550,0.10634
2362.622,0.10645
2360.693,0.10661
2358.764,0.10698
2356.836,0.10748
2354.907,0.10794
2352.978,0.10843
2351.050,0.10898
2349.121,0.10939
2347.192,0.10955
2345.264,0.10967
2343.335,0.10991
2341.406,0.11017
2339.478,0.11034
2337.549,0.11045
2335.620,0.11052
2333.691,0.11055
2331.763,0.11063
2329.834,0.11076
2327.905,0.11068
2325.977,0.11034
2324.048,0.10998
2322.119,0.10967
2320.191,0.10930
2318.262,0.10892
2316.333,0.10867
2314.405,0.10847
2312.476,0.10825
2310.547,0.10813
2308.619,0.10818
2306.690,0.10827
2304.761,0.10836
2302.833,0.10851
2300.904,0.10857
2298.975,0.10840
2297.047,0.10811
2295.118,0.10786
2293.189,0.10763
2291.261,0.10742
2289.332,0.10734
2287.403,0.10740
2285.475,0.10750
2283.546,0.10764
2281.617,0.10791
2279.689,0.10823
2277.760,0.10846
2275.831,0.10859
2273.903,0.10863
2271.974,0.10852
2270.045,0.10832
2268.117,0.10819
2266.188,0.10815
2264.259,0.10810
2262.331,0.10800
2260.402,0.10790
2258.473,0.10778
2256.545,0.10762
2254.616,0.10752
2252.687,0.10752
2250.759,0.10756
2248.830,0.10765
2246.901,0.10784
2244.973,0.10810
2243.044,0.10831
2241.115,0.10849
2239.187,0.10869
2237.258,0.10887
2235.329,0.10901
2233.401,0.10919
2231.472,0.10944
2229.543,0.10972
2227.615,0.11003
2225.686,0.11034
2223.757,0.11058
2221.829,0.11067
2219.900,0.11066
2217.971,0.11057
2216.043,0.11042
2214.114,0.11025
2212.185,0.11010
2210.257,0.10996
2208.328,0.10977
2206.399,0.10959
2204.471,0.10947
2202.542,0.10939
2200.613,0.10940
2198.685,0.10953
2196.756,0.10973
2194.827,0.10996
2192.899,0.11023
2190.970,0.11056
2189.041,0.11082
2187.113,0.11094
2185.184,0.11096
2183.255,0.11093
2181.327,0.11087
2179.398,0.11084
2177.469,0.11088
2175.540,0.11093
2173.612,0.11096
2171.683,0.11101
2169.754,0.11110
2167.826,0.11120
2165.897,0.11132
2163.968,0.11154
2162.040,0.11182
2160.111,0.11211
2158.182,0.11240
2156.254,0.11273
2154.325,0.11302
2152.396,0.11326
2150.468,0.11351
2148.539,0.11373
2146.610,0.11386
2144.682,0.11390
2142.753,0.11396
2140.824,0.11401
2138.896,0.11402
2136.967,0.11402
2135.038,0.11409
2133.110,0.11416
2131.181,0.11420
2129.252,0.11427
2127.324,0.11436
2125.395,0.11439
2123.466,0.11441
2121.538,0.11447
2119.609,0.11452
2117.680,0.11457
2115.752,0.11475
2113.823,0.11509
2111.894,0.11548
2109.966,0.11585
2108.037,0.11614
2106.108,0.11619
2104.180,0.11593
2102.251,0.11558
2100.322,0.11541
2098.394,0.11542
2096.465,0.11547
2094.536,0.11558
2092.608,0.11572
2090.679,0.11576
2088.750,0.11568
2086.822,0.11560
2084.893,0.11554
2082.964,0.11547
2081.036,0.11552
2079.107,0.11572
2077.178,0.11596
2075.250,0.11617
2073.321,0.11642
2071.392,0.11669
2069.464,0.11690
2067.535,0.11712
2065.606,0.11745
2063.678,0.11783
2061.749,0.11817
2059.820,0.11857
2057.892,0.11905
2055.963,0.11949
2054.034,0.11990
2052.106,0.12043
2050.177,0.12102
2048.248,0.12154
2046.320,0.12205
2044.391,0.12262
2042.462,0.12318
2040.534,0.12366
2038.605,0.12419
2036.676,0.12483
2034.748,0.12550
2032.819,0.12624
2030.890,0.12712
2028.962,0.12797
2027.033,0.12857
2025.104,0.12895
2023.176,0.12915
2021.247,0.12894
2019.318,0.12832
2017.390,0.12773
2015.461,0.12743
2013.532,0.12733
2011.603,0.12748
2009.675,0.12800
2007.746,0.12874
2005.817,0.12951
2003.889,0.13039
2001.960,0.13139
2000.031,0.13221
1998.103,0.13272
1996.174,0.13310
1994.245,0.13340
1992.317,0.13345
1990.388,0.13328
1988.459,0.13311
1986.531,0.13297
1984.602,0.13292
1982.673,0.13311
1980.745,0.13353
1978.816,0.13388
1976.887,0.13406
1974.959,0.13422
1973.030,0.13434
1971.101,0.13433
1969.173,0.13433
1967.244,0.13455
1965.315,0.13487
1963.387,0.13519
1961.458,0.13565
1959.529,0.13627
1957.601,0.13686
1955.672,0.13743
1953.743,0.13819
1951.815,0.13906
1949.886,0.13985
1947.957,0.14065
1946.029,0.14161
1944.100,0.14255
1942.171,0.14338
1940.243,0.14431
1938.314,0.14537
1936.385,0.14637
1934.457,0.14738
1932.528,0.14860
1930.599,0.14983
1928.671,0.15074
1926.742,0.15147
1924.813,0.15234
1922.885,0.15332
1920.956,0.15434
1919.027,0.15549
1917.099,0.15667
1915.170,0.15755
1913.241,0.15818
1911.313,0.15883
1909.384,0.15938
1907.455,0.15970
1905.527,0.16012
1903.598,0.16091
1901.669,0.16196
1899.741,0.16320
1897.812,0.16470
1895.883,0.16615
1893.955,0.16700
1892.026,0.16718
1890.097,0.16696
1888.169,0.16633
1886.240,0.16535
1884.311,0.16474
1882.383,0.16499
1880.454,0.16577
1878.525,0.16677
1876.597,0.16793
1874.668,0.16896
1872.739,0.16964
1870.811,0.17039
1868.882,0.17174
1866.953,0.17356
1865.025,0.17549
1863.096,0.17738
1861.167,0.17888
1859.239,0.17933
1857.310,0.17885
1855.381,0.17843
1853.452,0.17867
1851.524,0.17941
1849.595,0.18059
1847.666,0.18214
1845.738,0.18370
1843.809,0.18512
1841.880,0.18663
1839.952,0.18817
1838.023,0.18947
1836.094,0.19065
1834.166,0.19198
1832.237,0.19329
1830.308,0.19451
1828.380,0.19592
1826.451,0.19762
1824.522,0.19935
1822.594,0.20113
1820.665,0.20323
1818.736,0.20553
1816.808,0.20774
1814.879,0.21006
1812.950,0.21265
1811.022,0.21519
1809.093,0.21748
1807.164,0.21969
1805.236,0.22188
1803.307,0.22391
1801.378,0.22606
1799.450,0.22861
1797.521,0.23128
1795.592,0.23385
1793.664,0.23658
1791.735,0.23955
1789.806,0.24246
1787.878,0.24529
1785.949,0.24831
1784.020,0.25144
1782.092,0.25444
1780.163,0.25753
1778.234,0.26094
1776.306,0.26446
1774.377,0.26812
1772.448,0.27229
1770.520,0.27695
1768.591,0.28183
1766.662,0.28703
1764.734,0.29266
1762.805,0.29841
1760.876,0.30417
1758.948,0.31029
1757.019,0.31684
1755.090,0.32354
1753.162,0.33039
1751.233,0.33753
1749.304,0.34457
1747.376,0.35105
1745.447,0.35700
1743.518,0.36244
1741.590,0.36714
1739.661,0.37106
1737.732,0.37457
1735.804,0.37794
1733.875,0.38137
1731.946,0.38521
1730.018,0.38952
1728.089,0.39397
1726.160,0.39869
1724.232,0.40426
1722.303,0.41085
1720.374,0.41813
1718.446,0.42611
1716.517,0.43500
1714.588,0.44459
1712.660,0.45476
1710.731,0.46577
1708.802,0.47776
1706.874,0.49057
1704.945,0.50432
1703.016,0.51915
1701.088,0.53484
1699.159,0.55116
1697.230,0.56844
1695.302,0.58709
1693.373,0.60733
1691.444,0.62973
1689.515,0.65515
1687.587,0.68395
1685.658,0.71636
1683.729,0.75306
1681.801,0.79525
1679.872,0.84454
1677.943,0.90254
1676.015,0.97045
1674.086,1.05150
1672.157,1.15339
1670.229,1.28559
1668.300,1.45538
1666.371,1.66688
1664.443,1.91658
1662.514,2.17493
1660.585,2.36973
1658.657,2.44899
1656.728,2.46337
1654.799,2.48001
1652.871,2.52090
1650.942,2.59848
1649.013,2.72082
1647.085,2.85340
1645.156,2.86192
1643.227,2.61330
1641.299,2.24807
1639.370,1.91828
1637.441,1.65687
1635.513,1.45459
1633.584,1.29682
1631.655,1.17080
1629.727,1.06632
1627.798,0.97656
1625.869,0.89839
1623.941,0.83046
1622.012,0.77088
1620.083,0.71782
1618.155,0.67052
1616.226,0.62884
1614.297,0.59335
1612.369,0.56762
1610.440,0.55309
1608.511,0.53827
1606.583,0.51052
1604.654,0.47565
1602.725,0.44473
1600.797,0.41962
1598.868,0.39822
1596.939,0.37941
1595.011,0.36285
1593.082,0.34808
1591.153,0.33443
1589.225,0.32159
1587.296,0.30944
1585.367,0.29774
1583.439,0.28665
1581.510,0.27673
1579.581,0.26805
1577.653,0.26013
1575.724,0.25282
1573.795,0.24614
1571.867,0.23963
1569.938,0.23290
1568.009,0.22633
1566.081,0.22024
1564.152,0.21456
1562.223,0.20951
1560.295,0.20549
1558.366,0.20233
1556.437,0.19963
1554.509,0.19742
1552.580,0.19560
1550.651,0.19359
1548.723,0.19112
1546.794,0.18836
1544.865,0.18507
1542.937,0.18076
1541.008,0.17555
1539.079,0.16976
1537.151,0.16351
1535.222,0.15720
1533.293,0.15162
1531.364,0.14693
1529.436,0.14265
1527.507,0.13868
1525.578,0.13525
1523.650,0.13212
1521.721,0.12910
1519.792,0.12665
1517.864,0.12520
1515.935,0.12508
1514.006,0.12748
1512.078,0.13336
1510.149,0.14017
1508.220,0.14191
1506.292,0.13598
1504.363,0.12644
1502.434,0.11809
1500.506,0.11227
1498.577,0.10857
1496.648,0.10649
1494.720,0.10578
1492.791,0.10693
1490.862,0.11069
1488.934,0.11804
1487.005,0.13161
1485.076,0.15707
1483.148,0.20220
1481.219,0.27191
1479.290,0.35923
1477.362,0.44393
1475.433,0.50621
1473.504,0.52845
1471.576,0.50206
1469.647,0.45151
1467.718,0.40424
1465.790,0.36441
1463.861,0.32221
1461.932,0.26881
1460.004,0.21499
1458.075,0.17844
1456.146,0.15991
1454.218,0.14966
1452.289,0.14188
1450.360,0.13560
1448.432,0.13063
1446.503,0.12633
1444.574,0.12243
1442.646,0.11920
1440.717,0.11657
1438.788,0.11435
1436.860,0.11283
1434.931,0.11216
1433.002,0.11211
1431.074,0.11278
1429.145,0.11464
1427.216,0.11768
1425.288,0.12167
1423.359,0.12666
1421.430,0.13253
1419.502,0.13877
1417.573,0.14518
1415.644,0.15200
1413.716,0.15947
1411.787,0.16807
1409.858,0.17886
1407.930,0.19292
1406.001,0.21119
1404.072,0.23517
1402.144,0.26620
1400.215,0.30226
1398.286,0.33479
1396.358,0.35046
1394.429,0.34195
1392.500,0.31903
1390.572,0.30062
1388.643,0.29473
1386.714,0.29002
1384.786,0.26915
1382.857,0.23249
1380.928,0.19597
1379.000,0.16975
1377.071,0.15338
1375.142,0.14383
1373.214,0.13933
1371.285,0.13838
1369.356,0.13961
1367.427,0.14213
1365.499,0.14517
1363.570,0.14845
1361.641,0.15244
1359.713,0.15738
1357.784,0.16279
1355.855,0.16843
1353.927,0.17444
1351.998,0.18053
1350.069,0.18650
1348.141,0.19282
1346.212,0.19994
1344.283,0.20784
1342.355,0.21670
1340.426,0.22683
1338.497,0.23806
1336.569,0.25008
1334.640,0.26322
1332.711,0.27788
1330.783,0.29393
1328.854,0.31119
1326.925,0.32966
1324.997,0.34958
1323.068,0.37188
1321.139,0.39807
1319.211,0.42949
1317.282,0.46758
1315.353,0.51533
1313.425,0.57831
1311.496,0.66399
1309.567,0.77627
1307.639,0.89371
1305.710,0.93948
1303.781,0.86376
1301.853,0.75221
1299.924,0.69021
1297.995,0.69858
1296.067,0.76969
1294.138,0.89585
1292.209,1.08164
1290.281,1.34111
1288.352,1.68133
1286.423,2.03794
1284.495,2.05642
1282.566,1.71522
1280.637,1.43908
1278.709,1.32677
1276.780,1.37738
1274.851,1.57078
1272.923,1.84488
1270.994,1.98239
1269.065,1.76919
1267.137,1.45337
1265.208,1.19779
1263.279,1.00880
1261.351,0.86994
1259.422,0.76995
1257.493,0.69460
1255.565,0.62818
1253.636,0.56668
1251.707,0.51422
1249.779,0.47171
1247.850,0.43687
1245.921,0.40756
1243.993,0.38226
1242.064,0.36002
1240.135,0.34005
1238.207,0.32145
1236.278,0.30393
1234.349,0.28803
1232.421,0.27388
1230.492,0.26092
1228.563,0.24905
1226.635,0.23856
1224.706,0.22904
1222.777,0.21999
1220.849,0.21177
1218.920,0.20460
1216.991,0.19783
1215.063,0.19130
1213.134,0.18550
1211.205,0.18016
1209.277,0.17479
1207.348,0.16987
1205.419,0.16568
1203.490,0.16156
1201.562,0.15779
1199.633,0.15621
1197.704,0.15807
1195.776,0.16253
1193.847,0.16669
1191.918,0.16668
1189.990,0.16059
1188.061,0.15064
1186.132,0.14077
1184.204,0.13266
1182.275,0.12585
1180.346,0.12041
1178.418,0.11693
1176.489,0.11484
1174.560,0.11342
1172.632,0.11300
1170.703,0.11328
1168.774,0.11294
1166.846,0.11208
1164.917,0.11193
1162.988,0.11245
1161.060,0.11290
1159.131,0.11331
1157.202,0.11263
1155.274,0.10868
1153.345,0.10199
1151.416,0.09568
1149.488,0.09114
1147.559,0.08763
1145.630,0.08508
1143.702,0.08382
1141.773,0.08300
1139.844,0.08207
1137.916,0.08183
1135.987,0.08226
1134.058,0.08217
1132.130,0.08155
1130.201,0.08125
1128.272,0.08082
1126.344,0.07956
1124.415,0.07831
1122.486,0.07769
1120.558,0.07703
1118.629,0.07635
1116.700,0.07639
1114.772,0.07646
1112.843,0.07559
1110.914,0.07462
1108.986,0.07441
1107.057,0.07419
1105.128,0.07374
1103.200,0.07405
1101.271,0.07494
1099.342,0.07545
1097.414,0.07604
1095.485,0.07736
1093.556,0.07860
1091.628,0.07936
1089.699,0.08074
1087.770,0.08290
1085.842,0.08497
1083.913,0.08731
1081.984,0.09065
1080.056,0.09415
1078.127,0.09710
1076.198,0.10032
1074.270,0.10417
1072.341,0.10794
1070.412,0.11208
1068.484,0.11759
1066.555,0.12399
1064.626,0.13067
1062.698,0.13847
1060.769,0.14797
1058.840,0.15870
1056.912,0.17107
1054.983,0.18638
1053.054,0.20507
1051.126,0.22759
1049.197,0.25616
1047.268,0.29407
1045.339,0.34542
1043.411,0.41653
1041.482,0.51253
1039.553,0.61941
1037.625,0.67830
1035.696,0.63355
1033.767,0.52854
1031.839,0.43015
1029.910,0.35874
1027.981,0.30971
1026.053,0.27557
1024.124,0.25164
1022.195,0.23633
1020.267,0.22991
1018.338,0.23257
1016.409,0.24464
1014.481,0.26862
1012.552,0.30944
1010.623,0.37496
1008.695,0.47665
1006.766,0.62092
1004.837,0.78469
1002.909,0.89560
1000.980,0.88701
999.051,0.78086
997.123,0.64125
995.194,0.51084
993.265,0.40515
991.337,0.32565
989.408,0.26889
987.479,0.22956
985.551,0.20183
983.622,0.18095
981.693,0.16432
979.765,0.15093
977.836,0.14021
975.907,0.13118
973.979,0.12331
972.050,0.11740
970.121,0.11393
968.193,0.11224
966.264,0.11234
964.335,0.11508
962.407,0.12037
960.478,0.12775
958.549,0.13794
956.621,0.15160
954.692,0.16844
952.763,0.18852
950.835,0.21259
948.906,0.24092
946.977,0.27414
945.049,0.31373
943.120,0.35788
941.191,0.39572
939.263,0.41052
937.334,0.39529
935.405,0.36062
933.477,0.32215
931.548,0.28832
929.619,0.26052
927.691,0.23796
925.762,0.22088
923.833,0.21053
921.905,0.20718
919.976,0.20957
918.047,0.21640
916.119,0.22701
914.190,0.24082
912.261,0.25762
910.333,0.27777
908.404,0.30118
906.475,0.32682
904.547,0.35321
902.618,0.37822
900.689,0.39902
898.761,0.41370
896.832,0.42296
894.903,0.42965
892.975,0.43721
891.046,0.44870
889.117,0.46614
887.189,0.49090
885.260,0.52490
883.331,0.57107
881.402,0.63315
879.474,0.71566
877.545,0.82379
875.616,0.96162
873.688,1.12742
871.759,1.30167
869.830,1.42708
867.902,1.43483
865.973,1.35334
864.044,1.27516
862.116,1.25062
860.187,1.28501
858.258,1.36127
856.330,1.45375
854.401,1.53811
852.472,1.59810
850.544,1.62570
848.615,1.61694
846.686,1.56910
844.758,1.48651
842.829,1.39143
840.900,1.31070
838.972,1.24957
837.043,1.18793
835.114,1.10670
833.186,1.01033
831.257,0.91407
829.328,0.82730
827.400,0.75269
825.471,0.69004
823.542,0.63829
821.614,0.59606
819.685,0.56138
817.756,0.53207
815.828,0.50635
813.899,0.48275
811.970,0.45982
810.042,0.43684
808.113,0.41411
806.184,0.39219
804.256,0.37137
802.327,0.35200
800.398,0.33424
798.470,0.31779
796.541,0.30241
794.612,0.28826
792.684,0.27527
790.755,0.26305
788.826,0.25151
786.898,0.24082
784.969,0.23084
783.040,0.22139
781.112,0.21276
779.183,0.20525
777.254,0.19883
775.326,0.19392
773.397,0.19157
771.468,0.19271
769.540,0.19794
767.611,0.20814
765.682,0.22484
763.754,0.25167
761.825,0.29838
759.896,0.38478
757.968,0.53516
756.039,0.73342
754.110,0.81356
752.182,0.69010
750.253,0.57406
748.324,0.54690
746.396,0.56301
744.467,0.55420
742.538,0.50683
740.610,0.44872
738.681,0.39802
736.752,0.35867
734.824,0.33131
732.895,0.31710
730.966,0.30943
729.038,0.29328
727.109,0.26665
725.180,0.24379
723.251,0.23596
721.323,0.24171
719.394,0.24391
717.465,0.22957
715.537,0.21264
713.608,0.21302
711.679,0.24020
709.751,0.30378
707.822,0.41570
705.893,0.56950
703.965,0.69854
702.036,0.70322
700.107,0.60972
698.179,0.50702
696.250,0.42803
694.321,0.37197
692.393,0.33228
690.464,0.30410
688.535,0.28367
686.607,0.26785
684.678,0.25502
682.749,0.24448
680.821,0.23494
678.892,0.22568
676.963,0.21727
675.035,0.20990
673.106,0.20297
671.177,0.19661
669.249,0.19126
667.320,0.18628
665.391,0.18111
663.463,0.17643
661.534,0.17255
659.605,0.16871
657.677,0.16481
655.748,0.16148
653.819,0.15819
651.891,0.15426
649.962,0.15046
648.033,0.14720
646.105,0.14357
644.176,0.13950
642.247,0.13593
640.319,0.13254
638.390,0.12875
636.461,0.12539
634.533,0.12354
632.604,0.12451
630.675,0.13418
628.747,0.16754
626.818,0.24298
624.889,0.35108
622.961,0.42357
621.032,0.41940
619.103,0.38801
617.175,0.34664
615.246,0.29005
613.317,0.23980
611.389,0.20824
609.460,0.18968
607.531,0.17785
605.603,0.16934
603.674,0.16241
601.745,0.15697
599.817,0.15276
597.888,0.14875
595.959,0.14489
594.031,0.14182
592.102,0.13913
590.173,0.13630
588.245,0.13389
586.316,0.13209
584.387,0.12997
582.459,0.12766
580.530,0.12609
578.601,0.12489
576.673,0.12334
574.744,0.12193
572.815,0.12097
570.887,0.11976
568.958,0.11839
567.029,0.11750
565.101,0.11668
563.172,0.11539
561.243,0.11427
559.314,0.11353
557.386,0.11241
555.457,0.11107
553.528,0.11029
551.600,0.10965
549.671,0.10855
547.742,0.10764
545.814,0.10728
543.885,0.10664
541.956,0.10563
540.028,0.10505
538.099,0.10477
536.170,0.10416
534.242,0.10351
532.313,0.10305
530.384,0.10221
528.456,0.10113
526.527,0.10056
524.598,0.10023
522.670,0.09950
520.741,0.09879
518.812,0.09846
516.884,0.09803
514.955,0.09746
513.026,0.09720
511.098,0.09701
509.169,0.09650
507.240,0.09594
505.312,0.09544
503.383,0.09473
501.454,0.09408
499.526,0.09392
497.597,0.09380
495.668,0.09316
493.740,0.09248
491.811,0.09222
489.882,0.09199
487.954,0.09178
486.025,0.09188
484.096,0.09194
482.168,0.09176
480.239,0.09196
478.310,0.09256
476.382,0.09288
474.453,0.09312
472.524,0.09378
470.596,0.09464
468.667,0.09624
466.738,0.10041
464.810,0.10910
462.881,0.12400
460.952,0.14273
459.024,0.15451
457.095,0.14983
455.166,0.13379
453.238,0.11830
451.309,0.10817
449.380,0.10185
447.452,0.09773
445.523,0.09522
443.594,0.09346
441.666,0.09188
439.737,0.09095
437.808,0.09093
435.880,0.09121
433.951,0.09138
432.022,0.09147
430.094,0.09143
428.165,0.09194
426.236,0.09370
424.308,0.09548
422.379,0.09625
420.450,0.09722
418.522,0.09944
416.593,0.10161
414.664,0.10244
412.736,0.10399
410.807,0.10844
408.878,0.11480
406.950,0.12148
405.021,0.12784
403.092,0.13769
401.163,0.15369
399.235,0.17183
