7600.891,0.39921
7598.962,0.39961
7597.034,0.39986
7595.105,0.39961
7593.176,0.39944
7591.248,0.39971
7589.319,0.39991
7587.390,0.39975
7585.462,0.39954
7583.533,0.39935
7581.604,0.39906
7579.676,0.39888
7577.747,0.39873
7575.818,0.39836
7573.890,0.39795
7571.961,0.39776
7570.032,0.39775
7568.104,0.39775
7566.175,0.39768
7564.246,0.39759
7562.318,0.39752
7560.389,0.39750
7558.460,0.39751
7556.532,0.39751
7554.603,0.39742
7552.674,0.39718
7550.746,0.39675
7548.817,0.39623
7546.888,0.39605
7544.960,0.39626
7543.031,0.39638
7541.102,0.39618
7539.174,0.39601
7537.245,0.39593
7535.316,0.39576
7533.388,0.39563
7531.459,0.39555
7529.530,0.39544
7527.602,0.39531
7525.673,0.39506
7523.744,0.39466
7521.816,0.39431
7519.887,0.39405
7517.958,0.39391
7516.030,0.39401
7514.101,0.39416
7512.172,0.39397
7510.244,0.39358
7508.315,0.39353
7506.386,0.39387
7504.458,0.39408
7502.529,0.39374
7500.600,0.39330
7498.672,0.39328
7496.743,0.39345
7494.814,0.39329
7492.885,0.39290
7490.957,0.39270
7489.028,0.39262
7487.099,0.39236
7485.171,0.39187
7483.242,0.39136
7481.313,0.39109
7479.385,0.39115
7477.456,0.39147
7475.527,0.39159
7473.599,0.39126
7471.670,0.39087
7469.741,0.39077
7467.813,0.39070
7465.884,0.39055
7463.955,0.39040
7462.027,0.39020
7460.098,0.38998
7458.169,0.38998
7456.241,0.39009
7454.312,0.39006
7452.383,0.38995
7450.455,0.38976
7448.526,0.38948
7446.597,0.38927
7444.669,0.38916
7442.740,0.38905
7440.811,0.38899
7438.883,0.38900
7436.954,0.38894
7435.025,0.38872
7433.097,0.38845
7431.168,0.38825
7429.239,0.38812
7427.311,0.38800
7425.382,0.38795
7423.453,0.38790
7421.525,0.38772
7419.596,0.38748
7417.667,0.38723
7415.739,0.38697
7413.810,0.38680
7411.881,0.38674
7409.953,0.38688
7408.024,0.38719
7406.095,0.38722
7404.167,0.38680
7402.238,0.38632
7400.309,0.38596
7398.381,0.38579
7396.452,0.38584
7394.523,0.38582
7392.595,0.38558
7390.666,0.38526
7388.737,0.38495
7386.809,0.38482
7384.880,0.38490
7382.951,0.38499
7381.023,0.38492
7379.094,0.38466
7377.165,0.38441
7375.237,0.38427
7373.308,0.38421
7371.379,0.38413
7369.451,0.38390
7367.522,0.38357
7365.593,0.38341
7363.665,0.38336
7361.736,0.38320
7359.807,0.38310
7357.879,0.38326
7355.950,0.38334
7354.021,0.38312
7352.093,0.38289
7350.164,0.38274
7348.235,0.38258
7346.307,0.38250
7344.378,0.38248
7342.449,0.38241
7340.521,0.38211
7338.592,0.38164
7336.663,0.38141
7334.734,0.38145
7332.806,0.38144
7330.877,0.38137
7328.948,0.38140
7327.020,0.38128
7325.091,0.38092
7323.162,0.38068
7321.234,0.38067
7319.305,0.38073
7317.376,0.38076
7315.448,0.38070
7313.519,0.38042
7311.590,0.37997
7309.662,0.37967
7307.733,0.37964
7305.804,0.37980
7303.876,0.37999
7301.947,0.37999
7300.018,0.37989
7298.090,0.37983
7296.161,0.37967
7294.232,0.37943
7292.304,0.37934
7290.375,0.37930
7288.446,0.37908
7286.518,0.37883
7284.589,0.37870
7282.660,0.37854
7280.732,0.37819
7278.803,0.37777
7276.874,0.37754
7274.946,0.37748
7273.017,0.37742
7271.088,0.37737
7269.160,0.37736
7267.231,0.37727
7265.302,0.37707
7263.374,0.37693
7261.445,0.37678
7259.516,0.37659
7257.588,0.37650
7255.659,0.37653
7253.730,0.37655
7251.802,0.37635
7249.873,0.37590
7247.944,0.37555
7246.016,0.37544
7244.087,0.37543
7242.158,0.37542
7240.230,0.37535
7238.301,0.37524
7236.372,0.37521
7234.444,0.37532
7232.515,0.37523
7230.586,0.37480
7228.658,0.37441
7226.729,0.37434
7224.800,0.37438
7222.872,0.37429
7220.943,0.37413
7219.014,0.37405
7217.086,0.37392
7215.157,0.37370
7213.228,0.37359
7211.300,0.37361
7209.371,0.37353
7207.442,0.37333
7205.514,0.37315
7203.585,0.37299
7201.656,0.37277
7199.728,0.37256
7197.799,0.37242
7195.870,0.37222
7193.942,0.37196
7192.013,0.37184
7190.084,0.37179
7188.156,0.37167
7186.227,0.37159
7184.298,0.37158
7182.370,0.37152
7180.441,0.37137
7178.512,0.37121
7176.584,0.37099
7174.655,0.37069
7172.726,0.37048
7170.797,0.37038
7168.869,0.37037
7166.940,0.37033
7165.011,0.37012
7163.083,0.36989
7161.154,0.36981
7159.225,0.36990
7157.297,0.36997
7155.368,0.36989
7153.439,0.36971
7151.511,0.36953
7149.582,0.36928
7147.653,0.36904
7145.725,0.36891
7143.796,0.36876
7141.867,0.36853
7139.939,0.36829
7138.010,0.36812
7136.081,0.36809
7134.153,0.36810
7132.224,0.36804
7130.295,0.36796
7128.367,0.36791
7126.438,0.36768
7124.509,0.36728
7122.581,0.36702
7120.652,0.36696
7118.723,0.36690
7116.795,0.36678
7114.866,0.36666
7112.937,0.36659
7111.009,0.36658
7109.080,0.36657
7107.151,0.36641
7105.223,0.36607
7103.294,0.36574
7101.365,0.36563
7099.437,0.36566
7097.508,0.36566
7095.579,0.36561
7093.651,0.36550
7091.722,0.36538
7089.793,0.36533
7087.865,0.36529
7085.936,0.36515
7084.007,0.36497
7082.079,0.36481
7080.150,0.36474
7078.221,0.36462
7076.293,0.36434
7074.364,0.36398
7072.435,0.36380
7070.507,0.36385
7068.578,0.36395
7066.649,0.36389
7064.721,0.36366
7062.792,0.36344
7060.863,0.36333
7058.935,0.36325
7057.006,0.36305
7055.077,0.36279
7053.149,0.36262
7051.220,0.36251
7049.291,0.36240
7047.363,0.36231
7045.434,0.36217
7043.505,0.36200
7041.577,0.36196
7039.648,0.36202
7037.719,0.36204
7035.791,0.36195
7033.862,0.36171
7031.933,0.36140
7030.005,0.36116
7028.076,0.36102
7026.147,0.36090
7024.219,0.36080
7022.290,0.36079
7020.361,0.36079
7018.433,0.36062
7016.504,0.36042
7014.575,0.36035
7012.646,0.36031
7010.718,0.36019
7008.789,0.35999
7006.860,0.35979
7004.932,0.35971
7003.003,0.35967
7001.074,0.35953
6999.146,0.35928
6997.217,0.35903
6995.288,0.35891
6993.360,0.35892
6991.431,0.35895
6989.502,0.35896
6987.574,0.35888
6985.645,0.35864
6983.716,0.35838
6981.788,0.35827
6979.859,0.35825
6977.930,0.35809
6976.002,0.35784
6974.073,0.35766
6972.144,0.35757
6970.216,0.35753
6968.287,0.35750
6966.358,0.35745
6964.430,0.35738
6962.501,0.35724
6960.572,0.35708
6958.644,0.35691
6956.715,0.35676
6954.786,0.35668
6952.858,0.35658
6950.929,0.35636
6949.000,0.35612
6947.072,0.35598
6945.143,0.35588
6943.214,0.35572
6941.286,0.35548
6939.357,0.35520
6937.428,0.35496
6935.500,0.35490
6933.571,0.35495
6931.642,0.35498
6929.714,0.35494
6927.785,0.35477
6925.856,0.35452
6923.928,0.35431
6921.999,0.35416
6920.070,0.35407
6918.142,0.35404
6916.213,0.35400
6914.284,0.35385
6912.356,0.35361
6910.427,0.35339
6908.498,0.35328
6906.570,0.35320
6904.641,0.35309
6902.712,0.35299
6900.784,0.35286
6898.855,0.35260
6896.926,0.35234
6894.998,0.35225
6893.069,0.35231
6891.140,0.35227
6889.212,0.35204
6887.283,0.35187
6885.354,0.35186
6883.426,0.35176
6881.497,0.35143
6879.568,0.35112
6877.640,0.35099
6875.711,0.35101
6873.782,0.35102
6871.854,0.35089
6869.925,0.35066
6867.996,0.35044
6866.068,0.35031
6864.139,0.35020
6862.210,0.35013
6860.282,0.35014
6858.353,0.35009
6856.424,0.34992
6854.496,0.34972
6852.567,0.34952
6850.638,0.34936
6848.709,0.34918
6846.781,0.34895
6844.852,0.34878
6842.923,0.34865
6840.995,0.34848
6839.066,0.34824
6837.137,0.34801
6835.209,0.34791
6833.280,0.34785
6831.351,0.34767
6829.423,0.34739
6827.494,0.34711
6825.565,0.34693
6823.637,0.34691
6821.708,0.34698
6819.779,0.34690
6817.851,0.34664
6815.922,0.34635
6813.993,0.34614
6812.065,0.34608
6810.136,0.34610
6808.207,0.34601
6806.279,0.34574
6804.350,0.34542
6802.421,0.34524
6800.493,0.34520
6798.564,0.34514
6796.635,0.34504
6794.707,0.34493
6792.778,0.34479
6790.849,0.34470
6788.921,0.34466
6786.992,0.34453
6785.063,0.34431
6783.135,0.34414
6781.206,0.34401
6779.277,0.34380
6777.349,0.34357
6775.420,0.34343
6773.491,0.34337
6771.563,0.34327
6769.634,0.34309
6767.705,0.34287
6765.777,0.34266
6763.848,0.34254
6761.919,0.34250
6759.991,0.34245
6758.062,0.34229
6756.133,0.34201
6754.205,0.34173
6752.276,0.34153
6750.347,0.34140
6748.419,0.34130
6746.490,0.34117
6744.561,0.34102
6742.633,0.34092
6740.704,0.34082
6738.775,0.34073
6736.847,0.34066
6734.918,0.34056
6732.989,0.34037
6731.061,0.34017
6729.132,0.34003
6727.203,0.33992
6725.275,0.33981
6723.346,0.33977
6721.417,0.33973
6719.489,0.33962
6717.560,0.33942
6715.631,0.33922
6713.703,0.33910
6711.774,0.33903
6709.845,0.33895
6707.917,0.33884
6705.988,0.33869
6704.059,0.33849
6702.131,0.33831
6700.202,0.33820
6698.273,0.33814
6696.345,0.33810
6694.416,0.33804
6692.487,0.33794
6690.558,0.33782
6688.630,0.33767
6686.701,0.33745
6684.772,0.33719
6682.844,0.33694
6680.915,0.33677
6678.986,0.33668
6677.058,0.33663
6675.129,0.33653
6673.200,0.33637
6671.272,0.33621
6669.343,0.33608
6667.414,0.33599
6665.486,0.33592
6663.557,0.33581
6661.628,0.33563
6659.700,0.33540
6657.771,0.33527
6655.842,0.33525
6653.914,0.33520
6651.985,0.33505
6650.056,0.33488
6648.128,0.33474
6646.199,0.33461
6644.270,0.33450
6642.342,0.33435
6640.413,0.33415
6638.484,0.33401
6636.556,0.33396
6634.627,0.33390
6632.698,0.33372
6630.770,0.33350
6628.841,0.33333
6626.912,0.33324
6624.984,0.33317
6623.055,0.33308
6621.126,0.33298
6619.198,0.33290
6617.269,0.33275
6615.340,0.33249
6613.412,0.33225
6611.483,0.33209
6609.554,0.33199
6607.626,0.33192
6605.697,0.33184
6603.768,0.33174
6601.840,0.33165
6599.911,0.33161
6597.982,0.33152
6596.054,0.33127
6594.125,0.33099
6592.196,0.33083
6590.268,0.33073
6588.339,0.33061
6586.410,0.33048
6584.482,0.33033
6582.553,0.33014
6580.624,0.32996
6578.696,0.32985
6576.767,0.32978
6574.838,0.32974
6572.910,0.32970
6570.981,0.32959
6569.052,0.32945
6567.124,0.32939
6565.195,0.32935
6563.266,0.32924
6561.338,0.32910
6559.409,0.32904
6557.480,0.32906
6555.552,0.32903
6553.623,0.32897
6551.694,0.32898
6549.766,0.32902
6547.837,0.32895
6545.908,0.32872
6543.980,0.32838
6542.051,0.32801
6540.122,0.32769
6538.194,0.32746
6536.265,0.32723
6534.336,0.32697
6532.408,0.32674
6530.479,0.32656
6528.550,0.32639
6526.621,0.32617
6524.693,0.32596
6522.764,0.32578
6520.835,0.32564
6518.907,0.32557
6516.978,0.32546
6515.049,0.32524
6513.121,0.32500
6511.192,0.32483
6509.263,0.32475
6507.335,0.32467
6505.406,0.32452
6503.477,0.32432
6501.549,0.32417
6499.620,0.32409
6497.691,0.32396
6495.763,0.32379
6493.834,0.32368
6491.905,0.32355
6489.977,0.32333
6488.048,0.32314
6486.119,0.32303
6484.191,0.32291
6482.262,0.32279
6480.333,0.32274
6478.405,0.32272
6476.476,0.32258
6474.547,0.32235
6472.619,0.32215
6470.690,0.32204
6468.761,0.32199
6466.833,0.32194
6464.904,0.32184
6462.975,0.32169
6461.047,0.32152
6459.118,0.32130
6457.189,0.32113
6455.261,0.32107
6453.332,0.32096
6451.403,0.32072
6449.475,0.32054
6447.546,0.32048
6445.617,0.32043
6443.689,0.32030
6441.760,0.32014
6439.831,0.31997
6437.903,0.31977
6435.974,0.31965
6434.045,0.31961
6432.117,0.31954
6430.188,0.31939
6428.259,0.31920
6426.331,0.31905
6424.402,0.31895
6422.473,0.31885
6420.545,0.31869
6418.616,0.31849
6416.687,0.31829
6414.759,0.31812
6412.830,0.31805
6410.901,0.31800
6408.973,0.31787
6407.044,0.31771
6405.115,0.31756
6403.187,0.31740
6401.258,0.31723
6399.329,0.31714
6397.401,0.31711
6395.472,0.31700
6393.543,0.31683
6391.615,0.31672
6389.686,0.31663
6387.757,0.31646
6385.829,0.31625
6383.900,0.31608
6381.971,0.31598
6380.043,0.31590
6378.114,0.31582
6376.185,0.31570
6374.257,0.31556
6372.328,0.31546
6370.399,0.31539
6368.471,0.31526
6366.542,0.31508
6364.613,0.31490
6362.684,0.31480
6360.756,0.31473
6358.827,0.31461
6356.898,0.31446
6354.970,0.31430
6353.041,0.31418
6351.112,0.31409
6349.184,0.31397
6347.255,0.31382
6345.326,0.31366
6343.398,0.31350
6341.469,0.31336
6339.540,0.31325
6337.612,0.31316
6335.683,0.31306
6333.754,0.31289
6331.826,0.31264
6329.897,0.31245
6327.968,0.31236
6326.040,0.31225
6324.111,0.31208
6322.182,0.31197
6320.254,0.31186
6318.325,0.31172
6316.396,0.31164
6314.468,0.31158
6312.539,0.31143
6310.610,0.31126
6308.682,0.31112
6306.753,0.31097
6304.824,0.31081
6302.896,0.31066
6300.967,0.31054
6299.038,0.31044
6297.110,0.31033
6295.181,0.31022
6293.252,0.31015
6291.324,0.31008
6289.395,0.30996
6287.466,0.30984
6285.538,0.30976
6283.609,0.30968
6281.680,0.30956
6279.752,0.30941
6277.823,0.30927
6275.894,0.30913
6273.966,0.30902
6272.037,0.30898
6270.108,0.30893
6268.180,0.30879
6266.251,0.30863
6264.322,0.30853
6262.394,0.30845
6260.465,0.30829
6258.536,0.30801
6256.608,0.30777
6254.679,0.30766
6252.750,0.30760
6250.822,0.30750
6248.893,0.30738
6246.964,0.30724
6245.036,0.30707
6243.107,0.30691
6241.178,0.30682
6239.250,0.30676
6237.321,0.30666
6235.392,0.30652
6233.464,0.30640
6231.535,0.30630
6229.606,0.30618
6227.678,0.30601
6225.749,0.30588
6223.820,0.30581
6221.892,0.30567
6219.963,0.30542
6218.034,0.30516
6216.106,0.30499
6214.177,0.30494
6212.248,0.30494
6210.320,0.30489
6208.391,0.30478
6206.462,0.30460
6204.533,0.30442
6202.605,0.30422
6200.676,0.30403
6198.747,0.30393
6196.819,0.30389
6194.890,0.30381
6192.961,0.30365
6191.033,0.30348
6189.104,0.30336
6187.175,0.30329
6185.247,0.30318
6183.318,0.30305
6181.389,0.30292
6179.461,0.30276
6177.532,0.30256
6175.603,0.30242
6173.675,0.30235
6171.746,0.30229
6169.817,0.30220
6167.889,0.30211
6165.960,0.30202
6164.031,0.30192
6162.103,0.30180
6160.174,0.30164
6158.245,0.30145
6156.317,0.30129
6154.388,0.30119
6152.459,0.30109
6150.531,0.30100
6148.602,0.30089
6146.673,0.30078
6144.745,0.30068
6142.816,0.30059
6140.887,0.30050
6138.959,0.30040
6137.030,0.30029
6135.101,0.30018
6133.173,0.30006
6131.244,0.29995
6129.315,0.29983
6127.387,0.29971
6125.458,0.29962
6123.529,0.29952
6121.601,0.29940
6119.672,0.29930
6117.743,0.29918
6115.815,0.29900
6113.886,0.29886
6111.957,0.29883
6110.029,0.29878
6108.100,0.29859
6106.171,0.29834
6104.243,0.29816
6102.314,0.29804
6100.385,0.29797
6098.457,0.29792
6096.528,0.29783
6094.599,0.29769
6092.671,0.29749
6090.742,0.29731
6088.813,0.29723
6086.885,0.29718
6084.956,0.29709
6083.027,0.29699
6081.099,0.29690
6079.170,0.29678
6077.241,0.29667
6075.313,0.29664
6073.384,0.29664
6071.455,0.29660
6069.527,0.29651
6067.598,0.29644
6065.669,0.29640
6063.741,0.29638
6061.812,0.29639
6059.883,0.29646
6057.955,0.29662
6056.026,0.29683
6054.097,0.29705
6052.169,0.29728
6050.240,0.29747
6048.311,0.29751
6046.383,0.29736
6044.454,0.29701
6042.525,0.29655
6040.596,0.29605
6038.668,0.29555
6036.739,0.29506
6034.810,0.29464
6032.882,0.29433
6030.953,0.29407
6029.024,0.29385
6027.096,0.29371
6025.167,0.29365
6023.238,0.29360
6021.310,0.29357
6019.381,0.29359
6017.452,0.29370
6015.524,0.29386
6013.595,0.29392
6011.666,0.29381
6009.738,0.29355
6007.809,0.29319
6005.880,0.29284
6003.952,0.29262
6002.023,0.29247
6000.094,0.29235
5998.166,0.29224
5996.237,0.29212
5994.308,0.29200
5992.380,0.29192
5990.451,0.29189
5988.522,0.29188
5986.594,0.29188
5984.665,0.29190
5982.736,0.29199
5980.808,0.29219
5978.879,0.29245
5976.950,0.29271
5975.022,0.29297
5973.093,0.29326
5971.164,0.29349
5969.236,0.29348
5967.307,0.29314
5965.378,0.29259
5963.450,0.29206
5961.521,0.29165
5959.592,0.29128
5957.664,0.29091
5955.735,0.29064
5953.806,0.29046
5951.878,0.29034
5949.949,0.29028
5948.020,0.29024
5946.092,0.29015
5944.163,0.29003
5942.234,0.28995
5940.306,0.28991
5938.377,0.28986
5936.448,0.28987
5934.520,0.28991
5932.591,0.28992
5930.662,0.28995
5928.734,0.29003
5926.805,0.29005
5924.876,0.29001
5922.948,0.28998
5921.019,0.29004
5919.090,0.29011
5917.162,0.29010
5915.233,0.29004
5913.304,0.28992
5911.376,0.28973
5909.447,0.28953
5907.518,0.28939
5905.590,0.28929
5903.661,0.28914
5901.732,0.28894
5899.804,0.28872
5897.875,0.28853
5895.946,0.28844
5894.018,0.28844
5892.089,0.28848
5890.160,0.28849
5888.232,0.28853
5886.303,0.28861
5884.374,0.28873
5882.445,0.28880
5880.517,0.28879
5878.588,0.28880
5876.659,0.28889
5874.731,0.28897
5872.802,0.28896
5870.873,0.28892
5868.945,0.28896
5867.016,0.28909
5865.087,0.28926
5863.159,0.28942
5861.230,0.28951
5859.301,0.28957
5857.373,0.28965
5855.444,0.28973
5853.515,0.28977
5851.587,0.28978
5849.658,0.28981
5847.729,0.28985
5845.801,0.28979
5843.872,0.28969
5841.943,0.28966
5840.015,0.28963
5838.086,0.28954
5836.157,0.28939
5834.229,0.28922
5832.300,0.28897
5830.371,0.28867
5828.443,0.28835
5826.514,0.28798
5824.585,0.28760
5822.657,0.28729
5820.728,0.28701
5818.799,0.28672
5816.871,0.28649
5814.942,0.28628
5813.013,0.28604
5811.085,0.28579
5809.156,0.28559
5807.227,0.28543
5805.299,0.28523
5803.370,0.28501
5801.441,0.28478
5799.513,0.28452
5797.584,0.28421
5795.655,0.28391
5793.727,0.28364
5791.798,0.28339
5789.869,0.28314
5787.941,0.28286
5786.012,0.28258
5784.083,0.28238
5782.155,0.28219
5780.226,0.28197
5778.297,0.28173
5776.369,0.28145
5774.440,0.28117
5772.511,0.28087
5770.583,0.28053
5768.654,0.28016
5766.725,0.27979
5764.797,0.27943
5762.868,0.27908
5760.939,0.27872
5759.011,0.27838
5757.082,0.27812
5755.153,0.27793
5753.225,0.27774
5751.296,0.27759
5749.367,0.27749
5747.439,0.27742
5745.510,0.27729
5743.581,0.27709
5741.653,0.27690
5739.724,0.27671
5737.795,0.27653
5735.867,0.27641
5733.938,0.27632
5732.009,0.27620
5730.081,0.27611
5728.152,0.27607
5726.223,0.27609
5724.295,0.27617
5722.366,0.27631
5720.437,0.27650
5718.508,0.27666
5716.580,0.27678
5714.651,0.27690
5712.722,0.27708
5710.794,0.27731
5708.865,0.27755
5706.936,0.27782
5705.008,0.27816
5703.079,0.27851
5701.150,0.27871
5699.222,0.27872
5697.293,0.27855
5695.364,0.27813
5693.436,0.27747
5691.507,0.27673
5689.578,0.27601
5687.650,0.27536
5685.721,0.27480
5683.792,0.27428
5681.864,0.27382
5679.935,0.27343
5678.006,0.27304
5676.078,0.27267
5674.149,0.27235
5672.220,0.27203
5670.292,0.27173
5668.363,0.27148
5666.434,0.27124
5664.506,0.27099
5662.577,0.27072
5660.648,0.27044
5658.720,0.27015
5656.791,0.26984
5654.862,0.26956
5652.934,0.26931
5651.005,0.26907
5649.076,0.26884
5647.148,0.26863
5645.219,0.26845
5643.290,0.26828
5641.362,0.26806
5639.433,0.26784
5637.504,0.26767
5635.576,0.26754
5633.647,0.26735
5631.718,0.26710
5629.790,0.26686
5627.861,0.26669
5625.932,0.26658
5624.004,0.26647
5622.075,0.26631
5620.146,0.26612
5618.218,0.26591
5616.289,0.26574
5614.360,0.26562
5612.432,0.26549
5610.503,0.26535
5608.574,0.26523
5606.646,0.26511
5604.717,0.26496
5602.788,0.26476
5600.860,0.26460
5598.931,0.26448
5597.002,0.26439
5595.074,0.26429
5593.145,0.26412
5591.216,0.26393
5589.288,0.26375
5587.359,0.26360
5585.430,0.26347
5583.502,0.26334
5581.573,0.26322
5579.644,0.26312
5577.716,0.26301
5575.787,0.26285
5573.858,0.26266
5571.930,0.26251
5570.001,0.26239
5568.072,0.26224
5566.144,0.26211
5564.215,0.26203
5562.286,0.26195
5560.357,0.26183
5558.429,0.26168
5556.500,0.26151
5554.571,0.26139
5552.643,0.26132
5550.714,0.26123
5548.785,0.26108
5546.857,0.26093
5544.928,0.26083
5542.999,0.26075
5541.071,0.26068
5539.142,0.26057
5537.213,0.26044
5535.285,0.26030
5533.356,0.26014
5531.427,0.25999
5529.499,0.25985
5527.570,0.25972
5525.641,0.25958
5523.713,0.25944
5521.784,0.25928
5519.855,0.25909
5517.927,0.25890
5515.998,0.25875
5514.069,0.25864
5512.141,0.25853
5510.212,0.25838
5508.283,0.25820
5506.355,0.25805
5504.426,0.25794
5502.497,0.25785
5500.569,0.25773
5498.640,0.25757
5496.711,0.25740
5494.783,0.25724
5492.854,0.25713
5490.925,0.25704
5488.997,0.25692
5487.068,0.25679
5485.139,0.25664
5483.211,0.25650
5481.282,0.25638
5479.353,0.25627
5477.425,0.25614
5475.496,0.25600
5473.567,0.25585
5471.639,0.25573
5469.710,0.25563
5467.781,0.25549
5465.853,0.25535
5463.924,0.25523
5461.995,0.25512
5460.067,0.25501
5458.138,0.25492
5456.209,0.25483
5454.281,0.25472
5452.352,0.25461
5450.423,0.25451
5448.495,0.25443
5446.566,0.25434
5444.637,0.25418
5442.709,0.25400
5440.780,0.25384
5438.851,0.25371
5436.923,0.25358
5434.994,0.25344
5433.065,0.25331
5431.137,0.25320
5429.208,0.25306
5427.279,0.25291
5425.351,0.25279
5423.422,0.25270
5421.493,0.25262
5419.565,0.25251
5417.636,0.25241
5415.707,0.25231
5413.779,0.25220
5411.850,0.25208
5409.921,0.25195
5407.993,0.25180
5406.064,0.25164
5404.135,0.25150
5402.207,0.25137
5400.278,0.25126
5398.349,0.25117
5396.420,0.25108
5394.492,0.25095
5392.563,0.25081
5390.634,0.25070
5388.706,0.25060
5386.777,0.25049
5384.848,0.25037
5382.920,0.25024
5380.991,0.25013
5379.062,0.25004
5377.134,0.24992
5375.205,0.24980
5373.276,0.24970
5371.348,0.24959
5369.419,0.24949
5367.490,0.24942
5365.562,0.24933
5363.633,0.24919
5361.704,0.24906
5359.776,0.24896
5357.847,0.24887
5355.918,0.24881
5353.990,0.24879
5352.061,0.24877
5350.132,0.24870
5348.204,0.24857
5346.275,0.24844
5344.346,0.24834
5342.418,0.24824
5340.489,0.24812
5338.560,0.24797
5336.632,0.24780
5334.703,0.24765
5332.774,0.24755
5330.846,0.24746
5328.917,0.24735
5326.988,0.24721
5325.060,0.24706
5323.131,0.24692
5321.202,0.24677
5319.274,0.24661
5317.345,0.24649
5315.416,0.24639
5313.488,0.24627
5311.559,0.24613
5309.630,0.24596
5307.702,0.24577
5305.773,0.24559
5303.844,0.24542
5301.916,0.24528
5299.987,0.24512
5298.058,0.24498
5296.130,0.24485
5294.201,0.24472
5292.272,0.24460
5290.344,0.24448
5288.415,0.24435
5286.486,0.24420
5284.558,0.24407
5282.629,0.24396
5280.700,0.24384
5278.772,0.24370
5276.843,0.24355
5274.914,0.24344
5272.986,0.24334
5271.057,0.24322
5269.128,0.24309
5267.200,0.24294
5265.271,0.24280
5263.342,0.24267
5261.414,0.24256
5259.485,0.24246
5257.556,0.24234
5255.628,0.24218
5253.699,0.24202
5251.770,0.24193
5249.842,0.24187
5247.913,0.24176
5245.984,0.24161
5244.056,0.24146
5242.127,0.24132
5240.198,0.24118
5238.269,0.24104
5236.341,0.24090
5234.412,0.24078
5232.483,0.24071
5230.555,0.24063
5228.626,0.24051
5226.697,0.24039
5224.769,0.24028
5222.840,0.24017
5220.911,0.24005
5218.983,0.23992
5217.054,0.23978
5215.125,0.23965
5213.197,0.23955
5211.268,0.23945
5209.339,0.23933
5207.411,0.23921
5205.482,0.23910
5203.553,0.23899
5201.625,0.23886
5199.696,0.23875
5197.767,0.23869
5195.839,0.23862
5193.910,0.23854
5191.981,0.23844
5190.053,0.23834
5188.124,0.23823
5186.195,0.23811
5184.267,0.23799
5182.338,0.23786
5180.409,0.23773
5178.481,0.23766
5176.552,0.23758
5174.623,0.23744
5172.695,0.23729
5170.766,0.23720
5168.837,0.23712
5166.909,0.23701
5164.980,0.23687
5163.051,0.23673
5161.123,0.23658
5159.194,0.23642
5157.265,0.23633
5155.337,0.23628
5153.408,0.23621
5151.479,0.23608
5149.551,0.23592
5147.622,0.23575
5145.693,0.23562
5143.765,0.23552
5141.836,0.23548
5139.907,0.23543
5137.979,0.23535
5136.050,0.23525
5134.121,0.23514
5132.193,0.23501
5130.264,0.23490
5128.335,0.23482
5126.407,0.23476
5124.478,0.23468
5122.549,0.23456
5120.621,0.23446
5118.692,0.23436
5116.763,0.23424
5114.835,0.23410
5112.906,0.23395
5110.977,0.23378
5109.049,0.23362
5107.120,0.23350
5105.191,0.23339
5103.263,0.23326
5101.334,0.23311
5099.405,0.23298
5097.477,0.23285
5095.548,0.23271
5093.619,0.23261
5091.691,0.23257
5089.762,0.23253
5087.833,0.23244
5085.905,0.23230
5083.976,0.23215
5082.047,0.23200
5080.119,0.23183
5078.190,0.23165
5076.261,0.23149
5074.332,0.23135
5072.404,0.23121
5070.475,0.23103
5068.546,0.23083
5066.618,0.23063
5064.689,0.23046
5062.760,0.23031
5060.832,0.23019
5058.903,0.23010
5056.974,0.23001
5055.046,0.22987
5053.117,0.22972
5051.188,0.22958
5049.260,0.22944
5047.331,0.22931
5045.402,0.22924
5043.474,0.22916
5041.545,0.22904
5039.616,0.22887
5037.688,0.22871
5035.759,0.22858
5033.830,0.22849
5031.902,0.22843
5029.973,0.22836
5028.044,0.22826
5026.116,0.22814
5024.187,0.22801
5022.258,0.22786
5020.330,0.22772
5018.401,0.22760
5016.472,0.22750
5014.544,0.22740
5012.615,0.22726
5010.686,0.22710
5008.758,0.22695
5006.829,0.22679
5004.900,0.22666
5002.972,0.22656
5001.043,0.22648
4999.114,0.22637
4997.186,0.22622
4995.257,0.22609
4993.328,0.22596
4991.400,0.22585
4989.471,0.22574
4987.542,0.22565
4985.614,0.22558
4983.685,0.22547
4981.756,0.22534
4979.828,0.22520
4977.899,0.22507
4975.970,0.22495
4974.042,0.22485
4972.113,0.22472
4970.184,0.22458
4968.256,0.22446
4966.327,0.22432
4964.398,0.22417
4962.470,0.22406
4960.541,0.22398
4958.612,0.22388
4956.684,0.22376
4954.755,0.22362
4952.826,0.22349
4950.898,0.22337
4948.969,0.22326
4947.040,0.22315
4945.112,0.22307
4943.183,0.22302
4941.254,0.22292
4939.326,0.22279
4937.397,0.22265
4935.468,0.22253
4933.540,0.22243
4931.611,0.22234
4929.682,0.22222
4927.754,0.22209
4925.825,0.22195
4923.896,0.22183
4921.968,0.22173
4920.039,0.22164
4918.110,0.22157
4916.181,0.22153
4914.253,0.22145
4912.324,0.22132
4910.395,0.22116
4908.467,0.22103
4906.538,0.22093
4904.609,0.22086
4902.681,0.22078
4900.752,0.22069
4898.823,0.22057
4896.895,0.22047
4894.966,0.22045
4893.037,0.22049
4891.109,0.22061
4889.180,0.22079
4887.251,0.22102
4885.323,0.22116
4883.394,0.22107
4881.465,0.22075
4879.537,0.22029
4877.608,0.21985
4875.679,0.21950
4873.751,0.21923
4871.822,0.21901
4869.893,0.21884
4867.965,0.21869
4866.036,0.21856
4864.107,0.21843
4862.179,0.21832
4860.250,0.21821
4858.321,0.21809
4856.393,0.21794
4854.464,0.21781
4852.535,0.21772
4850.607,0.21765
4848.678,0.21755
4846.749,0.21743
4844.821,0.21733
4842.892,0.21724
4840.963,0.21712
4839.035,0.21699
4837.106,0.21687
4835.177,0.21678
4833.249,0.21669
4831.320,0.21657
4829.391,0.21642
4827.463,0.21628
4825.534,0.21617
4823.605,0.21610
4821.677,0.21604
4819.748,0.21597
4817.819,0.21590
4815.891,0.21582
4813.962,0.21569
4812.033,0.21555
4810.105,0.21545
4808.176,0.21541
4806.247,0.21537
4804.319,0.21528
4802.390,0.21516
4800.461,0.21503
4798.533,0.21488
4796.604,0.21473
4794.675,0.21460
4792.747,0.21447
4790.818,0.21436
4788.889,0.21424
4786.961,0.21410
4785.032,0.21395
4783.103,0.21385
4781.175,0.21378
4779.246,0.21370
4777.317,0.21361
4775.389,0.21349
4773.460,0.21338
4771.531,0.21326
4769.603,0.21313
4767.674,0.21301
4765.745,0.21288
4763.817,0.21276
4761.888,0.21265
4759.959,0.21254
4758.031,0.21243
4756.102,0.21233
4754.173,0.21224
4752.244,0.21217
4750.316,0.21208
4748.387,0.21196
4746.458,0.21183
4744.530,0.21172
4742.601,0.21160
4740.672,0.21148
4738.744,0.21138
4736.815,0.21127
4734.886,0.21113
4732.958,0.21101
4731.029,0.21093
4729.100,0.21085
4727.172,0.21076
4725.243,0.21068
4723.314,0.21059
4721.386,0.21049
4719.457,0.21039
4717.528,0.21027
4715.600,0.21012
4713.671,0.20997
4711.742,0.20989
4709.814,0.20983
4707.885,0.20976
4705.956,0.20966
4704.028,0.20957
4702.099,0.20950
4700.170,0.20943
4698.242,0.20937
4696.313,0.20935
4694.384,0.20935
4692.456,0.20939
4690.527,0.20941
4688.598,0.20939
4686.670,0.20935
4684.741,0.20930
4682.812,0.20925
4680.884,0.20920
4678.955,0.20918
4677.026,0.20916
4675.098,0.20911
4673.169,0.20904
4671.240,0.20897
4669.312,0.20887
4667.383,0.20874
4665.454,0.20859
4663.526,0.20844
4661.597,0.20831
4659.668,0.20818
4657.740,0.20807
4655.811,0.20796
4653.882,0.20784
4651.954,0.20769
4650.025,0.20753
4648.096,0.20739
4646.168,0.20726
4644.239,0.20711
4642.310,0.20699
4640.382,0.20693
4638.453,0.20689
4636.524,0.20685
4634.596,0.20678
4632.667,0.20667
4630.738,0.20650
4628.810,0.20630
4626.881,0.20612
4624.952,0.20596
4623.024,0.20581
4621.095,0.20562
4619.166,0.20542
4617.238,0.20523
4615.309,0.20507
4613.380,0.20489
4611.452,0.20471
4609.523,0.20453
4607.594,0.20437
4605.666,0.20425
4603.737,0.20416
4601.808,0.20406
4599.880,0.20397
4597.951,0.20389
4596.022,0.20381
4594.093,0.20374
4592.165,0.20367
4590.236,0.20358
4588.307,0.20348
4586.379,0.20341
4584.450,0.20336
4582.521,0.20330
4580.593,0.20323
4578.664,0.20317
4576.735,0.20312
4574.807,0.20308
4572.878,0.20305
4570.949,0.20301
4569.021,0.20294
4567.092,0.20287
4565.163,0.20280
4563.235,0.20272
4561.306,0.20261
4559.377,0.20251
4557.449,0.20241
4555.520,0.20230
4553.591,0.20219
4551.663,0.20212
4549.734,0.20204
4547.805,0.20191
4545.877,0.20179
4543.948,0.20171
4542.019,0.20163
4540.091,0.20154
4538.162,0.20148
4536.233,0.20145
4534.305,0.20143
4532.376,0.20143
4530.447,0.20147
4528.519,0.20159
4526.590,0.20179
4524.661,0.20204
4522.733,0.20222
4520.804,0.20218
4518.875,0.20188
4516.947,0.20144
4515.018,0.20107
4513.089,0.20079
4511.161,0.20060
4509.232,0.20050
4507.303,0.20048
4505.375,0.20051
4503.446,0.20062
4501.517,0.20082
4499.589,0.20107
4497.660,0.20134
4495.731,0.20163
4493.803,0.20196
4491.874,0.20234
4489.945,0.20282
4488.017,0.20355
4486.088,0.20474
4484.159,0.20662
4482.231,0.20932
4480.302,0.21248
4478.373,0.21485
4476.445,0.21504
4474.516,0.21300
4472.587,0.21003
4470.659,0.20746
4468.730,0.20589
4466.801,0.20530
4464.873,0.20542
4462.944,0.20593
4461.015,0.20647
4459.087,0.20672
4457.158,0.20654
4455.229,0.20602
4453.301,0.20534
4451.372,0.20452
4449.443,0.20345
4447.515,0.20216
4445.586,0.20087
4443.657,0.19973
4441.729,0.19880
4439.800,0.19814
4437.871,0.19770
4435.943,0.19739
4434.014,0.19716
4432.085,0.19704
4430.156,0.19700
4428.228,0.19703
4426.299,0.19708
4424.370,0.19711
4422.442,0.19706
4420.513,0.19696
4418.584,0.19688
4416.656,0.19682
4414.727,0.19673
4412.798,0.19658
4410.870,0.19642
4408.941,0.19628
4407.012,0.19615
4405.084,0.19605
4403.155,0.19598
4401.226,0.19593
4399.298,0.19589
4397.369,0.19593
4395.440,0.19608
4393.512,0.19633
4391.583,0.19659
4389.654,0.19677
4387.726,0.19676
4385.797,0.19661
4383.868,0.19647
4381.940,0.19640
4380.011,0.19637
4378.082,0.19634
4376.154,0.19636
4374.225,0.19641
4372.296,0.19640
4370.368,0.19626
4368.439,0.19598
4366.510,0.19561
4364.582,0.19526
4362.653,0.19505
4360.724,0.19492
4358.796,0.19488
4356.867,0.19493
4354.938,0.19505
4353.010,0.19513
4351.081,0.19515
4349.152,0.19520
4347.224,0.19534
4345.295,0.19553
4343.366,0.19576
4341.438,0.19606
4339.509,0.19643
4337.580,0.19686
4335.652,0.19741
4333.723,0.19814
4331.794,0.19904
4329.866,0.20014
4327.937,0.20141
4326.008,0.20272
4324.080,0.20367
4322.151,0.20374
4320.222,0.20268
4318.294,0.20087
4316.365,0.19904
4314.436,0.19765
4312.508,0.19676
4310.579,0.19619
4308.650,0.19576
4306.722,0.19530
4304.793,0.19482
4302.864,0.19444
4300.936,0.19424
4299.007,0.19424
4297.078,0.19440
4295.150,0.19464
4293.221,0.19493
4291.292,0.19519
4289.364,0.19528
4287.435,0.19511
4285.506,0.19478
4283.578,0.19451
4281.649,0.19444
4279.720,0.19465
4277.792,0.19519
4275.863,0.19598
4273.934,0.19678
4272.005,0.19717
4270.077,0.19690
4268.148,0.19603
4266.219,0.19496
4264.291,0.19412
4262.362,0.19365
4260.433,0.19350
4258.505,0.19359
4256.576,0.19383
4254.647,0.19406
4252.719,0.19404
4250.790,0.19352
4248.861,0.19250
4246.933,0.19131
4245.004,0.19027
4243.075,0.18953
4241.147,0.18908
4239.218,0.18886
4237.289,0.18882
4235.361,0.18888
4233.432,0.18899
4231.503,0.18908
4229.575,0.18912
4227.646,0.18922
4225.717,0.18940
4223.789,0.18964
4221.860,0.18988
4219.931,0.19006
4218.003,0.19012
4216.074,0.19001
4214.145,0.18973
4212.217,0.18938
4210.288,0.18903
4208.359,0.18875
4206.431,0.18859
4204.502,0.18859
4202.573,0.18870
4200.645,0.18885
4198.716,0.18901
4196.787,0.18918
4194.859,0.18938
4192.930,0.18959
4191.001,0.18975
4189.073,0.18982
4187.144,0.18981
4185.215,0.18980
4183.287,0.18982
4181.358,0.18983
4179.429,0.18977
4177.501,0.18959
4175.572,0.18928
4173.643,0.18890
4171.715,0.18857
4169.786,0.18843
4167.857,0.18863
4165.929,0.18914
4164.000,0.18963
4162.071,0.18955
4160.143,0.18874
4158.214,0.18757
4156.285,0.18651
4154.357,0.18574
4152.428,0.18522
4150.499,0.18487
4148.571,0.18463
4146.642,0.18443
4144.713,0.18422
4142.785,0.18402
4140.856,0.18383
4138.927,0.18361
4136.999,0.18340
4135.070,0.18321
4133.141,0.18304
4131.213,0.18287
4129.284,0.18270
4127.355,0.18252
4125.427,0.18236
4123.498,0.18222
4121.569,0.18214
4119.641,0.18208
4117.712,0.18203
4115.783,0.18198
4113.855,0.18194
4111.926,0.18188
4109.997,0.18181
4108.068,0.18176
4106.140,0.18172
4104.211,0.18166
4102.282,0.18156
4100.354,0.18147
4098.425,0.18136
4096.496,0.18120
4094.568,0.18101
4092.639,0.18078
4090.710,0.18051
4088.782,0.18024
4086.853,0.18003
4084.924,0.17987
4082.996,0.17976
4081.067,0.17972
4079.138,0.17979
4077.210,0.18003
4075.281,0.18048
4073.352,0.18123
4071.424,0.18231
4069.495,0.18361
4067.566,0.18475
4065.638,0.18526
4063.709,0.18491
4061.780,0.18398
4059.852,0.18297
4057.923,0.18217
4055.994,0.18151
4054.066,0.18085
4052.137,0.18018
4050.208,0.17948
4048.280,0.17881
4046.351,0.17824
4044.422,0.17784
4042.494,0.17758
4040.565,0.17748
4038.636,0.17757
4036.708,0.17786
4034.779,0.17834
4032.850,0.17905
4030.922,0.17995
4028.993,0.18080
4027.064,0.18134
4025.136,0.18144
4023.207,0.18116
4021.278,0.18066
4019.350,0.18008
4017.421,0.17944
4015.492,0.17866
4013.564,0.17774
4011.635,0.17680
4009.706,0.17597
4007.778,0.17533
4005.849,0.17484
4003.920,0.17449
4001.992,0.17428
4000.063,0.17417
3998.134,0.17417
3996.206,0.17429
3994.277,0.17452
3992.348,0.17482
3990.420,0.17516
3988.491,0.17546
3986.562,0.17565
3984.634,0.17576
3982.705,0.17590
3980.776,0.17611
3978.848,0.17629
3976.919,0.17628
3974.990,0.17608
3973.062,0.17579
3971.133,0.17558
3969.204,0.17560
3967.276,0.17596
3965.347,0.17661
3963.418,0.17748
3961.490,0.17846
3959.561,0.17928
3957.632,0.17954
3955.704,0.17910
3953.775,0.17807
3951.846,0.17675
3949.917,0.17539
3947.989,0.17419
3946.060,0.17327
3944.131,0.17258
3942.203,0.17205
3940.274,0.17167
3938.345,0.17143
3936.417,0.17132
3934.488,0.17133
3932.559,0.17144
3930.631,0.17164
3928.702,0.17193
3926.773,0.17240
3924.845,0.17298
3922.916,0.17361
3920.987,0.17421
3919.059,0.17462
3917.130,0.17460
3915.201,0.17406
3913.273,0.17318
3911.344,0.17222
3909.415,0.17137
3907.487,0.17072
3905.558,0.17027
3903.629,0.16990
3901.701,0.16953
3899.772,0.16917
3897.843,0.16882
3895.915,0.16856
3893.986,0.16842
3892.057,0.16832
3890.129,0.16819
3888.200,0.16806
3886.271,0.16796
3884.343,0.16784
3882.414,0.16771
3880.485,0.16759
3878.557,0.16745
3876.628,0.16738
3874.699,0.16735
3872.771,0.16732
3870.842,0.16728
3868.913,0.16718
3866.985,0.16711
3865.056,0.16711
3863.127,0.16710
3861.199,0.16704
3859.270,0.16697
3857.341,0.16695
3855.413,0.16696
3853.484,0.16678
3851.555,0.16641
3849.627,0.16610
3847.698,0.16595
3845.769,0.16587
3843.841,0.16577
3841.912,0.16564
3839.983,0.16550
3838.055,0.16531
3836.126,0.16507
3834.197,0.16482
3832.269,0.16463
3830.340,0.16446
3828.411,0.16433
3826.483,0.16425
3824.554,0.16423
3822.625,0.16422
3820.697,0.16410
3818.768,0.16389
3816.839,0.16366
3814.911,0.16337
3812.982,0.16307
3811.053,0.16287
3809.125,0.16280
3807.196,0.16273
3805.267,0.16262
3803.339,0.16251
3801.410,0.16235
3799.481,0.16208
3797.553,0.16183
3795.624,0.16163
3793.695,0.16145
3791.767,0.16131
3789.838,0.16121
3787.909,0.16113
3785.980,0.16106
3784.052,0.16097
3782.123,0.16089
3780.194,0.16085
3778.266,0.16079
3776.337,0.16071
3774.408,0.16064
3772.480,0.16060
3770.551,0.16057
3768.622,0.16053
3766.694,0.16044
3764.765,0.16031
3762.836,0.16019
3760.908,0.16013
3758.979,0.16007
3757.050,0.15998
3755.122,0.15993
3753.193,0.15993
3751.264,0.15989
3749.336,0.15974
3747.407,0.15964
3745.478,0.15961
3743.550,0.15941
3741.621,0.15912
3739.692,0.15899
3737.764,0.15900
3735.835,0.15898
3733.906,0.15888
3731.978,0.15869
3730.049,0.15848
3728.120,0.15835
3726.192,0.15824
3724.263,0.15808
3722.334,0.15792
3720.406,0.15778
3718.477,0.15765
3716.548,0.15757
3714.620,0.15759
3712.691,0.15766
3710.762,0.15764
3708.834,0.15755
3706.905,0.15750
3704.976,0.15752
3703.048,0.15756
3701.119,0.15754
3699.190,0.15751
3697.262,0.15750
3695.333,0.15748
3693.404,0.15747
3691.476,0.15748
3689.547,0.15743
3687.618,0.15728
3685.690,0.15707
3683.761,0.15690
3681.832,0.15678
3679.904,0.15677
3677.975,0.15685
3676.046,0.15688
3674.118,0.15678
3672.189,0.15671
3670.260,0.15669
3668.332,0.15661
3666.403,0.15652
3664.474,0.15652
3662.546,0.15657
3660.617,0.15663
3658.688,0.15673
3656.760,0.15683
3654.831,0.15690
3652.902,0.15709
3650.974,0.15742
3649.045,0.15772
3647.116,0.15784
3645.188,0.15788
3643.259,0.15791
3641.330,0.15780
3639.402,0.15749
3637.473,0.15710
3635.544,0.15680
3633.616,0.15659
3631.687,0.15651
3629.758,0.15651
3627.830,0.15644
3625.901,0.15633
3623.972,0.15637
3622.043,0.15659
3620.115,0.15686
3618.186,0.15711
3616.257,0.15742
3614.329,0.15778
3612.400,0.15807
3610.471,0.15826
3608.543,0.15837
3606.614,0.15836
3604.685,0.15821
3602.757,0.15794
3600.828,0.15757
3598.899,0.15711
3596.971,0.15670
3595.042,0.15643
3593.113,0.15628
3591.185,0.15619
3589.256,0.15617
3587.327,0.15615
3585.399,0.15607
3583.470,0.15601
3581.541,0.15605
3579.613,0.15615
3577.684,0.15620
3575.755,0.15621
3573.827,0.15623
3571.898,0.15624
3569.969,0.15624
3568.041,0.15625
3566.112,0.15625
3564.183,0.15623
3562.255,0.15621
3560.326,0.15621
3558.397,0.15623
3556.469,0.15624
3554.540,0.15626
3552.611,0.15633
3550.683,0.15639
3548.754,0.15640
3546.825,0.15643
3544.897,0.15648
3542.968,0.15649
3541.039,0.15649
3539.111,0.15655
3537.182,0.15662
3535.253,0.15664
3533.325,0.15664
3531.396,0.15668
3529.467,0.15672
3527.539,0.15673
3525.610,0.15676
3523.681,0.15681
3521.753,0.15679
3519.824,0.15672
3517.895,0.15667
3515.967,0.15661
3514.038,0.15655
3512.109,0.15653
3510.181,0.15654
3508.252,0.15652
3506.323,0.15650
3504.395,0.15653
3502.466,0.15656
3500.537,0.15654
3498.609,0.15655
3496.680,0.15662
3494.751,0.15673
3492.823,0.15685
3490.894,0.15704
3488.965,0.15730
3487.037,0.15751
3485.108,0.15765
3483.179,0.15772
3481.251,0.15765
3479.322,0.15740
3477.393,0.15710
3475.465,0.15685
3473.536,0.15665
3471.607,0.15648
3469.679,0.15641
3467.750,0.15638
3465.821,0.15633
3463.892,0.15629
3461.964,0.15631
3460.035,0.15630
3458.106,0.15627
3456.178,0.15628
3454.249,0.15631
3452.320,0.15631
3450.392,0.15631
3448.463,0.15637
3446.534,0.15641
3444.606,0.15635
3442.677,0.15622
3440.748,0.15606
3438.820,0.15586
3436.891,0.15567
3434.962,0.15554
3433.034,0.15542
3431.105,0.15525
3429.176,0.15511
3427.248,0.15501
3425.319,0.15492
3423.390,0.15480
3421.462,0.15472
3419.533,0.15466
3417.604,0.15455
3415.676,0.15441
3413.747,0.15433
3411.818,0.15425
3409.890,0.15410
3407.961,0.15395
3406.032,0.15383
3404.104,0.15370
3402.175,0.15353
3400.246,0.15337
3398.318,0.15321
3396.389,0.15301
3394.460,0.15281
3392.532,0.15267
3390.603,0.15252
3388.674,0.15232
3386.746,0.15214
3384.817,0.15201
3382.888,0.15185
3380.960,0.15166
3379.031,0.15151
3377.102,0.15136
3375.174,0.15117
3373.245,0.15099
3371.316,0.15084
3369.388,0.15064
3367.459,0.15039
3365.530,0.15015
3363.602,0.14994
3361.673,0.14972
3359.744,0.14950
3357.816,0.14933
3355.887,0.14919
3353.958,0.14903
3352.030,0.14886
3350.101,0.14872
3348.172,0.14857
3346.244,0.14841
3344.315,0.14827
3342.386,0.14818
3340.458,0.14807
3338.529,0.14795
3336.600,0.14787
3334.672,0.14782
3332.743,0.14777
3330.814,0.14775
3328.886,0.14776
3326.957,0.14778
3325.028,0.14781
3323.100,0.14791
3321.171,0.14801
3319.242,0.14808
3317.314,0.14816
3315.385,0.14836
3313.456,0.14868
3311.528,0.14912
3309.599,0.14963
3307.670,0.15004
3305.742,0.15017
3303.813,0.15006
3301.884,0.14995
3299.955,0.15002
3298.027,0.15024
3296.098,0.15049
3294.169,0.15063
3292.241,0.15059
3290.312,0.15051
3288.383,0.15071
3286.455,0.15143
3284.526,0.15274
3282.597,0.15487
3280.669,0.15835
3278.740,0.16314
3276.811,0.16799
3274.883,0.17082
3272.954,0.16969
3271.025,0.16437
3269.097,0.15745
3267.168,0.15191
3265.239,0.14856
3263.311,0.14671
3261.382,0.14566
3259.453,0.14503
3257.525,0.14465
3255.596,0.14441
3253.667,0.14423
3251.739,0.14403
3249.810,0.14384
3247.881,0.14369
3245.953,0.14355
3244.024,0.14341
3242.095,0.14329
3240.167,0.14319
3238.238,0.14309
3236.309,0.14301
3234.381,0.14297
3232.452,0.14294
3230.523,0.14293
3228.595,0.14296
3226.666,0.14303
3224.737,0.14309
3222.809,0.14312
3220.880,0.14316
3218.951,0.14320
3217.023,0.14324
3215.094,0.14329
3213.165,0.14335
3211.237,0.14337
3209.308,0.14337
3207.379,0.14342
3205.451,0.14350
3203.522,0.14354
3201.593,0.14356
3199.665,0.14361
3197.736,0.14368
3195.807,0.14374
3193.879,0.14384
3191.950,0.14398
3190.021,0.14410
3188.093,0.14420
3186.164,0.14435
3184.235,0.14454
3182.307,0.14473
3180.378,0.14494
3178.449,0.14517
3176.521,0.14537
3174.592,0.14552
3172.663,0.14569
3170.735,0.14584
3168.806,0.14592
3166.877,0.14597
3164.949,0.14606
3163.020,0.14615
3161.091,0.14621
3159.163,0.14631
3157.234,0.14648
3155.305,0.14670
3153.377,0.14697
3151.448,0.14733
3149.519,0.14776
3147.591,0.14822
3145.662,0.14876
3143.733,0.14951
3141.804,0.15045
3139.876,0.15159
3137.947,0.15291
3136.018,0.15416
3134.090,0.15490
3132.161,0.15502
3130.232,0.15482
3128.304,0.15457
3126.375,0.15438
3124.446,0.15429
3122.518,0.15430
3120.589,0.15427
3118.660,0.15416
3116.732,0.15403
3114.803,0.15393
3112.874,0.15384
3110.946,0.15385
3109.017,0.15402
3107.088,0.15426
3105.160,0.15451
3103.231,0.15476
3101.302,0.15494
3099.374,0.15498
3097.445,0.15490
3095.516,0.15481
3093.588,0.15474
3091.659,0.15473
3089.730,0.15485
3087.802,0.15511
3085.873,0.15542
3083.944,0.15575
3082.016,0.15614
3080.087,0.15659
3078.158,0.15708
3076.230,0.15762
3074.301,0.15823
3072.372,0.15884
3070.444,0.15945
3068.515,0.16015
3066.586,0.16093
3064.658,0.16166
3062.729,0.16236
3060.800,0.16314
3058.872,0.16392
3056.943,0.16461
3055.014,0.16527
3053.086,0.16599
3051.157,0.16669
3049.228,0.16732
3047.300,0.16794
3045.371,0.16863
3043.442,0.16948
3041.514,0.17070
3039.585,0.17244
3037.656,0.17474
3035.728,0.17780
3033.799,0.18226
3031.870,0.18901
3029.942,0.19938
3028.013,0.21451
3026.084,0.23205
3024.156,0.24273
3022.227,0.23712
3020.298,0.21847
3018.370,0.19889
3016.441,0.18560
3014.512,0.17851
3012.584,0.17531
3010.655,0.17414
3008.726,0.17402
3006.798,0.17469
3004.869,0.17613
3002.940,0.17823
3001.012,0.18096
2999.083,0.18459
2997.154,0.18952
2995.226,0.19634
2993.297,0.20623
2991.368,0.22131
2989.440,0.24376
2987.511,0.27113
2985.582,0.29023
2983.654,0.28607
2981.725,0.26324
2979.796,0.24019
2977.867,0.22706
2975.939,0.22303
2974.010,0.22468
2972.081,0.22992
2970.153,0.23780
2968.224,0.24764
2966.295,0.25891
2964.367,0.27127
2962.438,0.28398
2960.509,0.29566
2958.581,0.30455
2956.652,0.30910
2954.723,0.30841
2952.795,0.30322
2950.866,0.29694
2948.937,0.29401
2947.009,0.29692
2945.080,0.30571
2943.151,0.31950
2941.223,0.33747
2939.294,0.35896
2937.365,0.38357
2935.437,0.41126
2933.508,0.44208
2931.579,0.47602
2929.651,0.51346
2927.722,0.55588
2925.793,0.60579
2923.865,0.66479
2921.936,0.73026
2920.007,0.79090
2918.079,0.82215
2916.150,0.79645
2914.221,0.72071
2912.293,0.63517
2910.364,0.56823
2908.435,0.52336
2906.507,0.49237
2904.578,0.46792
2902.649,0.44639
2900.721,0.42430
2898.792,0.39835
2896.863,0.36929
2894.935,0.34134
2893.006,0.31774
2891.077,0.29859
2889.149,0.28235
2887.220,0.26785
2885.291,0.25475
2883.363,0.24319
2881.434,0.23373
2879.505,0.22707
2877.577,0.22349
2875.648,0.22240
2873.719,0.22243
2871.791,0.22217
2869.862,0.22149
2867.933,0.22239
2866.005,0.22771
2864.076,0.23931
2862.147,0.25749
2860.219,0.28194
2858.290,0.31363
2856.361,0.35657
2854.433,0.41725
2852.504,0.49627
2850.575,0.56541
2848.647,0.56410
2846.718,0.48405
2844.789,0.38798
2842.861,0.31524
2840.932,0.26768
2839.003,0.23660
2837.075,0.21518
2835.146,0.19955
2833.217,0.18772
2831.289,0.17858
2829.360,0.17132
2827.431,0.16531
2825.503,0.16025
2823.574,0.15599
2821.645,0.15233
2819.716,0.14915
2817.788,0.14640
2815.859,0.14400
2813.930,0.14183
2812.002,0.13985
2810.073,0.13812
2808.144,0.13657
2806.216,0.13509
2804.287,0.13375
2802.358,0.13257
2800.430,0.13142
2798.501,0.13029
2796.572,0.12928
2794.644,0.12835
2792.715,0.12745
2790.786,0.12669
2788.858,0.12615
2786.929,0.12575
2785.000,0.12546
2783.072,0.12536
2781.143,0.12544
2779.214,0.12563
2777.286,0.12610
2775.357,0.12699
2773.428,0.12817
2771.500,0.12938
2769.571,0.13030
2767.642,0.13044
2765.714,0.12938
2763.785,0.12739
2761.856,0.12519
2759.928,0.12321
2757.999,0.12157
2756.070,0.12033
2754.142,0.11945
2752.213,0.11879
2750.284,0.11832
2748.356,0.11813
2746.427,0.11809
2744.498,0.11801
2742.570,0.11790
2740.641,0.11782
2738.712,0.11767
2736.784,0.11745
2734.855,0.11731
2732.926,0.11725
2730.998,0.11711
2729.069,0.11689
2727.140,0.11668
2725.212,0.11646
2723.283,0.11618
2721.354,0.11596
2719.426,0.11584
2717.497,0.11570
2715.568,0.11555
2713.640,0.11550
2711.711,0.11551
2709.782,0.11548
2707.854,0.11545
2705.925,0.11554
2703.996,0.11569
2702.068,0.11587
2700.139,0.11620
2698.210,0.11663
2696.282,0.11704
2694.353,0.11744
2692.424,0.11796
2690.496,0.11857
2688.567,0.11922
2686.638,0.12003
2684.710,0.12105
2682.781,0.12217
2680.852,0.12334
2678.924,0.12461
2676.995,0.12596
2675.066,0.12733
2673.138,0.12868
2671.209,0.12980
2669.280,0.13045
2667.352,0.13072
2665.423,0.13100
2663.494,0.13140
2661.566,0.13159
2659.637,0.13116
2657.708,0.12995
2655.779,0.12804
2653.851,0.12580
2651.922,0.12374
2649.993,0.12216
2648.065,0.12101
2646.136,0.12022
2644.207,0.11984
2642.279,0.11974
2640.350,0.11971
2638.421,0.11962
2636.493,0.11938
2634.564,0.11890
2632.635,0.11823
2630.707,0.11752
2628.778,0.11676
2626.849,0.11586
2624.921,0.11491
2622.992,0.11404
2621.063,0.11325
2619.135,0.11255
2617.206,0.11207
2615.277,0.11182
2613.349,0.11168
2611.420,0.11167
2609.491,0.11192
2607.563,0.11238
2605.634,0.11295
2603.705,0.11365
2601.777,0.11445
2599.848,0.11511
2597.919,0.11557
2595.991,0.11596
2594.062,0.11634
2592.133,0.11663
2590.205,0.11693
2588.276,0.11730
2586.347,0.11768
2584.419,0.11802
2582.490,0.11831
2580.561,0.11843
2578.633,0.11831
2576.704,0.11818
2574.775,0.11835
2572.847,0.11892
2570.918,0.11987
2568.989,0.12138
2567.061,0.12345
2565.132,0.12581
2563.203,0.12812
2561.275,0.13002
2559.346,0.13088
2557.417,0.13019
2555.489,0.12830
2553.560,0.12605
2551.631,0.12414
2549.703,0.12306
2547.774,0.12326
2545.845,0.12458
2543.917,0.12583
2541.988,0.12579
2540.059,0.12443
2538.131,0.12236
2536.202,0.11969
2534.273,0.11667
2532.345,0.11408
2530.416,0.11237
2528.487,0.11148
2526.559,0.11128
2524.630,0.11148
2522.701,0.11168
2520.773,0.11181
2518.844,0.11195
2516.915,0.11202
2514.987,0.11202
2513.058,0.11217
2511.129,0.11247
2509.201,0.11260
2507.272,0.11239
2505.343,0.11201
2503.415,0.11160
2501.486,0.11121
2499.557,0.11096
2497.628,0.11089
2495.700,0.11076
2493.771,0.11046
2491.842,0.11015
2489.914,0.10990
2487.985,0.10958
2486.056,0.10927
2484.128,0.10912
2482.199,0.10905
2480.270,0.10889
2478.342,0.10878
2476.413,0.10876
2474.484,0.10866
2472.556,0.10848
2470.627,0.10843
2468.698,0.10848
2466.770,0.10844
2464.841,0.10837
2462.912,0.10836
2460.984,0.10820
2459.055,0.10780
2457.126,0.10738
2455.198,0.10707
2453.269,0.10677
2451.340,0.10657
2449.412,0.10663
2447.483,0.10683
2445.554,0.10695
2443.626,0.10710
2441.697,0.10734
2439.768,0.10747
2437.840,0.10747
2435.911,0.10753
2433.982,0.10767
2432.054,0.10773
2430.125,0.10779
2428.196,0.10803
2426.268,0.10832
2424.339,0.10857
2422.410,0.10895
2420.482,0.10956
2418.553,0.11021
2416.624,0.11087
2414.696,0.11169
2412.767,0.11261
2410.838,0.11345
2408.910,0.11437
2406.981,0.11545
2405.052,0.11642
2403.124,0.11693
2401.195,0.11687
2399.266,0.11615
2397.338,0.11481
2395.409,0.11331
2393.480,0.11211
2391.552,0.11125
2389.623,0.11055
2387.694,0.11009
2385.766,0.10986
2383.837,0.10960
2381.908,0.10923
2379.980,0.10896
2378.051,0.10883
2376.122,0.10867
2374.194,0.10857
2372.265,0.10868
2370.336,0.10883
2368.408,0.10889
2366.479,0.10895
2364.550,0.10910
2362.622,0.10921
2360.693,0.10935
2358.764,0.10970
2356.836,0.11018
2354.907,0.11063
2352.978,0.11108
2351.050,0.11160
2349.121,0.11199
2347.192,0.11216
2345.264,0.11232
2343.335,0.11259
2341.406,0.11285
2339.478,0.11301
2337.549,0.11313
2335.620,0.11320
2333.691,0.11322
2331.763,0.11331
2329.834,0.11344
2327.905,0.11335
2325.977,0.11299
2324.048,0.11261
2322.119,0.11230
2320.191,0.11191
2318.262,0.11151
2316.333,0.11124
2314.405,0.11104
2312.476,0.11081
2310.547,0.11069
2308.619,0.11075
2306.690,0.11085
2304.761,0.11094
2302.833,0.11107
2300.904,0.11112
2298.975,0.11093
2297.047,0.11063
2295.118,0.11038
2293.189,0.11016
2291.261,0.10995
2289.332,0.10987
2287.403,0.10994
2285.475,0.11005
2283.546,0.11019
2281.617,0.11046
2279.689,0.11076
2277.760,0.11097
2275.831,0.11109
2273.903,0.11113
2271.974,0.11102
2270.045,0.11081
2268.117,0.11066
2266.188,0.11063
2264.259,0.11058
2262.331,0.11050
2260.402,0.11042
2258.473,0.11031
2256.545,0.11014
2254.616,0.11001
2252.687,0.11000
2250.759,0.11005
2248.830,0.11014
2246.901,0.11034
2244.973,0.11060
2243.044,0.11084
2241.115,0.11103
2239.187,0.11122
2237.258,0.11139
2235.329,0.11152
2233.401,0.11170
2231.472,0.11194
2229.543,0.11221
2227.615,0.11251
2225.686,0.11283
2223.757,0.11308
2221.829,0.11318
2219.900,0.11317
2217.971,0.11308
2216.043,0.11292
2214.114,0.11274
2212.185,0.11260
2210.257,0.11247
2208.328,0.11228
2206.399,0.11209
2204.471,0.11196
2202.542,0.11189
2200.613,0.11189
2198.685,0.11200
2196.756,0.11221
2194.827,0.11245
2192.899,0.11273
2190.970,0.11305
2189.041,0.11331
2187.113,0.11342
2185.184,0.11343
2183.255,0.11341
2181.327,0.11336
2179.398,0.11332
2177.469,0.11335
2175.540,0.11339
2173.612,0.11342
2171.683,0.11345
2169.754,0.11354
2167.826,0.11365
2165.897,0.11378
2163.968,0.11399
2162.040,0.11428
2160.111,0.11458
2158.182,0.11487
2156.254,0.11518
2154.325,0.11547
2152.396,0.11572
2150.468,0.11598
2148.539,0.11622
2146.610,0.11634
2144.682,0.11638
2142.753,0.11644
2140.824,0.11648
2138.896,0.11647
2136.967,0.11646
2135.038,0.11652
2133.110,0.11658
2131.181,0.11663
2129.252,0.11671
2127.324,0.11679
2125.395,0.11683
2123.466,0.11684
2121.538,0.11690
2119.609,0.11696
2117.680,0.11701
2115.752,0.11719
2113.823,0.11755
2111.894,0.11795
2109.966,0.11830
2108.037,0.11857
2106.108,0.11862
2104.180,0.11835
2102.251,0.11799
2100.322,0.11783
2098.394,0.11784
2096.465,0.11789
2094.536,0.11801
2092.608,0.11816
2090.679,0.11819
2088.750,0.11811
2086.822,0.11803
2084.893,0.11797
2082.964,0.11790
2081.036,0.11795
2079.107,0.11816
2077.178,0.11839
2075.250,0.11859
2073.321,0.11884
2071.392,0.11912
2069.464,0.11931
2067.535,0.11952
2065.606,0.11985
2063.678,0.12023
2061.749,0.12057
2059.820,0.12097
2057.892,0.12144
2055.963,0.12187
2054.034,0.12229
2052.106,0.12282
2050.177,0.12343
2048.248,0.12395
2046.320,0.12446
2044.391,0.12505
2042.462,0.12559
2040.534,0.12604
2038.605,0.12657
2036.676,0.12723
2034.748,0.12790
2032.819,0.12864
2030.890,0.12952
2028.962,0.13038
2027.033,0.13096
2025.104,0.13134
2023.176,0.13156
2021.247,0.13136
2019.318,0.13073
2017.390,0.13013
2015.461,0.12982
2013.532,0.12971
2011.603,0.12985
2009.675,0.13038
2007.746,0.13113
2005.817,0.13189
2003.889,0.13276
2001.960,0.13374
2000.031,0.13457
1998.103,0.13508
1996.174,0.13546
1994.245,0.13576
1992.317,0.13583
1990.388,0.13568
1988.459,0.13552
1986.531,0.13538
1984.602,0.13529
1982.673,0.13546
1980.745,0.13589
1978.816,0.13626
1976.887,0.13642
1974.959,0.13656
1973.030,0.13667
1971.101,0.13665
1969.173,0.13666
1967.244,0.13688
1965.315,0.13722
1963.387,0.13755
1961.458,0.13800
1959.529,0.13861
1957.601,0.13919
1955.672,0.13978
1953.743,0.14056
1951.815,0.14144
1949.886,0.14222
1947.957,0.14302
1946.029,0.14399
1944.100,0.14494
1942.171,0.14577
1940.243,0.14668
1938.314,0.14772
1936.385,0.14871
1934.457,0.14972
1932.528,0.15094
1930.599,0.15216
1928.671,0.15309
1926.742,0.15384
1924.813,0.15471
1922.885,0.15570
1920.956,0.15672
1919.027,0.15789
1917.099,0.15904
1915.170,0.15989
1913.241,0.16051
1911.313,0.16117
1909.384,0.16173
1907.455,0.16207
1905.527,0.16248
1903.598,0.16326
1901.669,0.16429
1899.741,0.16553
1897.812,0.16704
1895.883,0.16849
1893.955,0.16934
1892.026,0.16954
1890.097,0.16934
1888.169,0.16868
1886.240,0.16766
1884.311,0.16704
1882.383,0.16729
1880.454,0.16808
1878.525,0.16907
1876.597,0.17019
1874.668,0.17119
1872.739,0.17190
1870.811,0.17275
1868.882,0.17416
1866.953,0.17595
1865.025,0.17782
1863.096,0.17970
1861.167,0.18120
1859.239,0.18163
1857.310,0.18112
1855.381,0.18071
1853.452,0.18096
1851.524,0.18169
1849.595,0.18285
1847.666,0.18444
1845.738,0.18609
1843.809,0.18753
1841.880,0.18896
1839.952,0.19042
1838.023,0.19171
1836.094,0.19291
1834.166,0.19426
1832.237,0.19563
1830.308,0.19689
1828.380,0.19829
1826.451,0.19996
1824.522,0.20167
1822.594,0.20341
1820.665,0.20547
1818.736,0.20775
1816.808,0.20999
1814.879,0.21235
1812.950,0.21496
1811.022,0.21750
1809.093,0.21977
1807.164,0.22199
1805.236,0.22419
1803.307,0.22625
1801.378,0.22843
1799.450,0.23096
1797.521,0.23361
1795.592,0.23621
1793.664,0.23900
1791.735,0.24199
1789.806,0.24485
1787.878,0.24763
1785.949,0.25064
1784.020,0.25375
1782.092,0.25675
1780.163,0.25985
1778.234,0.26324
1776.306,0.26680
1774.377,0.27055
1772.448,0.27478
1770.520,0.27944
1768.591,0.28426
1766.662,0.28937
1764.734,0.29496
1762.805,0.30073
1760.876,0.30648
1758.948,0.31257
1757.019,0.31914
1755.090,0.32586
1753.162,0.33276
1751.233,0.33994
1749.304,0.34696
1747.376,0.35337
1745.447,0.35929
1743.518,0.36476
1741.590,0.36948
1739.661,0.37340
1737.732,0.37692
1735.804,0.38037
1733.875,0.38385
1731.946,0.38759
1730.018,0.39179
1728.089,0.39619
1726.160,0.40090
1724.232,0.40648
1722.303,0.41309
1720.374,0.42047
1718.446,0.42861
1716.517,0.43758
1714.588,0.44714
1712.660,0.45720
1710.731,0.46814
1708.802,0.48013
1706.874,0.49298
1704.945,0.50672
1703.016,0.52160
1701.088,0.53738
1699.159,0.55374
1697.230,0.57097
1695.302,0.58954
1693.373,0.60964
1691.444,0.63197
1689.515,0.65741
1687.587,0.68625
1685.658,0.71873
1683.729,0.75547
1681.801,0.79751
1679.872,0.84663
1677.943,0.90468
1676.015,0.97278
1674.086,1.05386
1672.157,1.15560
1670.229,1.28772
1668.300,1.45738
1666.371,1.66829
1664.443,1.91711
1662.514,2.17550
1660.585,2.37044
1658.657,2.44794
1656.728,2.46082
1654.799,2.47627
1652.871,2.51644
1650.942,2.59493
1649.013,2.72143
1647.085,2.86267
1645.156,2.87190
1643.227,2.61552
1641.299,2.25059
1639.370,1.92172
1637.441,1.66006
1635.513,1.45734
1633.584,1.29941
1631.655,1.17346
1629.727,1.06898
1627.798,0.97911
1625.869,0.90087
1623.941,0.83297
1622.012,0.77343
1620.083,0.72037
1618.155,0.67304
1616.226,0.63131
1614.297,0.59576
1612.369,0.57001
1610.440,0.55551
1608.511,0.54069
1606.583,0.51292
1604.654,0.47803
1602.725,0.44709
1600.797,0.42198
1598.868,0.40059
1596.939,0.38177
1595.011,0.36518
1593.082,0.35038
1591.153,0.33671
1589.225,0.32387
1587.296,0.31174
1585.367,0.30008
1583.439,0.28899
1581.510,0.27907
1579.581,0.27042
1577.653,0.26254
1575.724,0.25521
1573.795,0.24848
1571.867,0.24197
1569.938,0.23529
1568.009,0.22871
1566.081,0.22258
1564.152,0.21688
1562.223,0.21192
1560.295,0.20807
1558.366,0.20499
1556.437,0.20220
1554.509,0.19986
1552.580,0.19796
1550.651,0.19593
1548.723,0.19345
1546.794,0.19074
1544.865,0.18756
1542.937,0.18338
1541.008,0.17822
1539.079,0.17237
1537.151,0.16599
1535.222,0.15963
1533.293,0.15402
1531.364,0.14929
1529.436,0.14499
1527.507,0.14106
1525.578,0.13767
1523.650,0.13461
1521.721,0.13165
1519.792,0.12917
1517.864,0.12764
1515.935,0.12745
1514.006,0.12980
1512.078,0.13571
1510.149,0.14258
1508.220,0.14437
1506.292,0.13835
1504.363,0.12865
1502.434,0.12023
1500.506,0.11446
1498.577,0.11084
1496.648,0.10875
1494.720,0.10799
1492.791,0.10912
1490.862,0.11294
1488.934,0.12032
1487.005,0.13385
1485.076,0.15929
1483.148,0.20449
1481.219,0.27431
1479.290,0.36166
1477.362,0.44631
1475.433,0.50865
1473.504,0.53096
1471.576,0.50440
1469.647,0.45364
1467.718,0.40629
1465.790,0.36651
1463.861,0.32445
1461.932,0.27117
1460.004,0.21741
1458.075,0.18088
1456.146,0.16227
1454.218,0.15187
1452.289,0.14400
1450.360,0.13772
1448.432,0.13278
1446.503,0.12847
1444.574,0.12454
1442.646,0.12129
1440.717,0.11869
1438.788,0.11657
1436.860,0.11510
1434.931,0.11440
1433.002,0.11428
1431.074,0.11494
1429.145,0.11680
1427.216,0.11983
1425.288,0.12382
1423.359,0.12884
1421.430,0.13479
1419.502,0.14110
1417.573,0.14747
1415.644,0.15421
1413.716,0.16164
1411.787,0.17022
1409.858,0.18101
1407.930,0.19510
1406.001,0.21339
1404.072,0.23741
1402.144,0.26852
1400.215,0.30468
1398.286,0.33727
1396.358,0.35287
1394.429,0.34417
1392.500,0.32108
1390.572,0.30264
1388.643,0.29685
1386.714,0.29218
1384.786,0.27123
1382.857,0.23445
1380.928,0.19789
1379.000,0.17169
1377.071,0.15541
1375.142,0.14592
1373.214,0.14142
1371.285,0.14043
1369.356,0.14162
1367.427,0.14412
1365.499,0.14720
1363.570,0.15055
1361.641,0.15459
1359.713,0.15948
1357.784,0.16485
1355.855,0.17048
1353.927,0.17646
1351.998,0.18254
1350.069,0.18853
1348.141,0.19488
1346.212,0.20201
1344.283,0.20993
1342.355,0.21882
1340.426,0.22898
1338.497,0.24020
1336.569,0.25221
1334.640,0.26534
1332.711,0.27997
1330.783,0.29599
1328.854,0.31326
1326.925,0.33176
1324.997,0.35171
1323.068,0.37403
1321.139,0.40025
1319.211,0.43170
1317.282,0.46981
1315.353,0.51760
1313.425,0.58068
1311.496,0.66648
1309.567,0.77887
1307.639,0.89639
1305.710,0.94185
1303.781,0.86548
1301.853,0.75362
1299.924,0.69171
1297.995,0.70028
1296.067,0.77157
1294.138,0.89791
1292.209,1.08400
1290.281,1.34385
1288.352,1.68443
1286.423,2.04140
1284.495,2.05929
1282.566,1.71645
1280.637,1.43980
1278.709,1.32779
1276.780,1.37917
1274.851,1.57362
1272.923,1.84900
1270.994,1.98762
1269.065,1.77308
1267.137,1.45597
1265.208,1.20002
1263.279,1.01088
1261.351,0.87188
1259.422,0.77181
1257.493,0.69645
1255.565,0.63009
1253.636,0.56868
1251.707,0.51629
1249.779,0.47377
1247.850,0.43889
1245.921,0.40961
1243.993,0.38437
1242.064,0.36214
1240.135,0.34215
1238.207,0.32354
1236.278,0.30602
1234.349,0.29009
1232.421,0.27591
1230.492,0.26293
1228.563,0.25105
1226.635,0.24054
1224.706,0.23102
1222.777,0.22198
1220.849,0.21377
1218.920,0.20660
1216.991,0.19984
1215.063,0.19334
1213.134,0.18756
1211.205,0.18222
1209.277,0.17687
1207.348,0.17198
1205.419,0.16780
1203.490,0.16366
1201.562,0.15987
1199.633,0.15831
1197.704,0.16019
1195.776,0.16464
1193.847,0.16877
1191.918,0.16873
1189.990,0.16262
1188.061,0.15270
1186.132,0.14287
1184.204,0.13476
1182.275,0.12790
1180.346,0.12243
1178.418,0.11899
1176.489,0.11693
1174.560,0.11550
1172.632,0.11507
1170.703,0.11533
1168.774,0.11497
1166.846,0.11408
1164.917,0.11391
1162.988,0.11442
1161.060,0.11489
1159.131,0.11531
1157.202,0.11462
1155.274,0.11065
1153.345,0.10393
1151.416,0.09760
1149.488,0.09308
1147.559,0.08959
1145.630,0.08704
1143.702,0.08580
1141.773,0.08499
1139.844,0.08407
1137.916,0.08383
1135.987,0.08424
1134.058,0.08414
1132.130,0.08352
1130.201,0.08325
1128.272,0.08284
1126.344,0.08158
1124.415,0.08030
1122.486,0.07967
1120.558,0.07902
1118.629,0.07835
1116.700,0.07839
1114.772,0.07845
1112.843,0.07757
1110.914,0.07660
1108.986,0.07639
1107.057,0.07615
1105.128,0.07570
1103.200,0.07600
1101.271,0.07688
1099.342,0.07737
1097.414,0.07795
1095.485,0.07925
1093.556,0.08048
1091.628,0.08125
1089.699,0.08265
1087.770,0.08484
1085.842,0.08691
1083.913,0.08921
1081.984,0.09250
1080.056,0.09597
1078.127,0.09890
1076.198,0.10212
1074.270,0.10595
1072.341,0.10970
1070.412,0.11382
1068.484,0.11933
1066.555,0.12571
1064.626,0.13237
1062.698,0.14018
1060.769,0.14971
1058.840,0.16044
1056.912,0.17280
1054.983,0.18811
1053.054,0.20677
1051.126,0.22925
1049.197,0.25782
1047.268,0.29580
1045.339,0.34725
1043.411,0.41852
1041.482,0.51477
1039.553,0.62178
1037.625,0.68022
1035.696,0.63469
1033.767,0.52938
1031.839,0.43110
1029.910,0.35986
1027.981,0.31093
1026.053,0.27684
1024.124,0.25296
1022.195,0.23768
1020.267,0.23129
1018.338,0.23398
1016.409,0.24613
1014.481,0.27018
1012.552,0.31108
1010.623,0.37674
1008.695,0.47871
1006.766,0.62341
1004.837,0.78749
1002.909,0.89808
1000.980,0.88868
999.051,0.78193
997.123,0.64207
995.194,0.51166
993.265,0.40608
991.337,0.32672
989.408,0.27011
987.479,0.23091
985.551,0.20330
983.622,0.18251
981.693,0.16591
979.765,0.15253
977.836,0.14183
975.907,0.13281
973.979,0.12496
972.050,0.11907
970.121,0.11562
968.193,0.11394
966.264,0.11405
964.335,0.11682
962.407,0.12211
960.478,0.12952
958.549,0.13976
956.621,0.15350
954.692,0.17038
952.763,0.19049
950.835,0.21460
948.906,0.24296
946.977,0.27621
945.049,0.31587
943.120,0.36009
941.191,0.39788
939.263,0.41248
937.334,0.39701
935.405,0.36215
933.477,0.32359
931.548,0.28975
929.619,0.26195
927.691,0.23938
925.762,0.22232
923.833,0.21205
921.905,0.20877
919.976,0.21123
918.047,0.21813
916.119,0.22879
914.190,0.24264
912.261,0.25948
910.333,0.27965
908.404,0.30309
906.475,0.32876
904.547,0.35516
902.618,0.38018
900.689,0.40096
898.761,0.41558
896.832,0.42475
894.903,0.43134
892.975,0.43885
891.046,0.45031
889.117,0.46773
887.189,0.49255
885.260,0.52670
883.331,0.57313
881.402,0.63551
879.474,0.71835
877.545,0.82681
875.616,0.96499
873.688,1.13104
871.759,1.30488
869.830,1.42884
867.902,1.43552
865.973,1.35395
864.044,1.27607
862.116,1.25231
860.187,1.28775
858.258,1.36453
856.330,1.45690
854.401,1.54109
852.472,1.60041
850.544,1.62701
848.615,1.61833
846.686,1.57097
844.758,1.48809
842.829,1.39229
840.900,1.31126
838.972,1.25024
837.043,1.18880
835.114,1.10792
833.186,1.01170
831.257,0.91516
829.328,0.82818
827.400,0.75371
825.471,0.69120
823.542,0.63947
821.614,0.59734
819.685,0.56288
817.756,0.53373
815.828,0.50803
813.899,0.48429
811.970,0.46126
810.042,0.43826
808.113,0.41556
806.184,0.39368
804.256,0.37298
802.327,0.35378
800.398,0.33613
798.470,0.31968
796.541,0.30426
794.612,0.29006
792.684,0.27704
790.755,0.26481
788.826,0.25329
786.898,0.24265
784.969,0.23275
783.040,0.22332
781.112,0.21466
779.183,0.20709
777.254,0.20060
775.326,0.19562
773.397,0.19321
771.468,0.19426
769.540,0.19939
767.611,0.20954
765.682,0.22618
763.754,0.25291
761.825,0.29961
759.896,0.38614
757.968,0.53679
756.039,0.73522
754.110,0.81483
752.182,0.69105
750.253,0.57528
748.324,0.54836
746.396,0.56441
744.467,0.55541
742.538,0.50796
740.610,0.44985
738.681,0.39916
736.752,0.35986
734.824,0.33264
732.895,0.31865
730.966,0.31109
729.038,0.29484
727.109,0.26810
725.180,0.24527
723.251,0.23752
721.323,0.24338
719.394,0.24569
717.465,0.23136
715.537,0.21438
713.608,0.21476
711.679,0.24205
709.751,0.30578
707.822,0.41796
705.893,0.57214
703.965,0.70109
702.036,0.70483
700.107,0.61077
698.179,0.50805
696.250,0.42920
694.321,0.37331
692.393,0.33376
690.464,0.30568
688.535,0.28536
686.607,0.26967
684.678,0.25689
682.749,0.24626
680.821,0.23664
678.892,0.22745
676.963,0.21914
675.035,0.21179
673.106,0.20484
671.177,0.19847
669.249,0.19320
667.320,0.18828
665.391,0.18313
663.463,0.17849
661.534,0.17461
659.605,0.17070
657.677,0.16674
655.748,0.16337
653.819,0.16003
651.891,0.15610
649.962,0.15233
648.033,0.14909
646.105,0.14548
644.176,0.14144
642.247,0.13788
640.319,0.13450
638.390,0.13076
636.461,0.12747
634.533,0.12564
632.604,0.12654
630.675,0.13610
628.747,0.16945
626.818,0.24508
624.889,0.35342
622.961,0.42576
621.032,0.42125
619.103,0.38972
617.175,0.34822
615.246,0.29155
613.317,0.24137
611.389,0.20985
609.460,0.19130
607.531,0.17956
605.603,0.17112
603.674,0.16422
601.745,0.15888
599.817,0.15479
597.888,0.15079
595.959,0.14686
594.031,0.14380
592.102,0.14122
590.173,0.13840
588.245,0.13592
586.316,0.13411
584.387,0.13208
582.459,0.12987
580.530,0.12838
578.601,0.12719
576.673,0.12555
574.744,0.12404
572.815,0.12304
570.887,0.12179
568.958,0.12034
567.029,0.11947
565.101,0.11872
563.172,0.11744
561.243,0.11629
559.314,0.11559
557.386,0.11453
555.457,0.11320
553.528,0.11244
551.600,0.11189
549.671,0.11087
547.742,0.10987
545.814,0.10929
543.885,0.10862
541.956,0.10783
540.028,0.10747
538.099,0.10725
536.170,0.10657
534.242,0.10573
532.313,0.10510
530.384,0.10428
528.456,0.10337
526.527,0.10296
524.598,0.10261
522.670,0.10179
520.741,0.10111
518.812,0.10096
516.884,0.10068
514.955,0.10018
513.026,0.09990
511.098,0.09957
509.169,0.09882
507.240,0.09818
505.312,0.09787
503.383,0.09730
501.454,0.09670
499.526,0.09664
497.597,0.09645
495.668,0.09562
493.740,0.09494
491.811,0.09475
489.882,0.09451
487.954,0.09437
486.025,0.09457
484.096,0.09460
482.168,0.09446
480.239,0.09483
478.310,0.09550
476.382,0.09564
474.453,0.09567
472.524,0.09637
470.596,0.09752
468.667,0.09933
466.738,0.10356
464.810,0.11233
462.881,0.12722
460.952,0.14594
459.024,0.15797
457.095,0.15349
455.166,0.13735
453.238,0.12162
451.309,0.11125
449.380,0.10491
447.452,0.10106
445.523,0.09892
443.594,0.09740
441.666,0.09592
439.737,0.09501
437.808,0.09491
435.880,0.09506
433.951,0.09531
432.022,0.09585
430.094,0.09633
428.165,0.09664
426.236,0.09756
424.308,0.09929
422.379,0.10096
420.450,0.10213
418.522,0.10340
416.593,0.10470
414.664,0.10541
412.736,0.10686
410.807,0.11077
408.878,0.11694
406.950,0.12529
405.021,0.13594
403.092,0.14989
401.163,0.16762
399.235,0.18413
