7600.891,0.39368
7598.962,0.39381
7597.034,0.39421
7595.105,0.39422
7593.176,0.39378
7591.248,0.39341
7589.319,0.39333
7587.390,0.39327
7585.462,0.39312
7583.533,0.39304
7581.604,0.39309
7579.676,0.39315
7577.747,0.39300
7575.818,0.39254
7573.890,0.39222
7571.961,0.39233
7570.032,0.39250
7568.104,0.39239
7566.175,0.39217
7564.246,0.39205
7562.318,0.39205
7560.389,0.39207
7558.460,0.39186
7556.532,0.39137
7554.603,0.39105
7552.674,0.39122
7550.746,0.39146
7548.817,0.39124
7546.888,0.39077
7544.960,0.39063
7543.031,0.39073
7541.102,0.39070
7539.174,0.39056
7537.245,0.39044
7535.316,0.39026
7533.388,0.39001
7531.459,0.38986
7529.530,0.38987
7527.602,0.38982
7525.673,0.38957
7523.744,0.38928
7521.816,0.38904
7519.887,0.38886
7517.958,0.38879
7516.030,0.38883
7514.101,0.38893
7512.172,0.38888
7510.244,0.38865
7508.315,0.38851
7506.386,0.38837
7504.458,0.38789
7502.529,0.38728
7500.600,0.38713
7498.672,0.38738
7496.743,0.38757
7494.814,0.38754
7492.885,0.38735
7490.957,0.38719
7489.028,0.38720
7487.099,0.38715
7485.171,0.38674
7483.242,0.38624
7481.313,0.38600
7479.385,0.38601
7477.456,0.38610
7475.527,0.38613
7473.599,0.38593
7471.670,0.38560
7469.741,0.38530
7467.813,0.38518
7465.884,0.38529
7463.955,0.38534
7462.027,0.38511
7460.098,0.38482
7458.169,0.38450
7456.241,0.38411
7454.312,0.38388
7452.383,0.38384
7450.455,0.38363
7448.526,0.38330
7446.597,0.38316
7444.669,0.38319
7442.740,0.38329
7440.811,0.38338
7438.883,0.38345
7436.954,0.38341
7435.025,0.38311
7433.097,0.38280
7431.168,0.38273
7429.239,0.38277
7427.311,0.38265
7425.382,0.38242
7423.453,0.38217
7421.525,0.38198
7419.596,0.38188
7417.667,0.38177
7415.739,0.38158
7413.810,0.38138
7411.881,0.38121
7409.953,0.38112
7408.024,0.38112
7406.095,0.38102
7404.167,0.38075
7402.238,0.38059
7400.309,0.38066
7398.381,0.38068
7396.452,0.38044
7394.523,0.38012
7392.595,0.37987
7390.666,0.37975
7388.737,0.37972
7386.809,0.37970
7384.880,0.37966
7382.951,0.37959
7381.023,0.37940
7379.094,0.37908
7377.165,0.37878
7375.237,0.37865
7373.308,0.37859
7371.379,0.37846
7369.451,0.37828
7367.522,0.37819
7365.593,0.37828
7363.665,0.37838
7361.736,0.37826
7359.807,0.37799
7357.879,0.37775
7355.950,0.37762
7354.021,0.37750
7352.093,0.37719
7350.164,0.37682
7348.235,0.37661
7346.307,0.37659
7344.378,0.37664
7342.449,0.37661
7340.521,0.37645
7338.592,0.37630
7336.663,0.37633
7334.734,0.37635
7332.806,0.37624
7330.877,0.37613
7328.948,0.37596
7327.020,0.37552
7325.091,0.37508
7323.162,0.37494
7321.234,0.37496
7319.305,0.37501
7317.376,0.37510
7315.448,0.37506
7313.519,0.37493
7311.590,0.37492
7309.662,0.37494
7307.733,0.37484
7305.804,0.37463
7303.876,0.37440
7301.947,0.37423
7300.018,0.37411
7298.090,0.37396
7296.161,0.37372
7294.232,0.37357
7292.304,0.37362
7290.375,0.37356
7288.446,0.37331
7286.518,0.37309
7284.589,0.37285
7282.660,0.37262
7280.732,0.37250
7278.803,0.37236
7276.874,0.37204
7274.946,0.37165
7273.017,0.37140
7271.088,0.37132
7269.160,0.37126
7267.231,0.37120
7265.302,0.37125
7263.374,0.37132
7261.445,0.37115
7259.516,0.37094
7257.588,0.37099
7255.659,0.37106
7253.730,0.37080
7251.802,0.37032
7249.873,0.36994
7247.944,0.36982
7246.016,0.36984
7244.087,0.36978
7242.158,0.36965
7240.230,0.36953
7238.301,0.36934
7236.372,0.36911
7234.444,0.36903
7232.515,0.36912
7230.586,0.36920
7228.658,0.36922
7226.729,0.36923
7224.800,0.36926
7222.872,0.36919
7220.943,0.36897
7219.014,0.36862
7217.086,0.36825
7215.157,0.36807
7213.228,0.36803
7211.300,0.36798
7209.371,0.36799
7207.442,0.36798
7205.514,0.36780
7203.585,0.36747
7201.656,0.36708
7199.728,0.36679
7197.799,0.36677
7195.870,0.36680
7193.942,0.36665
7192.013,0.36647
7190.084,0.36636
7188.156,0.36628
7186.227,0.36625
7184.298,0.36624
7182.370,0.36605
7180.441,0.36562
7178.512,0.36513
7176.584,0.36483
7174.655,0.36480
7172.726,0.36485
7170.797,0.36489
7168.869,0.36493
7166.940,0.36485
7165.011,0.36461
7163.083,0.36439
7161.154,0.36439
7159.225,0.36449
7157.297,0.36442
7155.368,0.36416
7153.439,0.36389
7151.511,0.36368
7149.582,0.36351
7147.653,0.36329
7145.725,0.36305
7143.796,0.36289
7141.867,0.36284
7139.939,0.36281
7138.010,0.36274
7136.081,0.36276
7134.153,0.36286
7132.224,0.36277
7130.295,0.36253
7128.367,0.36233
7126.438,0.36213
7124.509,0.36193
7122.581,0.36178
7120.652,0.36173
7118.723,0.36172
7116.795,0.36155
7114.866,0.36134
7112.937,0.36131
7111.009,0.36147
7109.080,0.36148
7107.151,0.36113
7105.223,0.36065
7103.294,0.36035
7101.365,0.36023
7099.437,0.36016
7097.508,0.36013
7095.579,0.36003
7093.651,0.35976
7091.722,0.35950
7089.793,0.35939
7087.865,0.35931
7085.936,0.35915
7084.007,0.35909
7082.079,0.35920
7080.150,0.35928
7078.221,0.35914
7076.293,0.35885
7074.364,0.35860
7072.435,0.35850
7070.507,0.35849
7068.578,0.35838
7066.649,0.35822
7064.721,0.35809
7062.792,0.35798
7060.863,0.35786
7058.935,0.35775
7057.006,0.35764
7055.077,0.35749
7053.149,0.35726
7051.220,0.35699
7049.291,0.35678
7047.363,0.35664
7045.434,0.35659
7043.505,0.35673
7041.577,0.35689
7039.648,0.35687
7037.719,0.35674
7035.791,0.35661
7033.862,0.35637
7031.933,0.35602
7030.005,0.35569
7028.076,0.35550
7026.147,0.35548
7024.219,0.35555
7022.290,0.35552
7020.361,0.35534
7018.433,0.35514
7016.504,0.35502
7014.575,0.35493
7012.646,0.35480
7010.718,0.35466
7008.789,0.35450
7006.860,0.35436
7004.932,0.35431
7003.003,0.35426
7001.074,0.35413
6999.146,0.35390
6997.217,0.35364
6995.288,0.35344
6993.360,0.35337
6991.431,0.35334
6989.502,0.35322
6987.574,0.35309
6985.645,0.35303
6983.716,0.35298
6981.788,0.35295
6979.859,0.35288
6977.930,0.35262
6976.002,0.35232
6974.073,0.35218
6972.144,0.35212
6970.216,0.35206
6968.287,0.35210
6966.358,0.35217
6964.430,0.35210
6962.501,0.35187
6960.572,0.35159
6958.644,0.35137
6956.715,0.35116
6954.786,0.35096
6952.858,0.35081
6950.929,0.35066
6949.000,0.35044
6947.072,0.35025
6945.143,0.35011
6943.214,0.34993
6941.286,0.34980
6939.357,0.34979
6937.428,0.34978
6935.500,0.34971
6933.571,0.34963
6931.642,0.34959
6929.714,0.34951
6927.785,0.34930
6925.856,0.34907
6923.928,0.34898
6921.999,0.34893
6920.070,0.34872
6918.142,0.34850
6916.213,0.34847
6914.284,0.34852
6912.356,0.34840
6910.427,0.34815
6908.498,0.34787
6906.570,0.34766
6904.641,0.34756
6902.712,0.34751
6900.784,0.34739
6898.855,0.34721
6896.926,0.34700
6894.998,0.34684
6893.069,0.34680
6891.140,0.34673
6889.212,0.34656
6887.283,0.34644
6885.354,0.34642
6883.426,0.34634
6881.497,0.34615
6879.568,0.34590
6877.640,0.34570
6875.711,0.34557
6873.782,0.34543
6871.854,0.34532
6869.925,0.34525
6867.996,0.34508
6866.068,0.34480
6864.139,0.34455
6862.210,0.34442
6860.282,0.34435
6858.353,0.34423
6856.424,0.34408
6854.496,0.34393
6852.567,0.34378
6850.638,0.34364
6848.709,0.34359
6846.781,0.34359
6844.852,0.34355
6842.923,0.34334
6840.995,0.34298
6839.066,0.34266
6837.137,0.34260
6835.209,0.34269
6833.280,0.34263
6831.351,0.34236
6829.423,0.34211
6827.494,0.34195
6825.565,0.34177
6823.637,0.34162
6821.708,0.34151
6819.779,0.34139
6817.851,0.34125
6815.922,0.34105
6813.993,0.34089
6812.065,0.34086
6810.136,0.34080
6808.207,0.34066
6806.279,0.34051
6804.350,0.34027
6802.421,0.33995
6800.493,0.33973
6798.564,0.33964
6796.635,0.33951
6794.707,0.33937
6792.778,0.33929
6790.849,0.33921
6788.921,0.33904
6786.992,0.33885
6785.063,0.33873
6783.135,0.33864
6781.206,0.33853
6779.277,0.33842
6777.349,0.33832
6775.420,0.33818
6773.491,0.33797
6771.563,0.33780
6769.634,0.33772
6767.705,0.33763
6765.777,0.33748
6763.848,0.33729
6761.919,0.33714
6759.991,0.33707
6758.062,0.33696
6756.133,0.33673
6754.205,0.33649
6752.276,0.33636
6750.347,0.33626
6748.419,0.33617
6746.490,0.33609
6744.561,0.33598
6742.633,0.33589
6740.704,0.33571
6738.775,0.33546
6736.847,0.33532
6734.918,0.33526
6732.989,0.33519
6731.061,0.33512
6729.132,0.33501
6727.203,0.33482
6725.275,0.33460
6723.346,0.33436
6721.417,0.33419
6719.489,0.33414
6717.560,0.33411
6715.631,0.33404
6713.703,0.33397
6711.774,0.33384
6709.845,0.33365
6707.917,0.33349
6705.988,0.33334
6704.059,0.33319
6702.131,0.33302
6700.202,0.33284
6698.273,0.33271
6696.345,0.33269
6694.416,0.33267
6692.487,0.33250
6690.558,0.33223
6688.630,0.33205
6686.701,0.33197
6684.772,0.33197
6682.844,0.33200
6680.915,0.33193
6678.986,0.33176
6677.058,0.33157
6675.129,0.33133
6673.200,0.33111
6671.272,0.33098
6669.343,0.33088
6667.414,0.33081
6665.486,0.33076
6663.557,0.33066
6661.628,0.33048
6659.700,0.33029
6657.771,0.33012
6655.842,0.32999
6653.914,0.32991
6651.985,0.32994
6650.056,0.32998
6648.128,0.32987
6646.199,0.32964
6644.270,0.32947
6642.342,0.32932
6640.413,0.32910
6638.484,0.32885
6636.556,0.32867
6634.627,0.32857
6632.698,0.32848
6630.770,0.32838
6628.841,0.32824
6626.912,0.32808
6624.984,0.32797
6623.055,0.32792
6621.126,0.32792
6619.198,0.32791
6617.269,0.32779
6615.340,0.32756
6613.412,0.32732
6611.483,0.32710
6609.554,0.32696
6607.626,0.32690
6605.697,0.32684
6603.768,0.32680
6601.840,0.32673
6599.911,0.32661
6597.982,0.32643
6596.054,0.32620
6594.125,0.32599
6592.196,0.32582
6590.268,0.32570
6588.339,0.32566
6586.410,0.32563
6584.482,0.32549
6582.553,0.32522
6580.624,0.32498
6578.696,0.32490
6576.767,0.32484
6574.838,0.32474
6572.910,0.32465
6570.981,0.32452
6569.052,0.32435
6567.124,0.32425
6565.195,0.32426
6563.266,0.32426
6561.338,0.32418
6559.409,0.32410
6557.480,0.32413
6555.552,0.32420
6553.623,0.32418
6551.694,0.32406
6549.766,0.32392
6547.837,0.32382
6545.908,0.32372
6543.980,0.32352
6542.051,0.32319
6540.122,0.32282
6538.194,0.32255
6536.265,0.32236
6534.336,0.32205
6532.408,0.32168
6530.479,0.32141
6528.550,0.32127
6526.621,0.32113
6524.693,0.32095
6522.764,0.32078
6520.835,0.32061
6518.907,0.32041
6516.978,0.32024
6515.049,0.32015
6513.121,0.32009
6511.192,0.32000
6509.263,0.31988
6507.335,0.31972
6505.406,0.31954
6503.477,0.31938
6501.549,0.31925
6499.620,0.31913
6497.691,0.31898
6495.763,0.31872
6493.834,0.31841
6491.905,0.31818
6489.977,0.31808
6488.048,0.31806
6486.119,0.31801
6484.191,0.31789
6482.262,0.31775
6480.333,0.31764
6478.405,0.31750
6476.476,0.31736
6474.547,0.31729
6472.619,0.31719
6470.690,0.31696
6468.761,0.31673
6466.833,0.31665
6464.904,0.31663
6462.975,0.31654
6461.047,0.31642
6459.118,0.31631
6457.189,0.31613
6455.261,0.31597
6453.332,0.31594
6451.403,0.31593
6449.475,0.31579
6447.546,0.31557
6445.617,0.31537
6443.689,0.31525
6441.760,0.31512
6439.831,0.31496
6437.903,0.31483
6435.974,0.31473
6434.045,0.31459
6432.117,0.31442
6430.188,0.31423
6428.259,0.31401
6426.331,0.31386
6424.402,0.31384
6422.473,0.31387
6420.545,0.31386
6418.616,0.31372
6416.687,0.31352
6414.759,0.31333
6412.830,0.31316
6410.901,0.31307
6408.973,0.31301
6407.044,0.31284
6405.115,0.31261
6403.187,0.31243
6401.258,0.31231
6399.329,0.31221
6397.401,0.31215
6395.472,0.31205
6393.543,0.31188
6391.615,0.31174
6389.686,0.31161
6387.757,0.31140
6385.829,0.31117
6383.900,0.31105
6381.971,0.31104
6380.043,0.31103
6378.114,0.31097
6376.185,0.31087
6374.257,0.31072
6372.328,0.31057
6370.399,0.31042
6368.471,0.31023
6366.542,0.31002
6364.613,0.30984
6362.684,0.30967
6360.756,0.30956
6358.827,0.30955
6356.898,0.30956
6354.970,0.30953
6353.041,0.30946
6351.112,0.30935
6349.184,0.30919
6347.255,0.30898
6345.326,0.30877
6343.398,0.30859
6341.469,0.30847
6339.540,0.30836
6337.612,0.30821
6335.683,0.30809
6333.754,0.30800
6331.826,0.30787
6329.897,0.30769
6327.968,0.30753
6326.040,0.30745
6324.111,0.30735
6322.182,0.30717
6320.254,0.30700
6318.325,0.30691
6316.396,0.30685
6314.468,0.30672
6312.539,0.30654
6310.610,0.30642
6308.682,0.30636
6306.753,0.30624
6304.824,0.30608
6302.896,0.30589
6300.967,0.30572
6299.038,0.30562
6297.110,0.30559
6295.181,0.30557
6293.252,0.30549
6291.324,0.30531
6289.395,0.30510
6287.466,0.30488
6285.538,0.30472
6283.609,0.30464
6281.680,0.30458
6279.752,0.30450
6277.823,0.30441
6275.894,0.30427
6273.966,0.30409
6272.037,0.30390
6270.108,0.30377
6268.180,0.30379
6266.251,0.30382
6264.322,0.30371
6262.394,0.30350
6260.465,0.30328
6258.536,0.30305
6256.608,0.30285
6254.679,0.30273
6252.750,0.30269
6250.822,0.30264
6248.893,0.30252
6246.964,0.30235
6245.036,0.30216
6243.107,0.30201
6241.178,0.30196
6239.250,0.30193
6237.321,0.30181
6235.392,0.30165
6233.464,0.30151
6231.535,0.30136
6229.606,0.30120
6227.678,0.30106
6225.749,0.30098
6223.820,0.30092
6221.892,0.30082
6219.963,0.30064
6218.034,0.30040
6216.106,0.30020
6214.177,0.30010
6212.248,0.30006
6210.320,0.30000
6208.391,0.29986
6206.462,0.29968
6204.533,0.29950
6202.605,0.29936
6200.676,0.29924
6198.747,0.29913
6196.819,0.29902
6194.890,0.29888
6192.961,0.29877
6191.033,0.29869
6189.104,0.29856
6187.175,0.29842
6185.247,0.29830
6183.318,0.29824
6181.389,0.29819
6179.461,0.29806
6177.532,0.29787
6175.603,0.29771
6173.675,0.29757
6171.746,0.29740
6169.817,0.29729
6167.889,0.29723
6165.960,0.29717
6164.031,0.29704
6162.103,0.29687
6160.174,0.29672
6158.245,0.29660
6156.317,0.29646
6154.388,0.29631
6152.459,0.29622
6150.531,0.29616
6148.602,0.29610
6146.673,0.29601
6144.745,0.29589
6142.816,0.29578
6140.887,0.29568
6138.959,0.29558
6137.030,0.29543
6135.101,0.29528
6133.173,0.29520
6131.244,0.29517
6129.315,0.29515
6127.387,0.29508
6125.458,0.29499
6123.529,0.29488
6121.601,0.29470
6119.672,0.29446
6117.743,0.29428
6115.815,0.29418
6113.886,0.29411
6111.957,0.29408
6110.029,0.29403
6108.100,0.29389
6106.171,0.29369
6104.243,0.29350
6102.314,0.29333
6100.385,0.29321
6098.457,0.29318
6096.528,0.29315
6094.599,0.29300
6092.671,0.29276
6090.742,0.29258
6088.813,0.29248
6086.885,0.29243
6084.956,0.29237
6083.027,0.29232
6081.099,0.29225
6079.170,0.29208
6077.241,0.29191
6075.313,0.29188
6073.384,0.29192
6071.455,0.29187
6069.527,0.29176
6067.598,0.29163
6065.669,0.29157
6063.741,0.29157
6061.812,0.29165
6059.883,0.29178
6057.955,0.29194
6056.026,0.29210
6054.097,0.29227
6052.169,0.29247
6050.240,0.29268
6048.311,0.29276
6046.383,0.29262
6044.454,0.29229
6042.525,0.29187
6040.596,0.29139
6038.668,0.29086
6036.739,0.29039
6034.810,0.29004
6032.882,0.28976
6030.953,0.28953
6029.024,0.28933
6027.096,0.28916
6025.167,0.28902
6023.238,0.28893
6021.310,0.28889
6019.381,0.28891
6017.452,0.28903
6015.524,0.28920
6013.595,0.28924
6011.666,0.28910
6009.738,0.28884
6007.809,0.28852
6005.880,0.28825
6003.952,0.28805
6002.023,0.28789
6000.094,0.28774
5998.166,0.28758
5996.237,0.28741
5994.308,0.28730
5992.380,0.28728
5990.451,0.28733
5988.522,0.28738
5986.594,0.28739
5984.665,0.28741
5982.736,0.28747
5980.808,0.28762
5978.879,0.28785
5976.950,0.28812
5975.022,0.28843
5973.093,0.28875
5971.164,0.28889
5969.236,0.28875
5967.307,0.28838
5965.378,0.28785
5963.450,0.28732
5961.521,0.28691
5959.592,0.28659
5957.664,0.28627
5955.735,0.28599
5953.806,0.28576
5951.878,0.28560
5949.949,0.28550
5948.020,0.28548
5946.092,0.28545
5944.163,0.28540
5942.234,0.28537
5940.306,0.28536
5938.377,0.28530
5936.448,0.28525
5934.520,0.28524
5932.591,0.28524
5930.662,0.28528
5928.734,0.28537
5926.805,0.28542
5924.876,0.28539
5922.948,0.28535
5921.019,0.28534
5919.090,0.28537
5917.162,0.28544
5915.233,0.28548
5913.304,0.28540
5911.376,0.28517
5909.447,0.28494
5907.518,0.28478
5905.590,0.28462
5903.661,0.28439
5901.732,0.28415
5899.804,0.28398
5897.875,0.28384
5895.946,0.28377
5894.018,0.28376
5892.089,0.28379
5890.160,0.28383
5888.232,0.28389
5886.303,0.28395
5884.374,0.28406
5882.445,0.28420
5880.517,0.28428
5878.588,0.28429
5876.659,0.28431
5874.731,0.28437
5872.802,0.28442
5870.873,0.28444
5868.945,0.28445
5867.016,0.28447
5865.087,0.28456
5863.159,0.28475
5861.230,0.28489
5859.301,0.28494
5857.373,0.28498
5855.444,0.28503
5853.515,0.28508
5851.587,0.28515
5849.658,0.28520
5847.729,0.28517
5845.801,0.28508
5843.872,0.28505
5841.943,0.28504
5840.015,0.28491
5838.086,0.28476
5836.157,0.28464
5834.229,0.28450
5832.300,0.28425
5830.371,0.28393
5828.443,0.28361
5826.514,0.28328
5824.585,0.28296
5822.657,0.28269
5820.728,0.28246
5818.799,0.28221
5816.871,0.28192
5814.942,0.28164
5813.013,0.28139
5811.085,0.28114
5809.156,0.28093
5807.227,0.28080
5805.299,0.28067
5803.370,0.28046
5801.441,0.28022
5799.513,0.27993
5797.584,0.27958
5795.655,0.27925
5793.727,0.27901
5791.798,0.27880
5789.869,0.27855
5787.941,0.27827
5786.012,0.27801
5784.083,0.27777
5782.155,0.27757
5780.226,0.27738
5778.297,0.27718
5776.369,0.27692
5774.440,0.27663
5772.511,0.27633
5770.583,0.27598
5768.654,0.27559
5766.725,0.27520
5764.797,0.27482
5762.868,0.27445
5760.939,0.27409
5759.011,0.27381
5757.082,0.27360
5755.153,0.27345
5753.225,0.27329
5751.296,0.27312
5749.367,0.27299
5747.439,0.27286
5745.510,0.27265
5743.581,0.27238
5741.653,0.27218
5739.724,0.27209
5737.795,0.27202
5735.867,0.27189
5733.938,0.27172
5732.009,0.27161
5730.081,0.27156
5728.152,0.27154
5726.223,0.27156
5724.295,0.27164
5722.366,0.27177
5720.437,0.27195
5718.508,0.27212
5716.580,0.27225
5714.651,0.27237
5712.722,0.27253
5710.794,0.27274
5708.865,0.27301
5706.936,0.27332
5705.008,0.27366
5703.079,0.27397
5701.150,0.27417
5699.222,0.27421
5697.293,0.27405
5695.364,0.27362
5693.436,0.27298
5691.507,0.27226
5689.578,0.27154
5687.650,0.27087
5685.721,0.27026
5683.792,0.26967
5681.864,0.26914
5679.935,0.26874
5678.006,0.26843
5676.078,0.26813
5674.149,0.26782
5672.220,0.26752
5670.292,0.26722
5668.363,0.26693
5666.434,0.26666
5664.506,0.26642
5662.577,0.26618
5660.648,0.26591
5658.720,0.26559
5656.791,0.26531
5654.862,0.26509
5652.934,0.26486
5651.005,0.26459
5649.076,0.26435
5647.148,0.26414
5645.219,0.26395
5643.290,0.26373
5641.362,0.26350
5639.433,0.26326
5637.504,0.26306
5635.576,0.26289
5633.647,0.26273
5631.718,0.26256
5629.790,0.26237
5627.861,0.26221
5625.932,0.26208
5624.004,0.26193
5622.075,0.26173
5620.146,0.26159
5618.218,0.26147
5616.289,0.26129
5614.360,0.26111
5612.432,0.26097
5610.503,0.26085
5608.574,0.26072
5606.646,0.26061
5604.717,0.26048
5602.788,0.26029
5600.860,0.26008
5598.931,0.25993
5597.002,0.25984
5595.074,0.25974
5593.145,0.25960
5591.216,0.25945
5589.288,0.25928
5587.359,0.25908
5585.430,0.25892
5583.502,0.25882
5581.573,0.25872
5579.644,0.25857
5577.716,0.25842
5575.787,0.25828
5573.858,0.25816
5571.930,0.25802
5570.001,0.25788
5568.072,0.25776
5566.144,0.25768
5564.215,0.25762
5562.286,0.25751
5560.357,0.25737
5558.429,0.25724
5556.500,0.25713
5554.571,0.25701
5552.643,0.25688
5550.714,0.25674
5548.785,0.25662
5546.857,0.25651
5544.928,0.25642
5542.999,0.25634
5541.071,0.25625
5539.142,0.25614
5537.213,0.25600
5535.285,0.25583
5533.356,0.25566
5531.427,0.25552
5529.499,0.25539
5527.570,0.25527
5525.641,0.25513
5523.713,0.25496
5521.784,0.25478
5519.855,0.25461
5517.927,0.25444
5515.998,0.25427
5514.069,0.25410
5512.141,0.25400
5510.212,0.25392
5508.283,0.25377
5506.355,0.25359
5504.426,0.25348
5502.497,0.25340
5500.569,0.25329
5498.640,0.25314
5496.711,0.25299
5494.783,0.25287
5492.854,0.25279
5490.925,0.25268
5488.997,0.25252
5487.068,0.25236
5485.139,0.25222
5483.211,0.25209
5481.282,0.25199
5479.353,0.25190
5477.425,0.25179
5475.496,0.25166
5473.567,0.25153
5471.639,0.25139
5469.710,0.25123
5467.781,0.25110
5465.853,0.25098
5463.924,0.25086
5461.995,0.25076
5460.067,0.25066
5458.138,0.25053
5456.209,0.25038
5454.281,0.25024
5452.352,0.25012
5450.423,0.24999
5448.495,0.24986
5446.566,0.24975
5444.637,0.24964
5442.709,0.24952
5440.780,0.24939
5438.851,0.24929
5436.923,0.24917
5434.994,0.24901
5433.065,0.24886
5431.137,0.24873
5429.208,0.24860
5427.279,0.24848
5425.351,0.24840
5423.422,0.24833
5421.493,0.24826
5419.565,0.24815
5417.636,0.24801
5415.707,0.24788
5413.779,0.24777
5411.850,0.24767
5409.921,0.24760
5407.993,0.24750
5406.064,0.24734
5404.135,0.24716
5402.207,0.24701
5400.278,0.24689
5398.349,0.24677
5396.420,0.24663
5394.492,0.24649
5392.563,0.24638
5390.634,0.24630
5388.706,0.24619
5386.777,0.24605
5384.848,0.24592
5382.920,0.24580
5380.991,0.24568
5379.062,0.24555
5377.134,0.24545
5375.205,0.24536
5373.276,0.24528
5371.348,0.24520
5369.419,0.24512
5367.490,0.24502
5365.562,0.24494
5363.633,0.24487
5361.704,0.24478
5359.776,0.24466
5357.847,0.24455
5355.918,0.24445
5353.990,0.24437
5352.061,0.24430
5350.132,0.24421
5348.204,0.24407
5346.275,0.24393
5344.346,0.24385
5342.418,0.24377
5340.489,0.24365
5338.560,0.24353
5336.632,0.24342
5334.703,0.24331
5332.774,0.24322
5330.846,0.24309
5328.917,0.24291
5326.988,0.24273
5325.060,0.24263
5323.131,0.24256
5321.202,0.24243
5319.274,0.24227
5317.345,0.24214
5315.416,0.24203
5313.488,0.24190
5311.559,0.24175
5309.630,0.24158
5307.702,0.24142
5305.773,0.24128
5303.844,0.24114
5301.916,0.24097
5299.987,0.24079
5298.058,0.24062
5296.130,0.24051
5294.201,0.24040
5292.272,0.24023
5290.344,0.24006
5288.415,0.23993
5286.486,0.23983
5284.558,0.23970
5282.629,0.23956
5280.700,0.23944
5278.772,0.23934
5276.843,0.23925
5274.914,0.23915
5272.986,0.23906
5271.057,0.23897
5269.128,0.23883
5267.200,0.23865
5265.271,0.23847
5263.342,0.23835
5261.414,0.23824
5259.485,0.23814
5257.556,0.23801
5255.628,0.23785
5253.699,0.23767
5251.770,0.23752
5249.842,0.23740
5247.913,0.23731
5245.984,0.23722
5244.056,0.23711
5242.127,0.23700
5240.198,0.23688
5238.269,0.23674
5236.341,0.23657
5234.412,0.23643
5232.483,0.23634
5230.555,0.23626
5228.626,0.23617
5226.697,0.23609
5224.769,0.23601
5222.840,0.23591
5220.911,0.23579
5218.983,0.23564
5217.054,0.23546
5215.125,0.23532
5213.197,0.23520
5211.268,0.23509
5209.339,0.23498
5207.411,0.23487
5205.482,0.23479
5203.553,0.23474
5201.625,0.23464
5199.696,0.23449
5197.767,0.23434
5195.839,0.23425
5193.910,0.23417
5191.981,0.23407
5190.053,0.23396
5188.124,0.23386
5186.195,0.23377
5184.267,0.23371
5182.338,0.23365
5180.409,0.23352
5178.481,0.23335
5176.552,0.23322
5174.623,0.23311
5172.695,0.23301
5170.766,0.23295
5168.837,0.23291
5166.909,0.23281
5164.980,0.23266
5163.051,0.23248
5161.123,0.23230
5159.194,0.23218
5157.265,0.23209
5155.337,0.23201
5153.408,0.23192
5151.479,0.23180
5149.551,0.23164
5147.622,0.23149
5145.693,0.23139
5143.765,0.23132
5141.836,0.23126
5139.907,0.23116
5137.979,0.23104
5136.050,0.23093
5134.121,0.23084
5132.193,0.23074
5130.264,0.23064
5128.335,0.23059
5126.407,0.23056
5124.478,0.23050
5122.549,0.23039
5120.621,0.23027
5118.692,0.23015
5116.763,0.23002
5114.835,0.22988
5112.906,0.22974
5110.977,0.22958
5109.049,0.22939
5107.120,0.22922
5105.191,0.22907
5103.263,0.22895
5101.334,0.22884
5099.405,0.22875
5097.477,0.22864
5095.548,0.22848
5093.619,0.22832
5091.691,0.22823
5089.762,0.22822
5087.833,0.22823
5085.905,0.22816
5083.976,0.22800
5082.047,0.22779
5080.119,0.22757
5078.190,0.22739
5076.261,0.22725
5074.332,0.22711
5072.404,0.22698
5070.475,0.22685
5068.546,0.22670
5066.618,0.22650
5064.689,0.22628
5062.760,0.22612
5060.832,0.22599
5058.903,0.22586
5056.974,0.22575
5055.046,0.22565
5053.117,0.22553
5051.188,0.22538
5049.260,0.22524
5047.331,0.22515
5045.402,0.22509
5043.474,0.22500
5041.545,0.22485
5039.616,0.22470
5037.688,0.22457
5035.759,0.22444
5033.830,0.22432
5031.902,0.22423
5029.973,0.22418
5028.044,0.22409
5026.116,0.22394
5024.187,0.22377
5022.258,0.22360
5020.330,0.22347
5018.401,0.22338
5016.472,0.22332
5014.544,0.22323
5012.615,0.22309
5010.686,0.22293
5008.758,0.22279
5006.829,0.22265
5004.900,0.22252
5002.972,0.22244
5001.043,0.22240
4999.114,0.22231
4997.186,0.22210
4995.257,0.22190
4993.328,0.22178
4991.400,0.22170
4989.471,0.22160
4987.542,0.22150
4985.614,0.22140
4983.685,0.22127
4981.756,0.22114
4979.828,0.22103
4977.899,0.22089
4975.970,0.22077
4974.042,0.22070
4972.113,0.22059
4970.184,0.22044
4968.256,0.22032
4966.327,0.22020
4964.398,0.22007
4962.470,0.21998
4960.541,0.21990
4958.612,0.21979
4956.684,0.21964
4954.755,0.21950
4952.826,0.21939
4950.898,0.21930
4948.969,0.21918
4947.040,0.21907
4945.112,0.21900
4943.183,0.21892
4941.254,0.21880
4939.326,0.21867
4937.397,0.21856
4935.468,0.21845
4933.540,0.21835
4931.611,0.21827
4929.682,0.21819
4927.754,0.21807
4925.825,0.21793
4923.896,0.21777
4921.968,0.21766
4920.039,0.21756
4918.110,0.21746
4916.181,0.21734
4914.253,0.21723
4912.324,0.21716
4910.395,0.21707
4908.467,0.21696
4906.538,0.21684
4904.609,0.21675
4902.681,0.21667
4900.752,0.21658
4898.823,0.21646
4896.895,0.21636
4894.966,0.21634
4893.037,0.21642
4891.109,0.21657
4889.180,0.21674
4887.251,0.21694
4885.323,0.21708
4883.394,0.21698
4881.465,0.21663
4879.537,0.21616
4877.608,0.21574
4875.679,0.21541
4873.751,0.21518
4871.822,0.21498
4869.893,0.21478
4867.965,0.21462
4866.036,0.21453
4864.107,0.21446
4862.179,0.21434
4860.250,0.21421
4858.321,0.21409
4856.393,0.21399
4854.464,0.21386
4852.535,0.21373
4850.607,0.21361
4848.678,0.21349
4846.749,0.21336
4844.821,0.21325
4842.892,0.21314
4840.963,0.21302
4839.035,0.21292
4837.106,0.21283
4835.177,0.21273
4833.249,0.21263
4831.320,0.21251
4829.391,0.21237
4827.463,0.21225
4825.534,0.21217
4823.605,0.21211
4821.677,0.21204
4819.748,0.21195
4817.819,0.21187
4815.891,0.21180
4813.962,0.21169
4812.033,0.21156
4810.105,0.21146
4808.176,0.21139
4806.247,0.21132
4804.319,0.21123
4802.390,0.21111
4800.461,0.21095
4798.533,0.21080
4796.604,0.21066
4794.675,0.21052
4792.747,0.21040
4790.818,0.21031
4788.889,0.21021
4786.961,0.21006
4785.032,0.20989
4783.103,0.20976
4781.175,0.20969
4779.246,0.20964
4777.317,0.20956
4775.389,0.20945
4773.460,0.20934
4771.531,0.20923
4769.603,0.20908
4767.674,0.20893
4765.745,0.20883
4763.817,0.20875
4761.888,0.20862
4759.959,0.20849
4758.031,0.20839
4756.102,0.20830
4754.173,0.20820
4752.244,0.20810
4750.316,0.20800
4748.387,0.20788
4746.458,0.20775
4744.530,0.20762
4742.601,0.20752
4740.672,0.20742
4738.744,0.20732
4736.815,0.20720
4734.886,0.20708
4732.958,0.20699
4731.029,0.20692
4729.100,0.20682
4727.172,0.20671
4725.243,0.20661
4723.314,0.20654
4721.386,0.20649
4719.457,0.20641
4717.528,0.20629
4715.600,0.20612
4713.671,0.20597
4711.742,0.20589
4709.814,0.20584
4707.885,0.20577
4705.956,0.20569
4704.028,0.20562
4702.099,0.20555
4700.170,0.20547
4698.242,0.20544
4696.313,0.20545
4694.384,0.20546
4692.456,0.20546
4690.527,0.20547
4688.598,0.20544
4686.670,0.20538
4684.741,0.20535
4682.812,0.20533
4680.884,0.20528
4678.955,0.20521
4677.026,0.20517
4675.098,0.20514
4673.169,0.20509
4671.240,0.20505
4669.312,0.20497
4667.383,0.20481
4665.454,0.20464
4663.526,0.20449
4661.597,0.20435
4659.668,0.20421
4657.740,0.20409
4655.811,0.20398
4653.882,0.20388
4651.954,0.20375
4650.025,0.20362
4648.096,0.20347
4646.168,0.20332
4644.239,0.20319
4642.310,0.20309
4640.382,0.20299
4638.453,0.20292
4636.524,0.20288
4634.596,0.20286
4632.667,0.20276
4630.738,0.20258
4628.810,0.20240
4626.881,0.20225
4624.952,0.20210
4623.024,0.20193
4621.095,0.20174
4619.166,0.20154
4617.238,0.20131
4615.309,0.20109
4613.380,0.20091
4611.452,0.20076
4609.523,0.20063
4607.594,0.20051
4605.666,0.20039
4603.737,0.20027
4601.808,0.20016
4599.880,0.20006
4597.951,0.19995
4596.022,0.19985
4594.093,0.19978
4592.165,0.19971
4590.236,0.19964
4588.307,0.19958
4586.379,0.19953
4584.450,0.19946
4582.521,0.19939
4580.593,0.19933
4578.664,0.19926
4576.735,0.19920
4574.807,0.19915
4572.878,0.19912
4570.949,0.19909
4569.021,0.19906
4567.092,0.19904
4565.163,0.19897
4563.235,0.19886
4561.306,0.19874
4559.377,0.19864
4557.449,0.19855
4555.520,0.19845
4553.591,0.19834
4551.663,0.19826
4549.734,0.19819
4547.805,0.19808
4545.877,0.19797
4543.948,0.19789
4542.019,0.19781
4540.091,0.19769
4538.162,0.19761
4536.233,0.19760
4534.305,0.19760
4532.376,0.19759
4530.447,0.19764
4528.519,0.19777
4526.590,0.19796
4524.661,0.19820
4522.733,0.19838
4520.804,0.19833
4518.875,0.19801
4516.947,0.19759
4515.018,0.19723
4513.089,0.19697
4511.161,0.19679
4509.232,0.19668
4507.303,0.19664
4505.375,0.19665
4503.446,0.19675
4501.517,0.19693
4499.589,0.19718
4497.660,0.19747
4495.731,0.19780
4493.803,0.19818
4491.874,0.19856
4489.945,0.19901
4488.017,0.19972
4486.088,0.20091
4484.159,0.20277
4482.231,0.20543
4480.302,0.20855
4478.373,0.21092
4476.445,0.21114
4474.516,0.20915
4472.587,0.20624
4470.659,0.20371
4468.730,0.20213
4466.801,0.20150
4464.873,0.20160
4462.944,0.20210
4461.015,0.20265
4459.087,0.20290
4457.158,0.20271
4455.229,0.20220
4453.301,0.20153
4451.372,0.20072
4449.443,0.19966
4447.515,0.19838
4445.586,0.19708
4443.657,0.19593
4441.729,0.19501
4439.800,0.19435
4437.871,0.19391
4435.943,0.19360
4434.014,0.19336
4432.085,0.19322
4430.156,0.19319
4428.228,0.19322
4426.299,0.19326
4424.370,0.19331
4422.442,0.19328
4420.513,0.19319
4418.584,0.19309
4416.656,0.19302
4414.727,0.19295
4412.798,0.19284
4410.870,0.19269
4408.941,0.19253
4407.012,0.19239
4405.084,0.19227
4403.155,0.19217
4401.226,0.19212
4399.298,0.19211
4397.369,0.19217
4395.440,0.19229
4393.512,0.19249
4391.583,0.19274
4389.654,0.19294
4387.726,0.19296
4385.797,0.19282
4383.868,0.19268
4381.940,0.19260
4380.011,0.19258
4378.082,0.19260
4376.154,0.19264
4374.225,0.19266
4372.296,0.19262
4370.368,0.19248
4368.439,0.19222
4366.510,0.19187
4364.582,0.19153
4362.653,0.19130
4360.724,0.19118
4358.796,0.19112
4356.867,0.19114
4354.938,0.19124
4353.010,0.19133
4351.081,0.19138
4349.152,0.19146
4347.224,0.19159
4345.295,0.19177
4343.366,0.19201
4341.438,0.19232
4339.509,0.19266
4337.580,0.19308
4335.652,0.19364
4333.723,0.19437
4331.794,0.19529
4329.866,0.19639
4327.937,0.19769
4326.008,0.19900
4324.080,0.19992
4322.151,0.19996
4320.222,0.19890
4318.294,0.19710
4316.365,0.19527
4314.436,0.19389
4312.508,0.19300
4310.579,0.19241
4308.650,0.19196
4306.722,0.19154
4304.793,0.19110
4302.864,0.19072
4300.936,0.19053
4299.007,0.19054
4297.078,0.19070
4295.150,0.19094
4293.221,0.19123
4291.292,0.19149
4289.364,0.19157
4287.435,0.19141
4285.506,0.19110
4283.578,0.19083
4281.649,0.19073
4279.720,0.19093
4277.792,0.19147
4275.863,0.19227
4273.934,0.19304
4272.005,0.19343
4270.077,0.19317
4268.148,0.19237
4266.219,0.19135
4264.291,0.19048
4262.362,0.18996
4260.433,0.18981
4258.505,0.18995
4256.576,0.19020
4254.647,0.19040
4252.719,0.19036
4250.790,0.18984
4248.861,0.18884
4246.933,0.18765
4245.004,0.18662
4243.075,0.18592
4241.147,0.18548
4239.218,0.18524
4237.289,0.18517
4235.361,0.18521
4233.432,0.18530
4231.503,0.18539
4229.575,0.18547
4227.646,0.18559
4225.717,0.18579
4223.789,0.18602
4221.860,0.18623
4219.931,0.18637
4218.003,0.18641
4216.074,0.18633
4214.145,0.18612
4212.217,0.18581
4210.288,0.18545
4208.359,0.18516
4206.431,0.18500
4204.502,0.18496
4202.573,0.18503
4200.645,0.18518
4198.716,0.18537
4196.787,0.18558
4194.859,0.18578
4192.930,0.18595
4191.001,0.18607
4189.073,0.18613
4187.144,0.18615
4185.215,0.18615
4183.287,0.18619
4181.358,0.18623
4179.429,0.18619
4177.501,0.18601
4175.572,0.18568
4173.643,0.18529
4171.715,0.18497
4169.786,0.18485
4167.857,0.18502
4165.929,0.18550
4164.000,0.18598
4162.071,0.18592
4160.143,0.18514
4158.214,0.18399
4156.285,0.18294
4154.357,0.18218
4152.428,0.18164
4150.499,0.18128
4148.571,0.18101
4146.642,0.18080
4144.713,0.18060
4142.785,0.18042
4140.856,0.18023
4138.927,0.18002
4136.999,0.17980
4135.070,0.17961
4133.141,0.17944
4131.213,0.17926
4129.284,0.17909
4127.355,0.17893
4125.427,0.17878
4123.498,0.17865
4121.569,0.17857
4119.641,0.17851
4117.712,0.17843
4115.783,0.17835
4113.855,0.17829
4111.926,0.17826
4109.997,0.17824
4108.068,0.17822
4106.140,0.17817
4104.211,0.17808
4102.282,0.17798
4100.354,0.17789
4098.425,0.17776
4096.496,0.17760
4094.568,0.17741
4092.639,0.17719
4090.710,0.17690
4088.782,0.17662
4086.853,0.17641
4084.924,0.17628
4082.996,0.17618
4081.067,0.17614
4079.138,0.17624
4077.210,0.17649
4075.281,0.17693
4073.352,0.17765
4071.424,0.17871
4069.495,0.17998
4067.566,0.18113
4065.638,0.18165
4063.709,0.18132
4061.780,0.18040
4059.852,0.17940
4057.923,0.17861
4055.994,0.17796
4054.066,0.17730
4052.137,0.17661
4050.208,0.17591
4048.280,0.17523
4046.351,0.17466
4044.422,0.17426
4042.494,0.17402
4040.565,0.17392
4038.636,0.17400
4036.708,0.17429
4034.779,0.17477
4032.850,0.17548
4030.922,0.17638
4028.993,0.17725
4027.064,0.17779
4025.136,0.17789
4023.207,0.17761
4021.278,0.17712
4019.350,0.17654
4017.421,0.17590
4015.492,0.17514
4013.564,0.17424
4011.635,0.17332
4009.706,0.17249
4007.778,0.17183
4005.849,0.17132
4003.920,0.17098
4001.992,0.17077
4000.063,0.17064
3998.134,0.17062
3996.206,0.17074
3994.277,0.17098
3992.348,0.17129
3990.420,0.17162
3988.491,0.17194
3986.562,0.17217
3984.634,0.17229
3982.705,0.17241
3980.776,0.17258
3978.848,0.17274
3976.919,0.17272
3974.990,0.17254
3973.062,0.17227
3971.133,0.17206
3969.204,0.17208
3967.276,0.17242
3965.347,0.17307
3963.418,0.17396
3961.490,0.17494
3959.561,0.17575
3957.632,0.17602
3955.704,0.17558
3953.775,0.17455
3951.846,0.17324
3949.917,0.17191
3947.989,0.17074
3946.060,0.16979
3944.131,0.16903
3942.203,0.16848
3940.274,0.16814
3938.345,0.16793
3936.417,0.16780
3934.488,0.16775
3932.559,0.16783
3930.631,0.16806
3928.702,0.16842
3926.773,0.16889
3924.845,0.16947
3922.916,0.17009
3920.987,0.17066
3919.059,0.17103
3917.130,0.17102
3915.201,0.17055
3913.273,0.16973
3911.344,0.16879
3909.415,0.16791
3907.487,0.16715
3905.558,0.16653
3903.629,0.16605
3901.701,0.16568
3899.772,0.16540
3897.843,0.16521
3895.915,0.16505
3893.986,0.16486
3892.057,0.16466
3890.129,0.16451
3888.200,0.16437
3886.271,0.16422
3884.343,0.16412
3882.414,0.16402
3880.485,0.16391
3878.557,0.16384
3876.628,0.16378
3874.699,0.16369
3872.771,0.16356
3870.842,0.16345
3868.913,0.16342
3866.985,0.16340
3865.056,0.16337
3863.127,0.16339
3861.199,0.16341
3859.270,0.16333
3857.341,0.16308
3855.413,0.16270
3853.484,0.16246
3851.555,0.16244
3849.627,0.16250
3847.698,0.16247
3845.769,0.16235
3843.841,0.16217
3841.912,0.16196
3839.983,0.16169
3838.055,0.16144
3836.126,0.16127
3834.197,0.16113
3832.269,0.16099
3830.340,0.16087
3828.411,0.16076
3826.483,0.16068
3824.554,0.16059
3822.625,0.16044
3820.697,0.16028
3818.768,0.16010
3816.839,0.15989
3814.911,0.15973
3812.982,0.15959
3811.053,0.15939
3809.125,0.15915
3807.196,0.15898
3805.267,0.15887
3803.339,0.15870
3801.410,0.15850
3799.481,0.15836
3797.553,0.15825
3795.624,0.15812
3793.695,0.15801
3791.767,0.15790
3789.838,0.15779
3787.909,0.15769
3785.980,0.15759
3784.052,0.15749
3782.123,0.15738
3780.194,0.15732
3778.266,0.15731
3776.337,0.15730
3774.408,0.15723
3772.480,0.15712
3770.551,0.15701
3768.622,0.15693
3766.694,0.15687
3764.765,0.15680
3762.836,0.15672
3760.908,0.15661
3758.979,0.15650
3757.050,0.15639
3755.122,0.15623
3753.193,0.15601
3751.264,0.15583
3749.336,0.15573
3747.407,0.15559
3745.478,0.15542
3743.550,0.15537
3741.621,0.15541
3739.692,0.15532
3737.764,0.15515
3735.835,0.15503
3733.906,0.15498
3731.978,0.15497
3730.049,0.15492
3728.120,0.15481
3726.192,0.15466
3724.263,0.15453
3722.334,0.15441
3720.406,0.15433
3718.477,0.15424
3716.548,0.15412
3714.620,0.15400
3712.691,0.15390
3710.762,0.15389
3708.834,0.15395
3706.905,0.15402
3704.976,0.15404
3703.048,0.15401
3701.119,0.15399
3699.190,0.15399
3697.262,0.15398
3695.333,0.15393
3693.404,0.15384
3691.476,0.15372
3689.547,0.15360
3687.618,0.15354
3685.690,0.15349
3683.761,0.15341
3681.832,0.15326
3679.904,0.15312
3677.975,0.15299
3676.046,0.15287
3674.118,0.15281
3672.189,0.15278
3670.260,0.15278
3668.332,0.15284
3666.403,0.15292
3664.474,0.15297
3662.546,0.15301
3660.617,0.15301
3658.688,0.15300
3656.760,0.15304
3654.831,0.15313
3652.902,0.15321
3650.974,0.15333
3649.045,0.15357
3647.116,0.15386
3645.188,0.15409
3643.259,0.15420
3641.330,0.15412
3639.402,0.15383
3637.473,0.15344
3635.544,0.15307
3633.616,0.15276
3631.687,0.15248
3629.758,0.15233
3627.830,0.15235
3625.901,0.15248
3623.972,0.15260
3622.043,0.15270
3620.115,0.15282
3618.186,0.15305
3616.257,0.15338
3614.329,0.15371
3612.400,0.15393
3610.471,0.15405
3608.543,0.15416
3606.614,0.15424
3604.685,0.15417
3602.757,0.15392
3600.828,0.15353
3598.899,0.15306
3596.971,0.15262
3595.042,0.15233
3593.113,0.15216
3591.185,0.15201
3589.256,0.15187
3587.327,0.15183
3585.399,0.15186
3583.470,0.15188
3581.541,0.15190
3579.613,0.15195
3577.684,0.15199
3575.755,0.15200
3573.827,0.15202
3571.898,0.15200
3569.969,0.15188
3568.041,0.15177
3566.112,0.15179
3564.183,0.15185
3562.255,0.15187
3560.326,0.15189
3558.397,0.15194
3556.469,0.15195
3554.540,0.15195
3552.611,0.15199
3550.683,0.15201
3548.754,0.15198
3546.825,0.15198
3544.897,0.15206
3542.968,0.15213
3541.039,0.15215
3539.111,0.15217
3537.182,0.15221
3535.253,0.15222
3533.325,0.15221
3531.396,0.15222
3529.467,0.15224
3527.539,0.15224
3525.610,0.15230
3523.681,0.15237
3521.753,0.15236
3519.824,0.15228
3517.895,0.15221
3515.967,0.15214
3514.038,0.15205
3512.109,0.15201
3510.181,0.15202
3508.252,0.15201
3506.323,0.15198
3504.395,0.15198
3502.466,0.15200
3500.537,0.15200
3498.609,0.15202
3496.680,0.15210
3494.751,0.15221
3492.823,0.15232
3490.894,0.15248
3488.965,0.15271
3487.037,0.15293
3485.108,0.15311
3483.179,0.15319
3481.251,0.15310
3479.322,0.15285
3477.393,0.15257
3475.465,0.15234
3473.536,0.15213
3471.607,0.15196
3469.679,0.15189
3467.750,0.15186
3465.821,0.15180
3463.892,0.15174
3461.964,0.15172
3460.035,0.15172
3458.106,0.15170
3456.178,0.15173
3454.249,0.15179
3452.320,0.15181
3450.392,0.15180
3448.463,0.15185
3446.534,0.15190
3444.606,0.15187
3442.677,0.15176
3440.748,0.15162
3438.820,0.15144
3436.891,0.15126
3434.962,0.15113
3433.034,0.15103
3431.105,0.15091
3429.176,0.15078
3427.248,0.15069
3425.319,0.15059
3423.390,0.15046
3421.462,0.15037
3419.533,0.15032
3417.604,0.15024
3415.676,0.15013
3413.747,0.15006
3411.818,0.15000
3409.890,0.14989
3407.961,0.14976
3406.032,0.14966
3404.104,0.14953
3402.175,0.14937
3400.246,0.14922
3398.318,0.14908
3396.389,0.14891
3394.460,0.14874
3392.532,0.14862
3390.603,0.14850
3388.674,0.14831
3386.746,0.14814
3384.817,0.14802
3382.888,0.14787
3380.960,0.14770
3379.031,0.14757
3377.102,0.14746
3375.174,0.14729
3373.245,0.14711
3371.316,0.14696
3369.388,0.14679
3367.459,0.14658
3365.530,0.14639
3363.602,0.14622
3361.673,0.14604
3359.744,0.14585
3357.816,0.14568
3355.887,0.14554
3353.958,0.14539
3352.030,0.14524
3350.101,0.14513
3348.172,0.14500
3346.244,0.14486
3344.315,0.14475
3342.386,0.14468
3340.458,0.14458
3338.529,0.14448
3336.600,0.14444
3334.672,0.14443
3332.743,0.14439
3330.814,0.14437
3328.886,0.14441
3326.957,0.14446
3325.028,0.14452
3323.100,0.14464
3321.171,0.14477
3319.242,0.14486
3317.314,0.14496
3315.385,0.14518
3313.456,0.14551
3311.528,0.14595
3309.599,0.14648
3307.670,0.14691
3305.742,0.14707
3303.813,0.14702
3301.884,0.14695
3299.955,0.14702
3298.027,0.14725
3296.098,0.14753
3294.169,0.14768
3292.241,0.14766
3290.312,0.14762
3288.383,0.14785
3286.455,0.14857
3284.526,0.14991
3282.597,0.15210
3280.669,0.15561
3278.740,0.16038
3276.811,0.16519
3274.883,0.16801
3272.954,0.16688
3271.025,0.16158
3269.097,0.15471
3267.168,0.14925
3265.239,0.14595
3263.311,0.14412
3261.382,0.14308
3259.453,0.14245
3257.525,0.14207
3255.596,0.14183
3253.667,0.14164
3251.739,0.14145
3249.810,0.14128
3247.881,0.14114
3245.953,0.14099
3244.024,0.14084
3242.095,0.14072
3240.167,0.14065
3238.238,0.14057
3236.309,0.14049
3234.381,0.14044
3232.452,0.14040
3230.523,0.14037
3228.595,0.14039
3226.666,0.14046
3224.737,0.14050
3222.809,0.14053
3220.880,0.14059
3218.951,0.14064
3217.023,0.14066
3215.094,0.14069
3213.165,0.14074
3211.237,0.14077
3209.308,0.14076
3207.379,0.14080
3205.451,0.14089
3203.522,0.14097
3201.593,0.14102
3199.665,0.14107
3197.736,0.14112
3195.807,0.14115
3193.879,0.14123
3191.950,0.14136
3190.021,0.14147
3188.093,0.14156
3186.164,0.14170
3184.235,0.14190
3182.307,0.14209
3180.378,0.14230
3178.449,0.14254
3176.521,0.14273
3174.592,0.14287
3172.663,0.14302
3170.735,0.14317
3168.806,0.14324
3166.877,0.14328
3164.949,0.14336
3163.020,0.14346
3161.091,0.14351
3159.163,0.14359
3157.234,0.14376
3155.305,0.14398
3153.377,0.14422
3151.448,0.14455
3149.519,0.14497
3147.591,0.14541
3145.662,0.14595
3143.733,0.14669
3141.804,0.14763
3139.876,0.14873
3137.947,0.15002
3136.018,0.15125
3134.090,0.15198
3132.161,0.15210
3130.232,0.15189
3128.304,0.15162
3126.375,0.15141
3124.446,0.15131
3122.518,0.15129
3120.589,0.15125
3118.660,0.15114
3116.732,0.15101
3114.803,0.15090
3112.874,0.15079
3110.946,0.15077
3109.017,0.15093
3107.088,0.15117
3105.160,0.15141
3103.231,0.15165
3101.302,0.15184
3099.374,0.15185
3097.445,0.15173
3095.516,0.15165
3093.588,0.15161
3091.659,0.15159
3089.730,0.15168
3087.802,0.15194
3085.873,0.15224
3083.944,0.15254
3082.016,0.15291
3080.087,0.15335
3078.158,0.15385
3076.230,0.15440
3074.301,0.15499
3072.372,0.15560
3070.444,0.15621
3068.515,0.15690
3066.586,0.15767
3064.658,0.15839
3062.729,0.15910
3060.800,0.15988
3058.872,0.16067
3056.943,0.16136
3055.014,0.16201
3053.086,0.16274
3051.157,0.16348
3049.228,0.16414
3047.300,0.16478
3045.371,0.16546
3043.442,0.16627
3041.514,0.16747
3039.585,0.16922
3037.656,0.17152
3035.728,0.17458
3033.799,0.17899
3031.870,0.18568
3029.942,0.19597
3028.013,0.21101
3026.084,0.22850
3024.156,0.23924
3022.227,0.23384
3020.298,0.21537
3018.370,0.19585
3016.441,0.18252
3014.512,0.17543
3012.584,0.17222
3010.655,0.17103
3008.726,0.17090
3006.798,0.17157
3004.869,0.17300
3002.940,0.17509
3001.012,0.17782
2999.083,0.18146
2997.154,0.18643
2995.226,0.19327
2993.297,0.20316
2991.368,0.21819
2989.440,0.24052
2987.511,0.26774
2985.582,0.28680
2983.654,0.28283
2981.725,0.26022
2979.796,0.23726
2977.867,0.22410
2975.939,0.22003
2974.010,0.22164
2972.081,0.22686
2970.153,0.23474
2968.224,0.24459
2966.295,0.25585
2964.367,0.26815
2962.438,0.28081
2960.509,0.29242
2958.581,0.30127
2956.652,0.30580
2954.723,0.30510
2952.795,0.29994
2950.866,0.29374
2948.937,0.29091
2947.009,0.29390
2945.080,0.30276
2943.151,0.31659
2941.223,0.33457
2939.294,0.35607
2937.365,0.38069
2935.437,0.40834
2933.508,0.43912
2931.579,0.47307
2929.651,0.51050
2927.722,0.55285
2925.793,0.60259
2923.865,0.66133
2921.936,0.72640
2920.007,0.78661
2918.079,0.81763
2916.150,0.79202
2914.221,0.71656
2912.293,0.63130
2910.364,0.56452
2908.435,0.51972
2906.507,0.48875
2904.578,0.46429
2902.649,0.44276
2900.721,0.42068
2898.792,0.39477
2896.863,0.36577
2894.935,0.33787
2893.006,0.31430
2891.077,0.29520
2889.149,0.27899
2887.220,0.26450
2885.291,0.25142
2883.363,0.23993
2881.434,0.23052
2879.505,0.22389
2877.577,0.22035
2875.648,0.21927
2873.719,0.21930
2871.791,0.21904
2869.862,0.21841
2867.933,0.21938
2866.005,0.22477
2864.076,0.23642
2862.147,0.25463
2860.219,0.27909
2858.290,0.31078
2856.361,0.35372
2854.433,0.41434
2852.504,0.49299
2850.575,0.56133
2848.647,0.55946
2846.718,0.47965
2844.789,0.38410
2842.861,0.31171
2840.932,0.26433
2839.003,0.23334
2837.075,0.21195
2835.146,0.19634
2833.217,0.18454
2831.289,0.17542
2829.360,0.16817
2827.431,0.16216
2825.503,0.15709
2823.574,0.15282
2821.645,0.14919
2819.716,0.14600
2817.788,0.14323
2815.859,0.14084
2813.930,0.13869
2812.002,0.13675
2810.073,0.13504
2808.144,0.13347
2806.216,0.13198
2804.287,0.13063
2802.358,0.12945
2800.430,0.12830
2798.501,0.12717
2796.572,0.12618
2794.644,0.12527
2792.715,0.12438
2790.786,0.12362
2788.858,0.12307
2786.929,0.12267
2785.000,0.12237
2783.072,0.12226
2781.143,0.12234
2779.214,0.12254
2777.286,0.12300
2775.357,0.12387
2773.428,0.12504
2771.500,0.12625
2769.571,0.12718
2767.642,0.12734
2765.714,0.12630
2763.785,0.12433
2761.856,0.12215
2759.928,0.12019
2757.999,0.11855
2756.070,0.11730
2754.142,0.11640
2752.213,0.11574
2750.284,0.11528
2748.356,0.11509
2746.427,0.11506
2744.498,0.11500
2742.570,0.11489
2740.641,0.11480
2738.712,0.11465
2736.784,0.11443
2734.855,0.11430
2732.926,0.11425
2730.998,0.11412
2729.069,0.11390
2727.140,0.11368
2725.212,0.11345
2723.283,0.11318
2721.354,0.11297
2719.426,0.11286
2717.497,0.11273
2715.568,0.11258
2713.640,0.11252
2711.711,0.11253
2709.782,0.11250
2707.854,0.11248
2705.925,0.11257
2703.996,0.11272
2702.068,0.11291
2700.139,0.11323
2698.210,0.11366
2696.282,0.11407
2694.353,0.11449
2692.424,0.11502
2690.496,0.11562
2688.567,0.11627
2686.638,0.11706
2684.710,0.11808
2682.781,0.11922
2680.852,0.12041
2678.924,0.12169
2676.995,0.12304
2675.066,0.12439
2673.138,0.12571
2671.209,0.12683
2669.280,0.12748
2667.352,0.12776
2665.423,0.12803
2663.494,0.12842
2661.566,0.12861
2659.637,0.12819
2657.708,0.12700
2655.779,0.12511
2653.851,0.12288
2651.922,0.12082
2649.993,0.11922
2648.065,0.11806
2646.136,0.11728
2644.207,0.11690
2642.279,0.11680
2640.350,0.11678
2638.421,0.11669
2636.493,0.11646
2634.564,0.11600
2632.635,0.11534
2630.707,0.11462
2628.778,0.11387
2626.849,0.11298
2624.921,0.11204
2622.992,0.11120
2621.063,0.11042
2619.135,0.10972
2617.206,0.10921
2615.277,0.10894
2613.349,0.10880
2611.420,0.10881
2609.491,0.10907
2607.563,0.10954
2605.634,0.11009
2603.705,0.11077
2601.777,0.11156
2599.848,0.11222
2597.919,0.11269
2595.991,0.11309
2594.062,0.11346
2592.133,0.11377
2590.205,0.11409
2588.276,0.11447
2586.347,0.11485
2584.419,0.11518
2582.490,0.11547
2580.561,0.11559
2578.633,0.11548
2576.704,0.11536
2574.775,0.11554
2572.847,0.11609
2570.918,0.11703
2568.989,0.11852
2567.061,0.12058
2565.132,0.12293
2563.203,0.12525
2561.275,0.12719
2559.346,0.12807
2557.417,0.12740
2555.489,0.12550
2553.560,0.12326
2551.631,0.12135
2549.703,0.12027
2547.774,0.12046
2545.845,0.12177
2543.917,0.12301
2541.988,0.12296
2540.059,0.12160
2538.131,0.11953
2536.202,0.11686
2534.273,0.11386
2532.345,0.11128
2530.416,0.10956
2528.487,0.10867
2526.559,0.10847
2524.630,0.10866
2522.701,0.10885
2520.773,0.10898
2518.844,0.10913
2516.915,0.10921
2514.987,0.10921
2513.058,0.10934
2511.129,0.10965
2509.201,0.10980
2507.272,0.10960
2505.343,0.10923
2503.415,0.10882
2501.486,0.10841
2499.557,0.10816
2497.628,0.10810
2495.700,0.10798
2493.771,0.10768
2491.842,0.10737
2489.914,0.10711
2487.985,0.10678
2486.056,0.10647
2484.128,0.10634
2482.199,0.10628
2480.270,0.10614
2478.342,0.10603
2476.413,0.10600
2474.484,0.10590
2472.556,0.10572
2470.627,0.10566
2468.698,0.10571
2466.770,0.10569
2464.841,0.10562
2462.912,0.10560
2460.984,0.10544
2459.055,0.10505
2457.126,0.10464
2455.198,0.10433
2453.269,0.10403
2451.340,0.10382
2449.412,0.10387
2447.483,0.10407
2445.554,0.10420
2443.626,0.10435
2441.697,0.10459
2439.768,0.10473
2437.840,0.10473
2435.911,0.10480
2433.982,0.10494
2432.054,0.10500
2430.125,0.10506
2428.196,0.10530
2426.268,0.10559
2424.339,0.10583
2422.410,0.10621
2420.482,0.10683
2418.553,0.10749
2416.624,0.10816
2414.696,0.10898
2412.767,0.10988
2410.838,0.11072
2408.910,0.11163
2406.981,0.11270
2405.052,0.11366
2403.124,0.11417
2401.195,0.11412
2399.266,0.11343
2397.338,0.11211
2395.409,0.11061
2393.480,0.10943
2391.552,0.10856
2389.623,0.10786
2387.694,0.10740
2385.766,0.10717
2383.837,0.10691
2381.908,0.10654
2379.980,0.10626
2378.051,0.10610
2376.122,0.10593
2374.194,0.10582
2372.265,0.10590
2370.336,0.10602
2368.408,0.10603
2366.479,0.10608
2364.550,0.10622
2362.622,0.10634
2360.693,0.10648
2358.764,0.10684
2356.836,0.10735
2354.907,0.10782
2352.978,0.10829
2351.050,0.10883
2349.121,0.10925
2347.192,0.10942
2345.264,0.10955
2343.335,0.10979
2341.406,0.11003
2339.478,0.11020
2337.549,0.11032
2335.620,0.11040
2333.691,0.11044
2331.763,0.11052
2329.834,0.11064
2327.905,0.11056
2325.977,0.11022
2324.048,0.10986
2322.119,0.10956
2320.191,0.10918
2318.262,0.10880
2316.333,0.10854
2314.405,0.10833
2312.476,0.10811
2310.547,0.10801
2308.619,0.10807
2306.690,0.10816
2304.761,0.10824
2302.833,0.10838
2300.904,0.10845
2298.975,0.10829
2297.047,0.10799
2295.118,0.10774
2293.189,0.10751
2291.261,0.10731
2289.332,0.10724
2287.403,0.10731
2285.475,0.10742
2283.546,0.10755
2281.617,0.10781
2279.689,0.10814
2277.760,0.10836
2275.831,0.10848
2273.903,0.10851
2271.974,0.10841
2270.045,0.10819
2268.117,0.10804
2266.188,0.10802
2264.259,0.10797
2262.331,0.10788
2260.402,0.10781
2258.473,0.10771
2256.545,0.10755
2254.616,0.10743
2252.687,0.10742
2250.759,0.10745
2248.830,0.10754
2246.901,0.10774
2244.973,0.10800
2243.044,0.10821
2241.115,0.10838
2239.187,0.10857
2237.258,0.10875
2235.329,0.10891
2233.401,0.10910
2231.472,0.10935
2229.543,0.10962
2227.615,0.10992
2225.686,0.11023
2223.757,0.11047
2221.829,0.11057
2219.900,0.11056
2217.971,0.11048
2216.043,0.11032
2214.114,0.11015
2212.185,0.11002
2210.257,0.10989
2208.328,0.10970
2206.399,0.10951
2204.471,0.10938
2202.542,0.10931
2200.613,0.10930
2198.685,0.10941
2196.756,0.10962
2194.827,0.10987
2192.899,0.11015
2190.970,0.11046
2189.041,0.11071
2187.113,0.11082
2185.184,0.11086
2183.255,0.11086
2181.327,0.11082
2179.398,0.11079
2177.469,0.11080
2175.540,0.11084
2173.612,0.11087
2171.683,0.11091
2169.754,0.11098
2167.826,0.11107
2165.897,0.11119
2163.968,0.11141
2162.040,0.11171
2160.111,0.11200
2158.182,0.11230
2156.254,0.11261
2154.325,0.11290
2152.396,0.11315
2150.468,0.11340
2148.539,0.11364
2146.610,0.11376
2144.682,0.11380
2142.753,0.11385
2140.824,0.11389
2138.896,0.11389
2136.967,0.11389
2135.038,0.11396
2133.110,0.11402
2131.181,0.11407
2129.252,0.11415
2127.324,0.11423
2125.395,0.11427
2123.466,0.11429
2121.538,0.11436
2119.609,0.11443
2117.680,0.11447
2115.752,0.11464
2113.823,0.11499
2111.894,0.11540
2109.966,0.11576
2108.037,0.11603
2106.108,0.11608
2104.180,0.11580
2102.251,0.11544
2100.322,0.11528
2098.394,0.11529
2096.465,0.11534
2094.536,0.11546
2092.608,0.11562
2090.679,0.11567
2088.750,0.11560
2086.822,0.11552
2084.893,0.11545
2082.964,0.11538
2081.036,0.11542
2079.107,0.11562
2077.178,0.11585
2075.250,0.11604
2073.321,0.11629
2071.392,0.11656
2069.464,0.11676
2067.535,0.11697
2065.606,0.11731
2063.678,0.11769
2061.749,0.11804
2059.820,0.11844
2057.892,0.11892
2055.963,0.11935
2054.034,0.11976
2052.106,0.12029
2050.177,0.12091
2048.248,0.12144
2046.320,0.12195
2044.391,0.12252
2042.462,0.12307
2040.534,0.12353
2038.605,0.12406
2036.676,0.12472
2034.748,0.12540
2032.819,0.12612
2030.890,0.12699
2028.962,0.12785
2027.033,0.12845
2025.104,0.12883
2023.176,0.12904
2021.247,0.12884
2019.318,0.12820
2017.390,0.12759
2015.461,0.12730
2013.532,0.12723
2011.603,0.12739
2009.675,0.12791
2007.746,0.12865
2005.817,0.12943
2003.889,0.13029
2001.960,0.13127
2000.031,0.13208
1998.103,0.13258
1996.174,0.13295
1994.245,0.13325
1992.317,0.13331
1990.388,0.13318
1988.459,0.13302
1986.531,0.13289
1984.602,0.13282
1982.673,0.13300
1980.745,0.13343
1978.816,0.13379
1976.887,0.13394
1974.959,0.13409
1973.030,0.13423
1971.101,0.13421
1969.173,0.13420
1967.244,0.13442
1965.315,0.13478
1963.387,0.13512
1961.458,0.13558
1959.529,0.13619
1957.601,0.13678
1955.672,0.13736
1953.743,0.13812
1951.815,0.13899
1949.886,0.13976
1947.957,0.14054
1946.029,0.14150
1944.100,0.14245
1942.171,0.14328
1940.243,0.14421
1938.314,0.14528
1936.385,0.14627
1934.457,0.14727
1932.528,0.14847
1930.599,0.14970
1928.671,0.15062
1926.742,0.15137
1924.813,0.15223
1922.885,0.15320
1920.956,0.15422
1919.027,0.15537
1917.099,0.15654
1915.170,0.15743
1913.241,0.15809
1911.313,0.15874
1909.384,0.15930
1907.455,0.15963
1905.527,0.16005
1903.598,0.16085
1901.669,0.16190
1899.741,0.16313
1897.812,0.16462
1895.883,0.16606
1893.955,0.16690
1892.026,0.16707
1890.097,0.16685
1888.169,0.16622
1886.240,0.16527
1884.311,0.16468
1882.383,0.16493
1880.454,0.16572
1878.525,0.16671
1876.597,0.16783
1874.668,0.16885
1872.739,0.16953
1870.811,0.17027
1868.882,0.17162
1866.953,0.17346
1865.025,0.17541
1863.096,0.17731
1861.167,0.17881
1859.239,0.17926
1857.310,0.17879
1855.381,0.17840
1853.452,0.17864
1851.524,0.17936
1849.595,0.18051
1847.666,0.18206
1845.738,0.18359
1843.809,0.18499
1841.880,0.18650
1839.952,0.18805
1838.023,0.18936
1836.094,0.19055
1834.166,0.19191
1832.237,0.19325
1830.308,0.19445
1828.380,0.19583
1826.451,0.19752
1824.522,0.19927
1822.594,0.20106
1820.665,0.20315
1818.736,0.20544
1816.808,0.20768
1814.879,0.21004
1812.950,0.21261
1811.022,0.21512
1809.093,0.21738
1807.164,0.21960
1805.236,0.22181
1803.307,0.22386
1801.378,0.22601
1799.450,0.22856
1797.521,0.23125
1795.592,0.23380
1793.664,0.23650
1791.735,0.23946
1789.806,0.24239
1787.878,0.24523
1785.949,0.24825
1784.020,0.25136
1782.092,0.25437
1780.163,0.25747
1778.234,0.26086
1776.306,0.26436
1774.377,0.26799
1772.448,0.27214
1770.520,0.27681
1768.591,0.28171
1766.662,0.28690
1764.734,0.29251
1762.805,0.29825
1760.876,0.30403
1758.948,0.31016
1757.019,0.31673
1755.090,0.32345
1753.162,0.33031
1751.233,0.33743
1749.304,0.34447
1747.376,0.35097
1745.447,0.35692
1743.518,0.36237
1741.590,0.36706
1739.661,0.37099
1737.732,0.37448
1735.804,0.37780
1733.875,0.38120
1731.946,0.38506
1730.018,0.38939
1728.089,0.39387
1726.160,0.39862
1724.232,0.40420
1722.303,0.41077
1720.374,0.41801
1718.446,0.42594
1716.517,0.43479
1714.588,0.44436
1712.660,0.45452
1710.731,0.46556
1708.802,0.47757
1706.874,0.49038
1704.945,0.50412
1703.016,0.51894
1701.088,0.53462
1699.159,0.55098
1697.230,0.56829
1695.302,0.58696
1693.373,0.60725
1691.444,0.62969
1689.515,0.65511
1687.587,0.68389
1685.658,0.71625
1683.729,0.75291
1681.801,0.79511
1679.872,0.84451
1677.943,0.90262
1676.015,0.97054
1674.086,1.05142
1672.157,1.15310
1670.229,1.28520
1668.300,1.45477
1666.371,1.66577
1664.443,1.91575
1662.514,2.17713
1660.585,2.37486
1658.657,2.45218
1656.728,2.46576
1654.799,2.48529
1652.871,2.52961
1650.942,2.60905
1649.013,2.73367
1647.085,2.87063
1645.156,2.87319
1643.227,2.61045
1641.299,2.24373
1639.370,1.91625
1637.441,1.65612
1635.513,1.45424
1633.584,1.29661
1631.655,1.17067
1629.727,1.06617
1627.798,0.97630
1625.869,0.89800
1623.941,0.83002
1622.012,0.77051
1620.083,0.71750
1618.155,0.67017
1616.226,0.62848
1614.297,0.59303
1612.369,0.56736
1610.440,0.55280
1608.511,0.53789
1606.583,0.51012
1604.654,0.47530
1602.725,0.44442
1600.797,0.41933
1598.868,0.39796
1596.939,0.37914
1595.011,0.36256
1593.082,0.34780
1591.153,0.33419
1589.225,0.32138
1587.296,0.30924
1585.367,0.29755
1583.439,0.28645
1581.510,0.27653
1579.581,0.26783
1577.653,0.25988
1575.724,0.25258
1573.795,0.24596
1571.867,0.23945
1569.938,0.23272
1568.009,0.22620
1566.081,0.22015
1564.152,0.21446
1562.223,0.20934
1560.295,0.20523
1558.366,0.20206
1556.437,0.19944
1554.509,0.19729
1552.580,0.19549
1550.651,0.19348
1548.723,0.19098
1546.794,0.18818
1544.865,0.18481
1542.937,0.18043
1541.008,0.17517
1539.079,0.16943
1537.151,0.16326
1535.222,0.15699
1533.293,0.15143
1531.364,0.14679
1529.436,0.14252
1527.507,0.13853
1525.578,0.13506
1523.650,0.13189
1521.721,0.12886
1519.792,0.12644
1517.864,0.12504
1515.935,0.12496
1514.006,0.12736
1512.078,0.13321
1510.149,0.13995
1508.220,0.14164
1506.292,0.13575
1504.363,0.12632
1502.434,0.11804
1500.506,0.11221
1498.577,0.10848
1496.648,0.10638
1494.720,0.10570
1492.791,0.10684
1490.862,0.11055
1488.934,0.11787
1487.005,0.13147
1485.076,0.15695
1483.148,0.20207
1481.219,0.27177
1479.290,0.35908
1477.362,0.44378
1475.433,0.50600
1473.504,0.52818
1471.576,0.50187
1469.647,0.45145
1467.718,0.40424
1465.790,0.36436
1463.861,0.32205
1461.932,0.26855
1460.004,0.21469
1458.075,0.17813
1456.146,0.15964
1454.218,0.14948
1452.289,0.14177
1450.360,0.13551
1448.432,0.13056
1446.503,0.12628
1444.574,0.12240
1442.646,0.11917
1440.717,0.11653
1438.788,0.11428
1436.860,0.11275
1434.931,0.11212
1433.002,0.11210
1431.074,0.11275
1429.145,0.11458
1427.216,0.11762
1425.288,0.12159
1423.359,0.12653
1421.430,0.13235
1419.502,0.13855
1417.573,0.14499
1415.644,0.15187
1413.716,0.15938
1411.787,0.16800
1409.858,0.17878
1407.930,0.19282
1406.001,0.21103
1404.072,0.23495
1402.144,0.26597
1400.215,0.30204
1398.286,0.33461
1396.358,0.35034
1394.429,0.34192
1392.500,0.31908
1390.572,0.30065
1388.643,0.29468
1386.714,0.28995
1384.786,0.26916
1382.857,0.23257
1380.928,0.19606
1379.000,0.16980
1377.071,0.15340
1375.142,0.14383
1373.214,0.13932
1371.285,0.13836
1369.356,0.13956
1367.427,0.14205
1365.499,0.14510
1363.570,0.14838
1361.641,0.15237
1359.713,0.15731
1357.784,0.16274
1355.855,0.16840
1353.927,0.17440
1351.998,0.18049
1350.069,0.18646
1348.141,0.19276
1346.212,0.19985
1344.283,0.20776
1342.355,0.21665
1340.426,0.22681
1338.497,0.23803
1336.569,0.25003
1334.640,0.26314
1332.711,0.27776
1330.783,0.29379
1328.854,0.31107
1326.925,0.32958
1324.997,0.34955
1323.068,0.37185
1321.139,0.39800
1319.211,0.42937
1317.282,0.46742
1315.353,0.51515
1313.425,0.57808
1311.496,0.66367
1309.567,0.77580
1307.639,0.89318
1305.710,0.93912
1303.781,0.86359
1301.853,0.75214
1299.924,0.69025
1297.995,0.69870
1296.067,0.76990
1294.138,0.89620
1292.209,1.08216
1290.281,1.34170
1288.352,1.68180
1286.423,2.03876
1284.495,2.05882
1282.566,1.71717
1280.637,1.44045
1278.709,1.32768
1276.780,1.37750
1274.851,1.56960
1272.923,1.84258
1270.994,1.98185
1269.065,1.77114
1267.137,1.45518
1265.208,1.19895
1263.279,1.00944
1261.351,0.87023
1259.422,0.77002
1257.493,0.69457
1255.565,0.62812
1253.636,0.56662
1251.707,0.51416
1249.779,0.47162
1247.850,0.43674
1245.921,0.40743
1243.993,0.38217
1242.064,0.35996
1240.135,0.34000
1238.207,0.32138
1236.278,0.30385
1234.349,0.28795
1232.421,0.27380
1230.492,0.26085
1228.563,0.24897
1226.635,0.23847
1224.706,0.22892
1222.777,0.21985
1220.849,0.21163
1218.920,0.20446
1216.991,0.19769
1215.063,0.19119
1213.134,0.18540
1211.205,0.18005
1209.277,0.17468
1207.348,0.16978
1205.419,0.16560
1203.490,0.16147
1201.562,0.15768
1199.633,0.15610
1197.704,0.15796
1195.776,0.16241
1193.847,0.16656
1191.918,0.16656
1189.990,0.16049
1188.061,0.15056
1186.132,0.14070
1184.204,0.13259
1182.275,0.12577
1180.346,0.12033
1178.418,0.11687
1176.489,0.11479
1174.560,0.11333
1172.632,0.11287
1170.703,0.11313
1168.774,0.11280
1166.846,0.11194
1164.917,0.11179
1162.988,0.11230
1161.060,0.11277
1159.131,0.11319
1157.202,0.11251
1155.274,0.10856
1153.345,0.10187
1151.416,0.09556
1149.488,0.09104
1147.559,0.08755
1145.630,0.08499
1143.702,0.08370
1141.773,0.08287
1139.844,0.08196
1137.916,0.08173
1135.987,0.08217
1134.058,0.08212
1132.130,0.08154
1130.201,0.08125
1128.272,0.08080
1126.344,0.07951
1124.415,0.07823
1122.486,0.07760
1120.558,0.07694
1118.629,0.07625
1116.700,0.07628
1114.772,0.07636
1112.843,0.07551
1110.914,0.07454
1108.986,0.07431
1107.057,0.07410
1105.128,0.07366
1103.200,0.07397
1101.271,0.07487
1099.342,0.07539
1097.414,0.07596
1095.485,0.07727
1093.556,0.07852
1091.628,0.07930
1089.699,0.08069
1087.770,0.08286
1085.842,0.08494
1083.913,0.08725
1081.984,0.09056
1080.056,0.09406
1078.127,0.09701
1076.198,0.10024
1074.270,0.10409
1072.341,0.10787
1070.412,0.11203
1068.484,0.11754
1066.555,0.12393
1064.626,0.13061
1062.698,0.13844
1060.769,0.14798
1058.840,0.15871
1056.912,0.17107
1054.983,0.18639
1053.054,0.20507
1051.126,0.22752
1049.197,0.25602
1047.268,0.29390
1045.339,0.34523
1043.411,0.41631
1041.482,0.51227
1039.553,0.61913
1037.625,0.67820
1035.696,0.63375
1033.767,0.52884
1031.839,0.43046
1029.910,0.35903
1027.981,0.30996
1026.053,0.27577
1024.124,0.25184
1022.195,0.23651
1020.267,0.23006
1018.338,0.23269
1016.409,0.24475
1014.481,0.26869
1012.552,0.30940
1010.623,0.37477
1008.695,0.47625
1006.766,0.62024
1004.837,0.78377
1002.909,0.89484
1000.980,0.88678
999.051,0.78109
997.123,0.64169
995.194,0.51132
993.265,0.40560
991.337,0.32605
989.408,0.26920
987.479,0.22978
985.551,0.20199
983.622,0.18108
981.693,0.16441
979.765,0.15101
977.836,0.14029
975.907,0.13124
973.979,0.12339
972.050,0.11752
970.121,0.11406
968.193,0.11233
966.264,0.11238
964.335,0.11510
962.407,0.12038
960.478,0.12774
958.549,0.13792
956.621,0.15159
954.692,0.16841
952.763,0.18846
950.835,0.21249
948.906,0.24078
946.977,0.27392
945.049,0.31343
943.120,0.35753
941.191,0.39543
939.263,0.41044
937.334,0.39544
935.405,0.36091
933.477,0.32248
931.548,0.28864
929.619,0.26080
927.691,0.23820
925.762,0.22111
923.833,0.21077
921.905,0.20740
919.976,0.20974
918.047,0.21654
916.119,0.22714
914.190,0.24095
912.261,0.25773
910.333,0.27783
908.404,0.30121
906.475,0.32682
904.547,0.35318
902.618,0.37819
900.689,0.39903
898.761,0.41374
896.832,0.42306
894.903,0.42983
892.975,0.43743
891.046,0.44886
889.117,0.46622
887.189,0.49098
885.260,0.52496
883.331,0.57103
881.402,0.63296
879.474,0.71537
877.545,0.82336
875.616,0.96094
873.688,1.12630
871.759,1.29991
869.830,1.42530
867.902,1.43450
865.973,1.35401
864.044,1.27580
862.116,1.25114
860.187,1.28562
858.258,1.36198
856.330,1.45443
854.401,1.53831
852.472,1.59692
850.544,1.62308
848.615,1.61485
846.686,1.56882
844.758,1.48725
842.829,1.39263
840.900,1.31215
838.972,1.25051
837.043,1.18800
835.114,1.10673
833.186,1.01102
831.257,0.91510
829.328,0.82821
827.400,0.75344
825.471,0.69064
823.542,0.63873
821.614,0.59638
819.685,0.56170
817.756,0.53238
815.828,0.50664
813.899,0.48301
811.970,0.46005
810.042,0.43702
808.113,0.41428
806.184,0.39238
804.256,0.37159
802.327,0.35219
800.398,0.33436
798.470,0.31786
796.541,0.30244
794.612,0.28819
792.684,0.27512
790.755,0.26290
788.826,0.25141
786.898,0.24075
784.969,0.23080
783.040,0.22138
781.112,0.21279
779.183,0.20528
777.254,0.19886
775.326,0.19395
773.397,0.19157
771.468,0.19266
769.540,0.19791
767.611,0.20817
765.682,0.22486
763.754,0.25160
761.825,0.29825
759.896,0.38461
757.968,0.53490
756.039,0.73309
754.110,0.81371
752.182,0.69063
750.253,0.57432
748.324,0.54674
746.396,0.56276
744.467,0.55419
742.538,0.50698
740.610,0.44883
738.681,0.39802
736.752,0.35858
734.824,0.33114
732.895,0.31686
730.966,0.30921
729.038,0.29315
727.109,0.26657
725.180,0.24368
723.251,0.23579
721.323,0.24147
719.394,0.24363
717.465,0.22935
715.537,0.21247
713.608,0.21286
711.679,0.24003
709.751,0.30349
707.822,0.41517
705.893,0.56880
703.965,0.69803
702.036,0.70327
700.107,0.61025
698.179,0.50768
696.250,0.42854
694.321,0.37226
692.393,0.33238
690.464,0.30406
688.535,0.28358
686.607,0.26776
684.678,0.25494
682.749,0.24434
680.821,0.23473
678.892,0.22543
676.963,0.21701
675.035,0.20968
673.106,0.20279
671.177,0.19644
669.249,0.19112
667.320,0.18615
665.391,0.18097
663.463,0.17629
661.534,0.17238
659.605,0.16844
657.677,0.16445
655.748,0.16109
653.819,0.15780
651.891,0.15393
649.962,0.15019
648.033,0.14692
646.105,0.14325
644.176,0.13919
642.247,0.13560
640.319,0.13215
638.390,0.12833
636.461,0.12506
634.533,0.12331
632.604,0.12429
630.675,0.13390
628.747,0.16714
626.818,0.24240
624.889,0.35043
622.961,0.42320
621.032,0.41946
619.103,0.38823
617.175,0.34672
615.246,0.28999
613.317,0.23971
611.389,0.20808
609.460,0.18933
607.531,0.17735
605.603,0.16885
603.674,0.16203
601.745,0.15674
599.817,0.15261
597.888,0.14858
595.959,0.14467
594.031,0.14159
592.102,0.13891
590.173,0.13598
588.245,0.13343
586.316,0.13157
584.387,0.12952
582.459,0.12731
580.530,0.12579
578.601,0.12458
576.673,0.12299
574.744,0.12161
572.815,0.12074
570.887,0.11960
568.958,0.11820
567.029,0.11728
565.101,0.11641
563.172,0.11500
561.243,0.11371
559.314,0.11291
557.386,0.11189
555.457,0.11062
553.528,0.10987
551.600,0.10933
549.671,0.10834
547.742,0.10739
545.814,0.10680
543.885,0.10603
541.956,0.10511
540.028,0.10470
538.099,0.10450
536.170,0.10385
534.242,0.10308
532.313,0.10252
530.384,0.10164
528.456,0.10059
526.527,0.10011
524.598,0.09978
522.670,0.09890
520.741,0.09811
518.812,0.09782
516.884,0.09745
514.955,0.09695
513.026,0.09672
511.098,0.09639
509.169,0.09567
507.240,0.09507
505.312,0.09472
503.383,0.09415
501.454,0.09365
499.526,0.09368
497.597,0.09357
495.668,0.09283
493.740,0.09208
491.811,0.09170
489.882,0.09131
487.954,0.09101
486.025,0.09114
484.096,0.09140
482.168,0.09154
480.239,0.09200
478.310,0.09261
476.382,0.09275
474.453,0.09288
472.524,0.09357
470.596,0.09455
468.667,0.09632
466.738,0.10073
464.810,0.10958
462.881,0.12427
460.952,0.14263
459.024,0.15445
457.095,0.15019
455.166,0.13441
453.238,0.11857
451.309,0.10770
449.380,0.10090
447.452,0.09698
445.523,0.09510
443.594,0.09382
441.666,0.09236
439.737,0.09122
437.808,0.09068
435.880,0.09050
433.951,0.09073
432.022,0.09132
430.094,0.09174
428.165,0.09204
426.236,0.09287
424.308,0.09402
422.379,0.09517
420.450,0.09672
418.522,0.09860
416.593,0.10074
414.664,0.10332
412.736,0.10637
410.807,0.10985
408.878,0.11455
406.950,0.12152
405.021,0.12965
403.092,0.14016
401.163,0.15492
399.235,0.17077
