7600.891,0.45639
7598.962,0.45626
7597.034,0.45601
7595.105,0.45559
7593.176,0.45540
7591.248,0.45552
7589.319,0.45550
7587.390,0.45527
7585.462,0.45504
7583.533,0.45492
7581.604,0.45484
7579.676,0.45465
7577.747,0.45431
7575.818,0.45394
7573.890,0.45384
7571.961,0.45386
7570.032,0.45358
7568.104,0.45323
7566.175,0.45319
7564.246,0.45322
7562.318,0.45308
7560.389,0.45290
7558.460,0.45273
7556.532,0.45267
7554.603,0.45268
7552.674,0.45245
7550.746,0.45201
7548.817,0.45185
7546.888,0.45201
7544.960,0.45197
7543.031,0.45166
7541.102,0.45136
7539.174,0.45118
7537.245,0.45105
7535.316,0.45093
7533.388,0.45089
7531.459,0.45085
7529.530,0.45066
7527.602,0.45040
7525.673,0.45022
7523.744,0.45011
7521.816,0.44997
7519.887,0.44979
7517.958,0.44955
7516.030,0.44921
7514.101,0.44901
7512.172,0.44902
7510.244,0.44890
7508.315,0.44866
7506.386,0.44851
7504.458,0.44841
7502.529,0.44824
7500.600,0.44823
7498.672,0.44837
7496.743,0.44823
7494.814,0.44773
7492.885,0.44732
7490.957,0.44721
7489.028,0.44724
7487.099,0.44722
7485.171,0.44698
7483.242,0.44658
7481.313,0.44627
7479.385,0.44607
7477.456,0.44601
7475.527,0.44602
7473.599,0.44589
7471.670,0.44569
7469.741,0.44549
7467.813,0.44528
7465.884,0.44512
7463.955,0.44497
7462.027,0.44482
7460.098,0.44459
7458.169,0.44421
7456.241,0.44389
7454.312,0.44374
7452.383,0.44380
7450.455,0.44387
7448.526,0.44369
7446.597,0.44338
7444.669,0.44315
7442.740,0.44300
7440.811,0.44301
7438.883,0.44311
7436.954,0.44297
7435.025,0.44253
7433.097,0.44210
7431.168,0.44184
7429.239,0.44174
7427.311,0.44177
7425.382,0.44178
7423.453,0.44162
7421.525,0.44131
7419.596,0.44107
7417.667,0.44095
7415.739,0.44080
7413.810,0.44068
7411.881,0.44059
7409.953,0.44040
7408.024,0.44018
7406.095,0.44000
7404.167,0.43975
7402.238,0.43940
7400.309,0.43911
7398.381,0.43900
7396.452,0.43897
7394.523,0.43878
7392.595,0.43842
7390.666,0.43809
7388.737,0.43798
7386.809,0.43807
7384.880,0.43808
7382.951,0.43787
7381.023,0.43762
7379.094,0.43738
7377.165,0.43711
7375.237,0.43693
7373.308,0.43695
7371.379,0.43702
7369.451,0.43684
7367.522,0.43641
7365.593,0.43606
7363.665,0.43593
7361.736,0.43583
7359.807,0.43562
7357.879,0.43543
7355.950,0.43534
7354.021,0.43523
7352.093,0.43501
7350.164,0.43470
7348.235,0.43454
7346.307,0.43459
7344.378,0.43452
7342.449,0.43420
7340.521,0.43386
7338.592,0.43365
7336.663,0.43364
7334.734,0.43370
7332.806,0.43367
7330.877,0.43357
7328.948,0.43346
7327.020,0.43323
7325.091,0.43295
7323.162,0.43285
7321.234,0.43286
7319.305,0.43273
7317.376,0.43250
7315.448,0.43236
7313.519,0.43226
7311.590,0.43209
7309.662,0.43181
7307.733,0.43144
7305.804,0.43117
7303.876,0.43118
7301.947,0.43124
7300.018,0.43107
7298.090,0.43074
7296.161,0.43054
7294.232,0.43059
7292.304,0.43052
7290.375,0.43008
7288.446,0.42969
7286.518,0.42968
7284.589,0.42963
7282.660,0.42927
7280.732,0.42910
7278.803,0.42927
7276.874,0.42931
7274.946,0.42908
7273.017,0.42883
7271.088,0.42854
7269.160,0.42815
7267.231,0.42788
7265.302,0.42787
7263.374,0.42800
7261.445,0.42809
7259.516,0.42804
7257.588,0.42781
7255.659,0.42756
7253.730,0.42752
7251.802,0.42738
7249.873,0.42692
7247.944,0.42660
7246.016,0.42655
7244.087,0.42639
7242.158,0.42617
7240.230,0.42610
7238.301,0.42603
7236.372,0.42584
7234.444,0.42561
7232.515,0.42552
7230.586,0.42550
7228.658,0.42522
7226.729,0.42483
7224.800,0.42464
7222.872,0.42453
7220.943,0.42438
7219.014,0.42422
7217.086,0.42408
7215.157,0.42395
7213.228,0.42378
7211.300,0.42353
7209.371,0.42329
7207.442,0.42316
7205.514,0.42317
7203.585,0.42329
7201.656,0.42327
7199.728,0.42297
7197.799,0.42268
7195.870,0.42246
7193.942,0.42215
7192.013,0.42190
7190.084,0.42184
7188.156,0.42191
7186.227,0.42202
7184.298,0.42190
7182.370,0.42157
7180.441,0.42129
7178.512,0.42110
7176.584,0.42093
7174.655,0.42083
7172.726,0.42083
7170.797,0.42080
7168.869,0.42070
7166.940,0.42055
7165.011,0.42032
7163.083,0.41996
7161.154,0.41961
7159.225,0.41934
7157.297,0.41919
7155.368,0.41913
7153.439,0.41901
7151.511,0.41881
7149.582,0.41857
7147.653,0.41839
7145.725,0.41828
7143.796,0.41811
7141.867,0.41794
7139.939,0.41781
7138.010,0.41757
7136.081,0.41730
7134.153,0.41719
7132.224,0.41717
7130.295,0.41719
7128.367,0.41720
7126.438,0.41702
7124.509,0.41668
7122.581,0.41644
7120.652,0.41625
7118.723,0.41607
7116.795,0.41605
7114.866,0.41607
7112.937,0.41594
7111.009,0.41583
7109.080,0.41580
7107.151,0.41565
7105.223,0.41530
7103.294,0.41496
7101.365,0.41471
7099.437,0.41454
7097.508,0.41443
7095.579,0.41430
7093.651,0.41409
7091.722,0.41388
7089.793,0.41383
7087.865,0.41389
7085.936,0.41386
7084.007,0.41361
7082.079,0.41334
7080.150,0.41330
7078.221,0.41335
7076.293,0.41320
7074.364,0.41291
7072.435,0.41269
7070.507,0.41261
7068.578,0.41258
7066.649,0.41251
7064.721,0.41234
7062.792,0.41204
7060.863,0.41171
7058.935,0.41150
7057.006,0.41145
7055.077,0.41149
7053.149,0.41147
7051.220,0.41126
7049.291,0.41105
7047.363,0.41100
7045.434,0.41102
7043.505,0.41095
7041.577,0.41064
7039.648,0.41022
7037.719,0.41001
7035.791,0.41007
7033.862,0.41009
7031.933,0.40987
7030.005,0.40957
7028.076,0.40940
7026.147,0.40927
7024.219,0.40907
7022.290,0.40891
7020.361,0.40878
7018.433,0.40858
7016.504,0.40843
7014.575,0.40843
7012.646,0.40849
7010.718,0.40850
7008.789,0.40834
7006.860,0.40798
7004.932,0.40767
7003.003,0.40761
7001.074,0.40763
6999.146,0.40743
6997.217,0.40716
6995.288,0.40701
6993.360,0.40688
6991.431,0.40667
6989.502,0.40648
6987.574,0.40635
6985.645,0.40621
6983.716,0.40610
6981.788,0.40598
6979.859,0.40577
6977.930,0.40558
6976.002,0.40549
6974.073,0.40536
6972.144,0.40523
6970.216,0.40517
6968.287,0.40514
6966.358,0.40504
6964.430,0.40484
6962.501,0.40467
6960.572,0.40451
6958.644,0.40424
6956.715,0.40394
6954.786,0.40375
6952.858,0.40368
6950.929,0.40371
6949.000,0.40368
6947.072,0.40346
6945.143,0.40312
6943.214,0.40279
6941.286,0.40266
6939.357,0.40275
6937.428,0.40269
6935.500,0.40236
6933.571,0.40201
6931.642,0.40182
6929.714,0.40177
6927.785,0.40174
6925.856,0.40166
6923.928,0.40154
6921.999,0.40136
6920.070,0.40111
6918.142,0.40091
6916.213,0.40081
6914.284,0.40068
6912.356,0.40040
6910.427,0.40011
6908.498,0.39995
6906.570,0.39985
6904.641,0.39966
6902.712,0.39942
6900.784,0.39924
6898.855,0.39908
6896.926,0.39890
6894.998,0.39874
6893.069,0.39861
6891.140,0.39846
6889.212,0.39827
6887.283,0.39815
6885.354,0.39807
6883.426,0.39789
6881.497,0.39763
6879.568,0.39741
6877.640,0.39729
6875.711,0.39726
6873.782,0.39721
6871.854,0.39700
6869.925,0.39670
6867.996,0.39644
6866.068,0.39625
6864.139,0.39613
6862.210,0.39606
6860.282,0.39589
6858.353,0.39560
6856.424,0.39536
6854.496,0.39534
6852.567,0.39540
6850.638,0.39529
6848.709,0.39496
6846.781,0.39454
6844.852,0.39426
6842.923,0.39411
6840.995,0.39394
6839.066,0.39374
6837.137,0.39355
6835.209,0.39342
6833.280,0.39335
6831.351,0.39327
6829.423,0.39312
6827.494,0.39292
6825.565,0.39270
6823.637,0.39250
6821.708,0.39234
6819.779,0.39214
6817.851,0.39191
6815.922,0.39169
6813.993,0.39153
6812.065,0.39138
6810.136,0.39113
6808.207,0.39082
6806.279,0.39061
6804.350,0.39042
6802.421,0.39013
6800.493,0.38986
6798.564,0.38969
6796.635,0.38958
6794.707,0.38952
6792.778,0.38946
6790.849,0.38933
6788.921,0.38909
6786.992,0.38883
6785.063,0.38870
6783.135,0.38859
6781.206,0.38843
6779.277,0.38825
6777.349,0.38809
6775.420,0.38797
6773.491,0.38783
6771.563,0.38765
6769.634,0.38746
6767.705,0.38725
6765.777,0.38705
6763.848,0.38692
6761.919,0.38681
6759.991,0.38661
6758.062,0.38632
6756.133,0.38601
6754.205,0.38577
6752.276,0.38565
6750.347,0.38560
6748.419,0.38554
6746.490,0.38540
6744.561,0.38513
6742.633,0.38490
6740.704,0.38481
6738.775,0.38476
6736.847,0.38462
6734.918,0.38431
6732.989,0.38401
6731.061,0.38388
6729.132,0.38387
6727.203,0.38381
6725.275,0.38364
6723.346,0.38341
6721.417,0.38320
6719.489,0.38301
6717.560,0.38284
6715.631,0.38272
6713.703,0.38259
6711.774,0.38239
6709.845,0.38221
6707.917,0.38215
6705.988,0.38210
6704.059,0.38198
6702.131,0.38176
6700.202,0.38146
6698.273,0.38121
6696.345,0.38111
6694.416,0.38101
6692.487,0.38076
6690.558,0.38048
6688.630,0.38033
6686.701,0.38026
6684.772,0.38016
6682.844,0.37996
6680.915,0.37970
6678.986,0.37950
6677.058,0.37942
6675.129,0.37931
6673.200,0.37914
6671.272,0.37902
6669.343,0.37888
6667.414,0.37868
6665.486,0.37851
6663.557,0.37835
6661.628,0.37813
6659.700,0.37796
6657.771,0.37789
6655.842,0.37780
6653.914,0.37763
6651.985,0.37740
6650.056,0.37716
6648.128,0.37694
6646.199,0.37673
6644.270,0.37660
6642.342,0.37649
6640.413,0.37631
6638.484,0.37608
6636.556,0.37590
6634.627,0.37575
6632.698,0.37553
6630.770,0.37528
6628.841,0.37509
6626.912,0.37495
6624.984,0.37480
6623.055,0.37466
6621.126,0.37452
6619.198,0.37441
6617.269,0.37433
6615.340,0.37420
6613.412,0.37397
6611.483,0.37368
6609.554,0.37340
6607.626,0.37317
6605.697,0.37305
6603.768,0.37303
6601.840,0.37294
6599.911,0.37269
6597.982,0.37249
6596.054,0.37243
6594.125,0.37237
6592.196,0.37219
6590.268,0.37188
6588.339,0.37156
6586.410,0.37132
6584.482,0.37114
6582.553,0.37100
6580.624,0.37088
6578.696,0.37076
6576.767,0.37063
6574.838,0.37051
6572.910,0.37049
6570.981,0.37049
6569.052,0.37039
6567.124,0.37018
6565.195,0.36991
6563.266,0.36964
6561.338,0.36937
6559.409,0.36907
6557.480,0.36879
6555.552,0.36866
6553.623,0.36862
6551.694,0.36854
6549.766,0.36840
6547.837,0.36830
6545.908,0.36820
6543.980,0.36802
6542.051,0.36781
6540.122,0.36762
6538.194,0.36742
6536.265,0.36725
6534.336,0.36713
6532.408,0.36695
6530.479,0.36673
6528.550,0.36659
6526.621,0.36651
6524.693,0.36639
6522.764,0.36626
6520.835,0.36611
6518.907,0.36589
6516.978,0.36568
6515.049,0.36551
6513.121,0.36530
6511.192,0.36509
6509.263,0.36491
6507.335,0.36477
6505.406,0.36461
6503.477,0.36442
6501.549,0.36426
6499.620,0.36413
6497.691,0.36395
6495.763,0.36372
6493.834,0.36355
6491.905,0.36347
6489.977,0.36340
6488.048,0.36328
6486.119,0.36313
6484.191,0.36295
6482.262,0.36280
6480.333,0.36273
6478.405,0.36260
6476.476,0.36238
6474.547,0.36218
6472.619,0.36197
6470.690,0.36173
6468.761,0.36154
6466.833,0.36135
6464.904,0.36119
6462.975,0.36111
6461.047,0.36104
6459.118,0.36096
6457.189,0.36090
6455.261,0.36077
6453.332,0.36052
6451.403,0.36026
6449.475,0.36013
6447.546,0.36007
6445.617,0.35997
6443.689,0.35977
6441.760,0.35952
6439.831,0.35927
6437.903,0.35904
6435.974,0.35883
6434.045,0.35864
6432.117,0.35848
6430.188,0.35834
6428.259,0.35816
6426.331,0.35794
6424.402,0.35774
6422.473,0.35760
6420.545,0.35753
6418.616,0.35747
6416.687,0.35736
6414.759,0.35720
6412.830,0.35697
6410.901,0.35667
6408.973,0.35640
6407.044,0.35630
6405.115,0.35627
6403.187,0.35617
6401.258,0.35598
6399.329,0.35576
6397.401,0.35560
6395.472,0.35547
6393.543,0.35528
6391.615,0.35509
6389.686,0.35492
6387.757,0.35479
6385.829,0.35466
6383.900,0.35447
6381.971,0.35427
6380.043,0.35413
6378.114,0.35408
6376.185,0.35402
6374.257,0.35387
6372.328,0.35371
6370.399,0.35364
6368.471,0.35357
6366.542,0.35339
6364.613,0.35311
6362.684,0.35287
6360.756,0.35271
6358.827,0.35258
6356.898,0.35247
6354.970,0.35234
6353.041,0.35210
6351.112,0.35181
6349.184,0.35160
6347.255,0.35148
6345.326,0.35133
6343.398,0.35123
6341.469,0.35120
6339.540,0.35109
6337.612,0.35089
6335.683,0.35070
6333.754,0.35059
6331.826,0.35045
6329.897,0.35023
6327.968,0.35004
6326.040,0.34986
6324.111,0.34962
6322.182,0.34940
6320.254,0.34929
6318.325,0.34929
6316.396,0.34929
6314.468,0.34920
6312.539,0.34897
6310.610,0.34873
6308.682,0.34856
6306.753,0.34844
6304.824,0.34830
6302.896,0.34814
6300.967,0.34794
6299.038,0.34774
6297.110,0.34758
6295.181,0.34748
6293.252,0.34740
6291.324,0.34726
6289.395,0.34705
6287.466,0.34685
6285.538,0.34668
6283.609,0.34658
6281.680,0.34650
6279.752,0.34638
6277.823,0.34623
6275.894,0.34608
6273.966,0.34594
6272.037,0.34581
6270.108,0.34569
6268.180,0.34554
6266.251,0.34533
6264.322,0.34511
6262.394,0.34494
6260.465,0.34480
6258.536,0.34459
6256.608,0.34434
6254.679,0.34418
6252.750,0.34412
6250.822,0.34399
6248.893,0.34376
6246.964,0.34353
6245.036,0.34332
6243.107,0.34315
6241.178,0.34305
6239.250,0.34295
6237.321,0.34280
6235.392,0.34268
6233.464,0.34264
6231.535,0.34255
6229.606,0.34240
6227.678,0.34226
6225.749,0.34215
6223.820,0.34203
6221.892,0.34190
6219.963,0.34175
6218.034,0.34157
6216.106,0.34142
6214.177,0.34129
6212.248,0.34116
6210.320,0.34106
6208.391,0.34095
6206.462,0.34075
6204.533,0.34056
6202.605,0.34048
6200.676,0.34044
6198.747,0.34038
6196.819,0.34030
6194.890,0.34016
6192.961,0.33999
6191.033,0.33989
6189.104,0.33984
6187.175,0.33977
6185.247,0.33968
6183.318,0.33959
6181.389,0.33954
6179.461,0.33944
6177.532,0.33930
6175.603,0.33929
6173.675,0.33942
6171.746,0.33958
6169.817,0.33976
6167.889,0.34003
6165.960,0.34037
6164.031,0.34077
6162.103,0.34133
6160.174,0.34210
6158.245,0.34302
6156.317,0.34406
6154.388,0.34510
6152.459,0.34584
6150.531,0.34594
6148.602,0.34538
6146.673,0.34445
6144.745,0.34352
6142.816,0.34277
6140.887,0.34223
6138.959,0.34200
6137.030,0.34218
6135.101,0.34272
6133.173,0.34327
6131.244,0.34333
6129.315,0.34271
6127.387,0.34166
6125.458,0.34044
6123.529,0.33916
6121.601,0.33800
6119.672,0.33707
6117.743,0.33631
6115.815,0.33567
6113.886,0.33519
6111.957,0.33481
6110.029,0.33439
6108.100,0.33392
6106.171,0.33351
6104.243,0.33319
6102.314,0.33299
6100.385,0.33292
6098.457,0.33289
6096.528,0.33279
6094.599,0.33258
6092.671,0.33229
6090.742,0.33196
6088.813,0.33166
6086.885,0.33145
6084.956,0.33125
6083.027,0.33100
6081.099,0.33074
6079.170,0.33055
6077.241,0.33042
6075.313,0.33028
6073.384,0.33010
6071.455,0.32997
6069.527,0.32990
6067.598,0.32986
6065.669,0.32988
6063.741,0.33003
6061.812,0.33023
6059.883,0.33027
6057.955,0.33006
6056.026,0.32973
6054.097,0.32939
6052.169,0.32907
6050.240,0.32884
6048.311,0.32865
6046.383,0.32846
6044.454,0.32836
6042.525,0.32834
6040.596,0.32830
6038.668,0.32813
6036.739,0.32784
6034.810,0.32754
6032.882,0.32730
6030.953,0.32713
6029.024,0.32702
6027.096,0.32694
6025.167,0.32688
6023.238,0.32687
6021.310,0.32689
6019.381,0.32693
6017.452,0.32705
6015.524,0.32728
6013.595,0.32760
6011.666,0.32797
6009.738,0.32840
6007.809,0.32876
6005.880,0.32891
6003.952,0.32882
6002.023,0.32849
6000.094,0.32796
5998.166,0.32732
5996.237,0.32662
5994.308,0.32596
5992.380,0.32542
5990.451,0.32494
5988.522,0.32446
5986.594,0.32402
5984.665,0.32364
5982.736,0.32329
5980.808,0.32294
5978.879,0.32259
5976.950,0.32223
5975.022,0.32191
5973.093,0.32165
5971.164,0.32141
5969.236,0.32122
5967.307,0.32106
5965.378,0.32090
5963.450,0.32075
5961.521,0.32060
5959.592,0.32040
5957.664,0.32019
5955.735,0.32003
5953.806,0.31987
5951.878,0.31970
5949.949,0.31958
5948.020,0.31947
5946.092,0.31935
5944.163,0.31921
5942.234,0.31905
5940.306,0.31888
5938.377,0.31873
5936.448,0.31861
5934.520,0.31846
5932.591,0.31831
5930.662,0.31820
5928.734,0.31812
5926.805,0.31802
5924.876,0.31786
5922.948,0.31770
5921.019,0.31762
5919.090,0.31759
5917.162,0.31753
5915.233,0.31743
5913.304,0.31725
5911.376,0.31703
5909.447,0.31689
5907.518,0.31689
5905.590,0.31691
5903.661,0.31684
5901.732,0.31672
5899.804,0.31665
5897.875,0.31659
5895.946,0.31646
5894.018,0.31627
5892.089,0.31607
5890.160,0.31590
5888.232,0.31573
5886.303,0.31553
5884.374,0.31537
5882.445,0.31525
5880.517,0.31510
5878.588,0.31493
5876.659,0.31478
5874.731,0.31470
5872.802,0.31463
5870.873,0.31451
5868.945,0.31444
5867.016,0.31443
5865.087,0.31445
5863.159,0.31439
5861.230,0.31428
5859.301,0.31423
5857.373,0.31422
5855.444,0.31421
5853.515,0.31421
5851.587,0.31423
5849.658,0.31427
5847.729,0.31435
5845.801,0.31438
5843.872,0.31435
5841.943,0.31433
5840.015,0.31429
5838.086,0.31424
5836.157,0.31415
5834.229,0.31393
5832.300,0.31355
5830.371,0.31309
5828.443,0.31266
5826.514,0.31226
5824.585,0.31188
5822.657,0.31156
5820.728,0.31129
5818.799,0.31103
5816.871,0.31076
5814.942,0.31048
5813.013,0.31022
5811.085,0.31002
5809.156,0.30983
5807.227,0.30964
5805.299,0.30945
5803.370,0.30925
5801.441,0.30906
5799.513,0.30888
5797.584,0.30867
5795.655,0.30843
5793.727,0.30824
5791.798,0.30812
5789.869,0.30799
5787.941,0.30780
5786.012,0.30760
5784.083,0.30744
5782.155,0.30729
5780.226,0.30714
5778.297,0.30694
5776.369,0.30672
5774.440,0.30653
5772.511,0.30637
5770.583,0.30616
5768.654,0.30589
5766.725,0.30561
5764.797,0.30537
5762.868,0.30519
5760.939,0.30502
5759.011,0.30481
5757.082,0.30457
5755.153,0.30435
5753.225,0.30415
5751.296,0.30396
5749.367,0.30379
5747.439,0.30363
5745.510,0.30346
5743.581,0.30330
5741.653,0.30315
5739.724,0.30300
5737.795,0.30287
5735.867,0.30273
5733.938,0.30257
5732.009,0.30242
5730.081,0.30232
5728.152,0.30225
5726.223,0.30218
5724.295,0.30211
5722.366,0.30205
5720.437,0.30198
5718.508,0.30189
5716.580,0.30184
5714.651,0.30187
5712.722,0.30195
5710.794,0.30204
5708.865,0.30211
5706.936,0.30219
5705.008,0.30231
5703.079,0.30246
5701.150,0.30256
5699.222,0.30255
5697.293,0.30236
5695.364,0.30195
5693.436,0.30140
5691.507,0.30085
5689.578,0.30040
5687.650,0.30004
5685.721,0.29970
5683.792,0.29938
5681.864,0.29911
5679.935,0.29889
5678.006,0.29869
5676.078,0.29851
5674.149,0.29833
5672.220,0.29814
5670.292,0.29793
5668.363,0.29772
5666.434,0.29752
5664.506,0.29731
5662.577,0.29711
5660.648,0.29693
5658.720,0.29671
5656.791,0.29646
5654.862,0.29624
5652.934,0.29602
5651.005,0.29575
5649.076,0.29549
5647.148,0.29527
5645.219,0.29509
5643.290,0.29491
5641.362,0.29472
5639.433,0.29451
5637.504,0.29429
5635.576,0.29411
5633.647,0.29394
5631.718,0.29374
5629.790,0.29353
5627.861,0.29338
5625.932,0.29327
5624.004,0.29318
5622.075,0.29307
5620.146,0.29293
5618.218,0.29274
5616.289,0.29255
5614.360,0.29240
5612.432,0.29224
5610.503,0.29207
5608.574,0.29193
5606.646,0.29179
5604.717,0.29161
5602.788,0.29139
5600.860,0.29118
5598.931,0.29100
5597.002,0.29084
5595.074,0.29070
5593.145,0.29052
5591.216,0.29029
5589.288,0.29004
5587.359,0.28982
5585.430,0.28961
5583.502,0.28943
5581.573,0.28928
5579.644,0.28913
5577.716,0.28894
5575.787,0.28874
5573.858,0.28856
5571.930,0.28841
5570.001,0.28827
5568.072,0.28812
5566.144,0.28793
5564.215,0.28773
5562.286,0.28754
5560.357,0.28737
5558.429,0.28724
5556.500,0.28710
5554.571,0.28695
5552.643,0.28681
5550.714,0.28666
5548.785,0.28649
5546.857,0.28630
5544.928,0.28612
5542.999,0.28594
5541.071,0.28576
5539.142,0.28556
5537.213,0.28537
5535.285,0.28522
5533.356,0.28509
5531.427,0.28495
5529.499,0.28481
5527.570,0.28467
5525.641,0.28454
5523.713,0.28441
5521.784,0.28426
5519.855,0.28410
5517.927,0.28394
5515.998,0.28379
5514.069,0.28364
5512.141,0.28351
5510.212,0.28340
5508.283,0.28324
5506.355,0.28307
5504.426,0.28296
5502.497,0.28286
5500.569,0.28269
5498.640,0.28250
5496.711,0.28236
5494.783,0.28226
5492.854,0.28213
5490.925,0.28193
5488.997,0.28170
5487.068,0.28148
5485.139,0.28131
5483.211,0.28111
5481.282,0.28090
5479.353,0.28072
5477.425,0.28051
5475.496,0.28027
5473.567,0.28008
5471.639,0.27993
5469.710,0.27975
5467.781,0.27954
5465.853,0.27930
5463.924,0.27908
5461.995,0.27893
5460.067,0.27881
5458.138,0.27870
5456.209,0.27858
5454.281,0.27841
5452.352,0.27819
5450.423,0.27801
5448.495,0.27790
5446.566,0.27777
5444.637,0.27759
5442.709,0.27740
5440.780,0.27722
5438.851,0.27705
5436.923,0.27688
5434.994,0.27675
5433.065,0.27663
5431.137,0.27649
5429.208,0.27635
5427.279,0.27620
5425.351,0.27607
5423.422,0.27597
5421.493,0.27584
5419.565,0.27567
5417.636,0.27548
5415.707,0.27530
5413.779,0.27518
5411.850,0.27510
5409.921,0.27501
5407.993,0.27487
5406.064,0.27469
5404.135,0.27451
5402.207,0.27432
5400.278,0.27416
5398.349,0.27403
5396.420,0.27389
5394.492,0.27370
5392.563,0.27346
5390.634,0.27328
5388.706,0.27316
5386.777,0.27303
5384.848,0.27287
5382.920,0.27269
5380.991,0.27253
5379.062,0.27236
5377.134,0.27218
5375.205,0.27205
5373.276,0.27194
5371.348,0.27178
5369.419,0.27160
5367.490,0.27144
5365.562,0.27133
5363.633,0.27119
5361.704,0.27102
5359.776,0.27088
5357.847,0.27077
5355.918,0.27065
5353.990,0.27052
5352.061,0.27040
5350.132,0.27028
5348.204,0.27012
5346.275,0.26990
5344.346,0.26969
5342.418,0.26955
5340.489,0.26943
5338.560,0.26930
5336.632,0.26918
5334.703,0.26905
5332.774,0.26888
5330.846,0.26868
5328.917,0.26848
5326.988,0.26831
5325.060,0.26814
5323.131,0.26796
5321.202,0.26779
5319.274,0.26767
5317.345,0.26758
5315.416,0.26745
5313.488,0.26726
5311.559,0.26709
5309.630,0.26692
5307.702,0.26673
5305.773,0.26655
5303.844,0.26642
5301.916,0.26628
5299.987,0.26612
5298.058,0.26594
5296.130,0.26580
5294.201,0.26566
5292.272,0.26552
5290.344,0.26537
5288.415,0.26522
5286.486,0.26506
5284.558,0.26488
5282.629,0.26471
5280.700,0.26460
5278.772,0.26450
5276.843,0.26434
5274.914,0.26417
5272.986,0.26403
5271.057,0.26389
5269.128,0.26374
5267.200,0.26360
5265.271,0.26348
5263.342,0.26338
5261.414,0.26325
5259.485,0.26309
5257.556,0.26295
5255.628,0.26283
5253.699,0.26268
5251.770,0.26252
5249.842,0.26237
5247.913,0.26224
5245.984,0.26211
5244.056,0.26203
5242.127,0.26195
5240.198,0.26180
5238.269,0.26161
5236.341,0.26142
5234.412,0.26126
5232.483,0.26113
5230.555,0.26097
5228.626,0.26077
5226.697,0.26061
5224.769,0.26050
5222.840,0.26037
5220.911,0.26025
5218.983,0.26014
5217.054,0.25999
5215.125,0.25981
5213.197,0.25965
5211.268,0.25949
5209.339,0.25931
5207.411,0.25915
5205.482,0.25905
5203.553,0.25896
5201.625,0.25881
5199.696,0.25861
5197.767,0.25843
5195.839,0.25829
5193.910,0.25813
5191.981,0.25795
5190.053,0.25778
5188.124,0.25762
5186.195,0.25747
5184.267,0.25734
5182.338,0.25724
5180.409,0.25712
5178.481,0.25699
5176.552,0.25688
5174.623,0.25673
5172.695,0.25655
5170.766,0.25641
5168.837,0.25626
5166.909,0.25606
5164.980,0.25587
5163.051,0.25571
5161.123,0.25558
5159.194,0.25546
5157.265,0.25531
5155.337,0.25511
5153.408,0.25493
5151.479,0.25480
5149.551,0.25465
5147.622,0.25447
5145.693,0.25433
5143.765,0.25418
5141.836,0.25399
5139.907,0.25379
5137.979,0.25359
5136.050,0.25343
5134.121,0.25335
5132.193,0.25327
5130.264,0.25313
5128.335,0.25294
5126.407,0.25277
5124.478,0.25263
5122.549,0.25250
5120.621,0.25234
5118.692,0.25218
5116.763,0.25203
5114.835,0.25187
5112.906,0.25171
5110.977,0.25156
5109.049,0.25141
5107.120,0.25128
5105.191,0.25115
5103.263,0.25098
5101.334,0.25081
5099.405,0.25068
5097.477,0.25055
5095.548,0.25036
5093.619,0.25019
5091.691,0.25008
5089.762,0.25001
5087.833,0.24990
5085.905,0.24975
5083.976,0.24961
5082.047,0.24944
5080.119,0.24924
5078.190,0.24905
5076.261,0.24892
5074.332,0.24879
5072.404,0.24868
5070.475,0.24855
5068.546,0.24839
5066.618,0.24821
5064.689,0.24806
5062.760,0.24792
5060.832,0.24775
5058.903,0.24756
5056.974,0.24737
5055.046,0.24719
5053.117,0.24703
5051.188,0.24688
5049.260,0.24674
5047.331,0.24660
5045.402,0.24647
5043.474,0.24634
5041.545,0.24620
5039.616,0.24603
5037.688,0.24584
5035.759,0.24567
5033.830,0.24553
5031.902,0.24542
5029.973,0.24529
5028.044,0.24516
5026.116,0.24501
5024.187,0.24485
5022.258,0.24471
5020.330,0.24458
5018.401,0.24446
5016.472,0.24433
5014.544,0.24417
5012.615,0.24397
5010.686,0.24381
5008.758,0.24369
5006.829,0.24359
5004.900,0.24350
5002.972,0.24337
5001.043,0.24320
4999.114,0.24305
4997.186,0.24291
4995.257,0.24273
4993.328,0.24252
4991.400,0.24237
4989.471,0.24225
4987.542,0.24211
4985.614,0.24196
4983.685,0.24181
4981.756,0.24168
4979.828,0.24157
4977.899,0.24144
4975.970,0.24132
4974.042,0.24118
4972.113,0.24103
4970.184,0.24089
4968.256,0.24080
4966.327,0.24071
4964.398,0.24058
4962.470,0.24043
4960.541,0.24030
4958.612,0.24015
4956.684,0.23998
4954.755,0.23986
4952.826,0.23977
4950.898,0.23965
4948.969,0.23949
4947.040,0.23933
4945.112,0.23917
4943.183,0.23902
4941.254,0.23888
4939.326,0.23873
4937.397,0.23857
4935.468,0.23840
4933.540,0.23821
4931.611,0.23806
4929.682,0.23796
4927.754,0.23784
4925.825,0.23772
4923.896,0.23757
4921.968,0.23738
4920.039,0.23718
4918.110,0.23702
4916.181,0.23689
4914.253,0.23676
4912.324,0.23662
4910.395,0.23646
4908.467,0.23630
4906.538,0.23617
4904.609,0.23603
4902.681,0.23589
4900.752,0.23574
4898.823,0.23555
4896.895,0.23534
4894.966,0.23521
4893.037,0.23512
4891.109,0.23500
4889.180,0.23486
4887.251,0.23471
4885.323,0.23455
4883.394,0.23441
4881.465,0.23427
4879.537,0.23410
4877.608,0.23395
4875.679,0.23384
4873.751,0.23370
4871.822,0.23351
4869.893,0.23334
4867.965,0.23320
4866.036,0.23309
4864.107,0.23297
4862.179,0.23282
4860.250,0.23267
4858.321,0.23254
4856.393,0.23241
4854.464,0.23229
4852.535,0.23215
4850.607,0.23199
4848.678,0.23181
4846.749,0.23165
4844.821,0.23151
4842.892,0.23139
4840.963,0.23125
4839.035,0.23107
4837.106,0.23087
4835.177,0.23070
4833.249,0.23058
4831.320,0.23044
4829.391,0.23026
4827.463,0.23008
4825.534,0.22989
4823.605,0.22972
4821.677,0.22959
4819.748,0.22948
4817.819,0.22937
4815.891,0.22926
4813.962,0.22908
4812.033,0.22889
4810.105,0.22878
4808.176,0.22867
4806.247,0.22850
4804.319,0.22832
4802.390,0.22815
4800.461,0.22797
4798.533,0.22782
4796.604,0.22770
4794.675,0.22756
4792.747,0.22741
4790.818,0.22729
4788.889,0.22715
4786.961,0.22698
4785.032,0.22682
4783.103,0.22668
4781.175,0.22656
4779.246,0.22645
4777.317,0.22632
4775.389,0.22619
4773.460,0.22608
4771.531,0.22596
4769.603,0.22582
4767.674,0.22565
4765.745,0.22550
4763.817,0.22538
4761.888,0.22528
4759.959,0.22518
4758.031,0.22506
4756.102,0.22493
4754.173,0.22477
4752.244,0.22462
4750.316,0.22447
4748.387,0.22432
4746.458,0.22417
4744.530,0.22403
4742.601,0.22390
4740.672,0.22375
4738.744,0.22357
4736.815,0.22337
4734.886,0.22320
4732.958,0.22305
4731.029,0.22293
4729.100,0.22280
4727.172,0.22265
4725.243,0.22253
4723.314,0.22244
4721.386,0.22234
4719.457,0.22221
4717.528,0.22205
4715.600,0.22187
4713.671,0.22170
4711.742,0.22159
4709.814,0.22149
4707.885,0.22135
4705.956,0.22118
4704.028,0.22103
4702.099,0.22090
4700.170,0.22078
4698.242,0.22068
4696.313,0.22057
4694.384,0.22045
4692.456,0.22031
4690.527,0.22016
4688.598,0.22000
4686.670,0.21986
4684.741,0.21973
4682.812,0.21961
4680.884,0.21949
4678.955,0.21939
4677.026,0.21927
4675.098,0.21911
4673.169,0.21895
4671.240,0.21884
4669.312,0.21873
4667.383,0.21859
4665.454,0.21845
4663.526,0.21830
4661.597,0.21811
4659.668,0.21792
4657.740,0.21776
4655.811,0.21762
4653.882,0.21749
4651.954,0.21736
4650.025,0.21723
4648.096,0.21708
4646.168,0.21692
4644.239,0.21674
4642.310,0.21656
4640.382,0.21642
4638.453,0.21630
4636.524,0.21617
4634.596,0.21603
4632.667,0.21588
4630.738,0.21570
4628.810,0.21550
4626.881,0.21535
4624.952,0.21525
4623.024,0.21516
4621.095,0.21505
4619.166,0.21494
4617.238,0.21485
4615.309,0.21478
4613.380,0.21470
4611.452,0.21464
4609.523,0.21460
4607.594,0.21451
4605.666,0.21437
4603.737,0.21423
4601.808,0.21411
4599.880,0.21397
4597.951,0.21379
4596.022,0.21358
4594.093,0.21340
4592.165,0.21323
4590.236,0.21307
4588.307,0.21293
4586.379,0.21281
4584.450,0.21268
4582.521,0.21255
4580.593,0.21244
4578.664,0.21231
4576.735,0.21217
4574.807,0.21204
4572.878,0.21190
4570.949,0.21176
4569.021,0.21162
4567.092,0.21149
4565.163,0.21134
4563.235,0.21119
4561.306,0.21106
4559.377,0.21094
4557.449,0.21079
4555.520,0.21064
4553.591,0.21053
4551.663,0.21045
4549.734,0.21036
4547.805,0.21024
4545.877,0.21012
4543.948,0.21002
4542.019,0.20995
4540.091,0.20990
4538.162,0.20986
4536.233,0.20986
4534.305,0.20988
4532.376,0.20989
4530.447,0.20984
4528.519,0.20970
4526.590,0.20950
4524.661,0.20932
4522.733,0.20925
4520.804,0.20927
4518.875,0.20931
4516.947,0.20930
4515.018,0.20921
4513.089,0.20910
4511.161,0.20899
4509.232,0.20892
4507.303,0.20895
4505.375,0.20917
4503.446,0.20952
4501.517,0.20997
4499.589,0.21058
4497.660,0.21144
4495.731,0.21258
4493.803,0.21374
4491.874,0.21441
4489.945,0.21438
4488.017,0.21389
4486.088,0.21337
4484.159,0.21304
4482.231,0.21275
4480.302,0.21216
4478.373,0.21117
4476.445,0.21006
4474.516,0.20917
4472.587,0.20862
4470.659,0.20838
4468.730,0.20842
4466.801,0.20869
4464.873,0.20908
4462.944,0.20951
4461.015,0.20986
4459.087,0.21005
4457.158,0.21004
4455.229,0.20989
4453.301,0.20966
4451.372,0.20937
4449.443,0.20901
4447.515,0.20858
4445.586,0.20812
4443.657,0.20762
4441.729,0.20713
4439.800,0.20674
4437.871,0.20647
4435.943,0.20630
4434.014,0.20625
4432.085,0.20634
4430.156,0.20662
4428.228,0.20706
4426.299,0.20756
4424.370,0.20807
4422.442,0.20865
4420.513,0.20937
4418.584,0.21021
4416.656,0.21098
4414.727,0.21146
4412.798,0.21156
4410.870,0.21146
4408.941,0.21142
4407.012,0.21153
4405.084,0.21169
4403.155,0.21180
4401.226,0.21177
4399.298,0.21149
4397.369,0.21091
4395.440,0.21018
4393.512,0.20952
4391.583,0.20909
4389.654,0.20889
4387.726,0.20887
4385.797,0.20897
4383.868,0.20915
4381.940,0.20933
4380.011,0.20939
4378.082,0.20917
4376.154,0.20855
4374.225,0.20760
4372.296,0.20656
4370.368,0.20556
4368.439,0.20466
4366.510,0.20388
4364.582,0.20324
4362.653,0.20275
4360.724,0.20240
4358.796,0.20217
4356.867,0.20209
4354.938,0.20217
4353.010,0.20241
4351.081,0.20286
4349.152,0.20350
4347.224,0.20424
4345.295,0.20501
4343.366,0.20572
4341.438,0.20631
4339.509,0.20673
4337.580,0.20699
4335.652,0.20707
4333.723,0.20696
4331.794,0.20666
4329.866,0.20633
4327.937,0.20625
4326.008,0.20666
4324.080,0.20762
4322.151,0.20889
4320.222,0.20988
4318.294,0.21001
4316.365,0.20929
4314.436,0.20837
4312.508,0.20780
4310.579,0.20750
4308.650,0.20701
4306.722,0.20609
4304.793,0.20499
4302.864,0.20409
4300.936,0.20353
4299.007,0.20323
4297.078,0.20315
4295.150,0.20328
4293.221,0.20356
4291.292,0.20387
4289.364,0.20403
4287.435,0.20391
4285.506,0.20358
4283.578,0.20315
4281.649,0.20263
4279.720,0.20201
4277.792,0.20127
4275.863,0.20041
4273.934,0.19951
4272.005,0.19867
4270.077,0.19794
4268.148,0.19728
4266.219,0.19668
4264.291,0.19617
4262.362,0.19572
4260.433,0.19536
4258.505,0.19512
4256.576,0.19497
4254.647,0.19488
4252.719,0.19474
4250.790,0.19443
4248.861,0.19399
4246.933,0.19348
4245.004,0.19298
4243.075,0.19255
4241.147,0.19223
4239.218,0.19198
4237.289,0.19174
4235.361,0.19153
4233.432,0.19138
4231.503,0.19128
4229.575,0.19123
4227.646,0.19123
4225.717,0.19128
4223.789,0.19136
4221.860,0.19144
4219.931,0.19151
4218.003,0.19160
4216.074,0.19166
4214.145,0.19162
4212.217,0.19153
4210.288,0.19144
4208.359,0.19135
4206.431,0.19133
4204.502,0.19139
4202.573,0.19140
4200.645,0.19133
4198.716,0.19123
4196.787,0.19108
4194.859,0.19086
4192.930,0.19057
4191.001,0.19019
4189.073,0.18979
4187.144,0.18944
4185.215,0.18911
4183.287,0.18878
4181.358,0.18848
4179.429,0.18823
4177.501,0.18799
4175.572,0.18774
4173.643,0.18748
4171.715,0.18721
4169.786,0.18698
4167.857,0.18678
4165.929,0.18658
4164.000,0.18637
4162.071,0.18618
4160.143,0.18599
4158.214,0.18580
4156.285,0.18561
4154.357,0.18540
4152.428,0.18519
4150.499,0.18503
4148.571,0.18490
4146.642,0.18475
4144.713,0.18459
4142.785,0.18445
4140.856,0.18432
4138.927,0.18418
4136.999,0.18405
4135.070,0.18393
4133.141,0.18380
4131.213,0.18368
4129.284,0.18356
4127.355,0.18346
4125.427,0.18338
4123.498,0.18332
4121.569,0.18329
4119.641,0.18333
4117.712,0.18341
4115.783,0.18352
4113.855,0.18368
4111.926,0.18389
4109.997,0.18410
4108.068,0.18430
4106.140,0.18444
4104.211,0.18446
4102.282,0.18440
4100.354,0.18435
4098.425,0.18437
4096.496,0.18440
4094.568,0.18434
4092.639,0.18413
4090.710,0.18384
4088.782,0.18352
4086.853,0.18314
4084.924,0.18273
4082.996,0.18234
4081.067,0.18196
4079.138,0.18159
4077.210,0.18125
4075.281,0.18088
4073.352,0.18048
4071.424,0.18012
4069.495,0.17981
4067.566,0.17950
4065.638,0.17918
4063.709,0.17887
4061.780,0.17859
4059.852,0.17835
4057.923,0.17813
4055.994,0.17793
4054.066,0.17776
4052.137,0.17761
4050.208,0.17746
4048.280,0.17733
4046.351,0.17723
4044.422,0.17715
4042.494,0.17708
4040.565,0.17703
4038.636,0.17699
4036.708,0.17698
4034.779,0.17703
4032.850,0.17709
4030.922,0.17714
4028.993,0.17722
4027.064,0.17738
4025.136,0.17759
4023.207,0.17778
4021.278,0.17785
4019.350,0.17775
4017.421,0.17759
4015.492,0.17744
4013.564,0.17731
4011.635,0.17716
4009.706,0.17697
4007.778,0.17675
4005.849,0.17656
4003.920,0.17640
4001.992,0.17632
4000.063,0.17633
3998.134,0.17643
3996.206,0.17655
3994.277,0.17665
3992.348,0.17668
3990.420,0.17660
3988.491,0.17642
3986.562,0.17620
3984.634,0.17592
3982.705,0.17557
3980.776,0.17518
3978.848,0.17476
3976.919,0.17431
3974.990,0.17386
3973.062,0.17345
3971.133,0.17310
3969.204,0.17282
3967.276,0.17257
3965.347,0.17234
3963.418,0.17217
3961.490,0.17206
3959.561,0.17194
3957.632,0.17181
3955.704,0.17165
3953.775,0.17146
3951.846,0.17127
3949.917,0.17109
3947.989,0.17089
3946.060,0.17065
3944.131,0.17040
3942.203,0.17019
3940.274,0.17003
3938.345,0.16992
3936.417,0.16984
3934.488,0.16982
3932.559,0.16982
3930.631,0.16980
3928.702,0.16974
3926.773,0.16965
3924.845,0.16959
3922.916,0.16953
3920.987,0.16942
3919.059,0.16921
3917.130,0.16894
3915.201,0.16867
3913.273,0.16842
3911.344,0.16817
3909.415,0.16792
3907.487,0.16767
3905.558,0.16742
3903.629,0.16718
3901.701,0.16696
3899.772,0.16679
3897.843,0.16665
3895.915,0.16653
3893.986,0.16641
3892.057,0.16630
3890.129,0.16620
3888.200,0.16608
3886.271,0.16596
3884.343,0.16583
3882.414,0.16568
3880.485,0.16552
3878.557,0.16535
3876.628,0.16518
3874.699,0.16502
3872.771,0.16488
3870.842,0.16474
3868.913,0.16460
3866.985,0.16446
3865.056,0.16435
3863.127,0.16425
3861.199,0.16416
3859.270,0.16406
3857.341,0.16390
3855.413,0.16372
3853.484,0.16352
3851.555,0.16333
3849.627,0.16315
3847.698,0.16296
3845.769,0.16276
3843.841,0.16259
3841.912,0.16246
3839.983,0.16238
3838.055,0.16231
3836.126,0.16226
3834.197,0.16219
3832.269,0.16213
3830.340,0.16206
3828.411,0.16191
3826.483,0.16173
3824.554,0.16156
3822.625,0.16138
3820.697,0.16119
3818.768,0.16106
3816.839,0.16097
3814.911,0.16089
3812.982,0.16078
3811.053,0.16063
3809.125,0.16044
3807.196,0.16029
3805.267,0.16017
3803.339,0.16004
3801.410,0.15991
3799.481,0.15980
3797.553,0.15970
3795.624,0.15960
3793.695,0.15950
3791.767,0.15936
3789.838,0.15919
3787.909,0.15901
3785.980,0.15881
3784.052,0.15861
3782.123,0.15842
3780.194,0.15823
3778.266,0.15807
3776.337,0.15795
3774.408,0.15781
3772.480,0.15766
3770.551,0.15753
3768.622,0.15742
3766.694,0.15731
3764.765,0.15723
3762.836,0.15715
3760.908,0.15702
3758.979,0.15691
3757.050,0.15683
3755.122,0.15674
3753.193,0.15665
3751.264,0.15656
3749.336,0.15645
3747.407,0.15633
3745.478,0.15622
3743.550,0.15611
3741.621,0.15600
3739.692,0.15589
3737.764,0.15576
3735.835,0.15561
3733.906,0.15546
3731.978,0.15532
3730.049,0.15518
3728.120,0.15507
3726.192,0.15496
3724.263,0.15482
3722.334,0.15470
3720.406,0.15461
3718.477,0.15450
3716.548,0.15442
3714.620,0.15437
3712.691,0.15430
3710.762,0.15422
3708.834,0.15418
3706.905,0.15416
3704.976,0.15414
3703.048,0.15412
3701.119,0.15404
3699.190,0.15390
3697.262,0.15379
3695.333,0.15370
3693.404,0.15361
3691.476,0.15356
3689.547,0.15353
3687.618,0.15350
3685.690,0.15351
3683.761,0.15355
3681.832,0.15361
3679.904,0.15369
3677.975,0.15378
3676.046,0.15385
3674.118,0.15393
3672.189,0.15401
3670.260,0.15407
3668.332,0.15410
3666.403,0.15409
3664.474,0.15402
3662.546,0.15397
3660.617,0.15396
3658.688,0.15392
3656.760,0.15383
3654.831,0.15373
3652.902,0.15362
3650.974,0.15350
3649.045,0.15341
3647.116,0.15334
3645.188,0.15326
3643.259,0.15320
3641.330,0.15314
3639.402,0.15307
3637.473,0.15301
3635.544,0.15297
3633.616,0.15293
3631.687,0.15291
3629.758,0.15290
3627.830,0.15288
3625.901,0.15290
3623.972,0.15294
3622.043,0.15297
3620.115,0.15301
3618.186,0.15308
3616.257,0.15312
3614.329,0.15315
3612.400,0.15323
3610.471,0.15333
3608.543,0.15339
3606.614,0.15345
3604.685,0.15349
3602.757,0.15348
3600.828,0.15346
3598.899,0.15344
3596.971,0.15342
3595.042,0.15345
3593.113,0.15351
3591.185,0.15354
3589.256,0.15356
3587.327,0.15357
3585.399,0.15355
3583.470,0.15353
3581.541,0.15355
3579.613,0.15354
3577.684,0.15350
3575.755,0.15349
3573.827,0.15351
3571.898,0.15355
3569.969,0.15361
3568.041,0.15367
3566.112,0.15369
3564.183,0.15373
3562.255,0.15380
3560.326,0.15387
3558.397,0.15396
3556.469,0.15405
3554.540,0.15411
3552.611,0.15417
3550.683,0.15424
3548.754,0.15430
3546.825,0.15438
3544.897,0.15452
3542.968,0.15468
3541.039,0.15483
3539.111,0.15498
3537.182,0.15508
3535.253,0.15510
3533.325,0.15507
3531.396,0.15499
3529.467,0.15486
3527.539,0.15475
3525.610,0.15468
3523.681,0.15460
3521.753,0.15454
3519.824,0.15446
3517.895,0.15437
3515.967,0.15431
3514.038,0.15433
3512.109,0.15435
3510.181,0.15433
3508.252,0.15432
3506.323,0.15431
3504.395,0.15431
3502.466,0.15434
3500.537,0.15439
3498.609,0.15443
3496.680,0.15451
3494.751,0.15462
3492.823,0.15474
3490.894,0.15487
3488.965,0.15500
3487.037,0.15507
3485.108,0.15510
3483.179,0.15514
3481.251,0.15517
3479.322,0.15521
3477.393,0.15527
3475.465,0.15531
3473.536,0.15534
3471.607,0.15537
3469.679,0.15542
3467.750,0.15547
3465.821,0.15553
3463.892,0.15554
3461.964,0.15548
3460.035,0.15537
3458.106,0.15524
3456.178,0.15512
3454.249,0.15501
3452.320,0.15492
3450.392,0.15485
3448.463,0.15479
3446.534,0.15474
3444.606,0.15463
3442.677,0.15451
3440.748,0.15440
3438.820,0.15428
3436.891,0.15414
3434.962,0.15400
3433.034,0.15385
3431.105,0.15369
3429.176,0.15358
3427.248,0.15352
3425.319,0.15349
3423.390,0.15352
3421.462,0.15357
3419.533,0.15360
3417.604,0.15360
3415.676,0.15353
3413.747,0.15334
3411.818,0.15305
3409.890,0.15267
3407.961,0.15220
3406.032,0.15170
3404.104,0.15126
3402.175,0.15085
3400.246,0.15043
3398.318,0.15004
3396.389,0.14968
3394.460,0.14933
3392.532,0.14904
3390.603,0.14878
3388.674,0.14852
3386.746,0.14827
3384.817,0.14805
3382.888,0.14785
3380.960,0.14770
3379.031,0.14755
3377.102,0.14733
3375.174,0.14706
3373.245,0.14678
3371.316,0.14649
3369.388,0.14622
3367.459,0.14598
3365.530,0.14571
3363.602,0.14543
3361.673,0.14516
3359.744,0.14489
3357.816,0.14464
3355.887,0.14445
3353.958,0.14427
3352.030,0.14406
3350.101,0.14383
3348.172,0.14355
3346.244,0.14320
3344.315,0.14284
3342.386,0.14247
3340.458,0.14210
3338.529,0.14176
3336.600,0.14146
3334.672,0.14120
3332.743,0.14099
3330.814,0.14079
3328.886,0.14061
3326.957,0.14046
3325.028,0.14036
3323.100,0.14027
3321.171,0.14016
3319.242,0.14003
3317.314,0.13983
3315.385,0.13958
3313.456,0.13930
3311.528,0.13901
3309.599,0.13873
3307.670,0.13846
3305.742,0.13822
3303.813,0.13800
3301.884,0.13780
3299.955,0.13758
3298.027,0.13735
3296.098,0.13715
3294.169,0.13695
3292.241,0.13670
3290.312,0.13644
3288.383,0.13621
3286.455,0.13600
3284.526,0.13580
3282.597,0.13559
3280.669,0.13538
3278.740,0.13519
3276.811,0.13503
3274.883,0.13486
3272.954,0.13468
3271.025,0.13451
3269.097,0.13434
3267.168,0.13419
3265.239,0.13403
3263.311,0.13388
3261.382,0.13372
3259.453,0.13355
3257.525,0.13339
3255.596,0.13326
3253.667,0.13316
3251.739,0.13306
3249.810,0.13293
3247.881,0.13278
3245.953,0.13263
3244.024,0.13245
3242.095,0.13227
3240.167,0.13210
3238.238,0.13193
3236.309,0.13178
3234.381,0.13165
3232.452,0.13152
3230.523,0.13140
3228.595,0.13130
3226.666,0.13120
3224.737,0.13110
3222.809,0.13102
3220.880,0.13094
3218.951,0.13086
3217.023,0.13079
3215.094,0.13070
3213.165,0.13061
3211.237,0.13055
3209.308,0.13049
3207.379,0.13041
3205.451,0.13033
3203.522,0.13026
3201.593,0.13022
3199.665,0.13024
3197.736,0.13032
3195.807,0.13043
3193.879,0.13062
3191.950,0.13088
3190.021,0.13119
3188.093,0.13155
3186.164,0.13198
3184.235,0.13243
3182.307,0.13281
3180.378,0.13304
3178.449,0.13307
3176.521,0.13303
3174.592,0.13300
3172.663,0.13303
3170.735,0.13318
3168.806,0.13344
3166.877,0.13376
3164.949,0.13411
3163.020,0.13450
3161.091,0.13489
3159.163,0.13528
3157.234,0.13568
3155.305,0.13604
3153.377,0.13633
3151.448,0.13661
3149.519,0.13690
3147.591,0.13726
3145.662,0.13777
3143.733,0.13844
3141.804,0.13923
3139.876,0.14009
3137.947,0.14088
3136.018,0.14149
3134.090,0.14188
3132.161,0.14203
3130.232,0.14197
3128.304,0.14182
3126.375,0.14173
3124.446,0.14178
3122.518,0.14207
3120.589,0.14262
3118.660,0.14340
3116.732,0.14441
3114.803,0.14567
3112.874,0.14712
3110.946,0.14870
3109.017,0.15030
3107.088,0.15174
3105.160,0.15305
3103.231,0.15439
3101.302,0.15589
3099.374,0.15766
3097.445,0.15981
3095.516,0.16238
3093.588,0.16554
3091.659,0.16967
3089.730,0.17542
3087.802,0.18404
3085.873,0.19781
3083.944,0.22095
3082.016,0.26198
3080.087,0.33511
3078.158,0.44821
3076.230,0.56131
3074.301,0.57623
3072.372,0.49943
3070.444,0.44518
3068.515,0.46205
3066.586,0.50406
3064.658,0.47577
3062.729,0.38019
3060.800,0.29264
3058.872,0.23863
3056.943,0.20852
3055.014,0.18999
3053.086,0.17687
3051.157,0.16754
3049.228,0.16136
3047.300,0.15735
3045.371,0.15461
3043.442,0.15281
3041.514,0.15203
3039.585,0.15222
3037.656,0.15239
3035.728,0.15129
3033.799,0.14921
3031.870,0.14772
3029.942,0.14760
3028.013,0.14817
3026.084,0.14846
3024.156,0.14821
3022.227,0.14778
3020.298,0.14780
3018.370,0.14864
3016.441,0.15046
3014.512,0.15348
3012.584,0.15813
3010.655,0.16499
3008.726,0.17529
3006.798,0.19054
3004.869,0.20953
3002.940,0.22516
3001.012,0.22806
2999.083,0.21647
2997.154,0.19807
2995.226,0.18096
2993.297,0.16814
2991.368,0.15921
2989.440,0.15311
2987.511,0.14902
2985.582,0.14633
2983.654,0.14464
2981.725,0.14368
2979.796,0.14321
2977.867,0.14316
2975.939,0.14353
2974.010,0.14420
2972.081,0.14511
2970.153,0.14631
2968.224,0.14778
2966.295,0.14945
2964.367,0.15129
2962.438,0.15327
2960.509,0.15530
2958.581,0.15739
2956.652,0.15961
2954.723,0.16222
2952.795,0.16560
2950.866,0.16957
2948.937,0.17265
2947.009,0.17330
2945.080,0.17183
2943.151,0.17018
2941.223,0.16995
2939.294,0.17154
2937.365,0.17472
2935.437,0.17935
2933.508,0.18530
2931.579,0.19242
2929.651,0.20073
2927.722,0.21055
2925.793,0.22215
2923.865,0.23536
2921.936,0.24885
2920.007,0.25942
2918.079,0.26216
2916.150,0.25379
2914.221,0.23712
2912.293,0.21922
2910.364,0.20492
2908.435,0.19484
2906.507,0.18780
2904.578,0.18270
2902.649,0.17878
2900.721,0.17548
2898.792,0.17251
2896.863,0.16972
2894.935,0.16702
2893.006,0.16442
2891.077,0.16189
2889.149,0.15938
2887.220,0.15684
2885.291,0.15431
2883.363,0.15175
2881.434,0.14922
2879.505,0.14691
2877.577,0.14508
2875.648,0.14396
2873.719,0.14361
2871.791,0.14380
2869.862,0.14434
2867.933,0.14541
2866.005,0.14738
2864.076,0.15052
2862.147,0.15496
2860.219,0.16080
2858.290,0.16848
2856.361,0.17924
2854.433,0.19471
2852.504,0.21413
2850.575,0.22984
2848.647,0.23061
2846.718,0.21582
2844.789,0.19691
2842.861,0.18273
2840.932,0.17415
2839.003,0.16899
2837.075,0.16534
2835.146,0.16203
2833.217,0.15860
2831.289,0.15492
2829.360,0.15095
2827.431,0.14682
2825.503,0.14288
2823.574,0.13944
2821.645,0.13675
2819.716,0.13499
2817.788,0.13407
2815.859,0.13376
2813.930,0.13384
2812.002,0.13409
2810.073,0.13435
2808.144,0.13455
2806.216,0.13458
2804.287,0.13416
2802.358,0.13315
2800.430,0.13149
2798.501,0.12917
2796.572,0.12645
2794.644,0.12370
2792.715,0.12121
2790.786,0.11916
2788.858,0.11759
2786.929,0.11633
2785.000,0.11531
2783.072,0.11454
2781.143,0.11394
2779.214,0.11348
2777.286,0.11321
2775.357,0.11306
2773.428,0.11295
2771.500,0.11289
2769.571,0.11283
2767.642,0.11273
2765.714,0.11273
2763.785,0.11294
2761.856,0.11337
2759.928,0.11411
2757.999,0.11514
2756.070,0.11629
2754.142,0.11754
2752.213,0.11895
2750.284,0.12033
2748.356,0.12122
2746.427,0.12109
2744.498,0.11979
2742.570,0.11772
2740.641,0.11548
2738.712,0.11337
2736.784,0.11151
2734.855,0.11001
2732.926,0.10881
2730.998,0.10780
2729.069,0.10696
2727.140,0.10621
2725.212,0.10546
2723.283,0.10479
2721.354,0.10426
2719.426,0.10384
2717.497,0.10358
2715.568,0.10349
2713.640,0.10347
2711.711,0.10355
2709.782,0.10379
2707.854,0.10410
2705.925,0.10439
2703.996,0.10457
2702.068,0.10453
2700.139,0.10430
2698.210,0.10406
2696.282,0.10387
2694.353,0.10375
2692.424,0.10380
2690.496,0.10396
2688.567,0.10414
2686.638,0.10431
2684.710,0.10441
2682.781,0.10436
2680.852,0.10427
2678.924,0.10430
2676.995,0.10447
2675.066,0.10474
2673.138,0.10495
2671.209,0.10492
2669.280,0.10466
2667.352,0.10425
2665.423,0.10371
2663.494,0.10311
2661.566,0.10254
2659.637,0.10199
2657.708,0.10149
2655.779,0.10106
2653.851,0.10065
2651.922,0.10029
2649.993,0.10005
2648.065,0.09995
2646.136,0.09994
2644.207,0.10001
2642.279,0.10008
2640.350,0.10011
2638.421,0.10018
2636.493,0.10028
2634.564,0.10040
2632.635,0.10059
2630.707,0.10093
2628.778,0.10140
2626.849,0.10198
2624.921,0.10263
2622.992,0.10320
2621.063,0.10361
2619.135,0.10385
2617.206,0.10390
2615.277,0.10382
2613.349,0.10371
2611.420,0.10364
2609.491,0.10367
2607.563,0.10382
2605.634,0.10397
2603.705,0.10402
2601.777,0.10392
2599.848,0.10365
2597.919,0.10329
2595.991,0.10302
2594.062,0.10291
2592.133,0.10297
2590.205,0.10315
2588.276,0.10337
2586.347,0.10360
2584.419,0.10379
2582.490,0.10384
2580.561,0.10364
2578.633,0.10316
2576.704,0.10247
2574.775,0.10168
2572.847,0.10093
2570.918,0.10028
2568.989,0.09970
2567.061,0.09917
2565.132,0.09870
2563.203,0.09824
2561.275,0.09781
2559.346,0.09744
2557.417,0.09717
2555.489,0.09709
2553.560,0.09724
2551.631,0.09760
2549.703,0.09813
2547.774,0.09875
2545.845,0.09933
2543.917,0.09976
2541.988,0.09996
2540.059,0.09991
2538.131,0.09964
2536.202,0.09921
2534.273,0.09861
2532.345,0.09789
2530.416,0.09715
2528.487,0.09644
2526.559,0.09581
2524.630,0.09526
2522.701,0.09483
2520.773,0.09451
2518.844,0.09437
2516.915,0.09440
2514.987,0.09460
2513.058,0.09499
2511.129,0.09552
2509.201,0.09611
2507.272,0.09672
2505.343,0.09733
2503.415,0.09785
2501.486,0.09828
2499.557,0.09857
2497.628,0.09870
2495.700,0.09875
2493.771,0.09885
2491.842,0.09908
2489.914,0.09947
2487.985,0.10004
2486.056,0.10072
2484.128,0.10141
2482.199,0.10200
2480.270,0.10237
2478.342,0.10255
2476.413,0.10272
2474.484,0.10298
2472.556,0.10329
2470.627,0.10355
2468.698,0.10359
2466.770,0.10335
2464.841,0.10292
2462.912,0.10239
2460.984,0.10185
2459.055,0.10143
2457.126,0.10120
2455.198,0.10106
2453.269,0.10090
2451.340,0.10060
2449.412,0.10013
2447.483,0.09957
2445.554,0.09901
2443.626,0.09845
2441.697,0.09789
2439.768,0.09740
2437.840,0.09708
2435.911,0.09700
2433.982,0.09721
2432.054,0.09761
2430.125,0.09807
2428.196,0.09859
2426.268,0.09911
2424.339,0.09955
2422.410,0.09978
2420.482,0.09961
2418.553,0.09900
2416.624,0.09816
2414.696,0.09739
2412.767,0.09685
2410.838,0.09665
2408.910,0.09667
2406.981,0.09670
2405.052,0.09662
2403.124,0.09642
2401.195,0.09615
2399.266,0.09594
2397.338,0.09589
2395.409,0.09599
2393.480,0.09627
2391.552,0.09676
2389.623,0.09748
2387.694,0.09842
2385.766,0.09953
2383.837,0.10066
2381.908,0.10168
2379.980,0.10247
2378.051,0.10291
2376.122,0.10286
2374.194,0.10235
2372.265,0.10158
2370.336,0.10079
2368.408,0.10017
2366.479,0.09979
2364.550,0.09960
2362.622,0.09957
2360.693,0.09968
2358.764,0.09984
2356.836,0.10006
2354.907,0.10031
2352.978,0.10053
2351.050,0.10069
2349.121,0.10070
2347.192,0.10048
2345.264,0.09999
2343.335,0.09915
2341.406,0.09794
2339.478,0.09647
2337.549,0.09492
2335.620,0.09346
2333.691,0.09225
2331.763,0.09134
2329.834,0.09068
2327.905,0.09024
2325.977,0.09001
2324.048,0.08991
2322.119,0.08993
2320.191,0.09007
2318.262,0.09027
2316.333,0.09056
2314.405,0.09104
2312.476,0.09169
2310.547,0.09249
2308.619,0.09347
2306.690,0.09451
2304.761,0.09548
2302.833,0.09637
2300.904,0.09708
2298.975,0.09742
2297.047,0.09732
2295.118,0.09680
2293.189,0.09595
2291.261,0.09503
2289.332,0.09418
2287.403,0.09343
2285.475,0.09288
2283.546,0.09254
2281.617,0.09226
2279.689,0.09202
2277.760,0.09187
2275.831,0.09171
2273.903,0.09157
2271.974,0.09157
2270.045,0.09160
2268.117,0.09156
2266.188,0.09150
2264.259,0.09131
2262.331,0.09098
2260.402,0.09069
2258.473,0.09045
2256.545,0.09015
2254.616,0.08988
2252.687,0.08964
2250.759,0.08933
2248.830,0.08899
2246.901,0.08863
2244.973,0.08817
2243.044,0.08770
2241.115,0.08734
2239.187,0.08700
2237.258,0.08672
2235.329,0.08655
2233.401,0.08633
2231.472,0.08602
2229.543,0.08574
2227.615,0.08544
2225.686,0.08515
2223.757,0.08503
2221.829,0.08496
2219.900,0.08485
2217.971,0.08480
2216.043,0.08479
2214.114,0.08470
2212.185,0.08472
2210.257,0.08484
2208.328,0.08495
2206.399,0.08521
2204.471,0.08569
2202.542,0.08627
2200.613,0.08697
2198.685,0.08779
2196.756,0.08843
2194.827,0.08883
2192.899,0.08908
2190.970,0.08906
2189.041,0.08883
2187.113,0.08861
2185.184,0.08833
2183.255,0.08802
2181.327,0.08789
2179.398,0.08782
2177.469,0.08770
2175.540,0.08773
2173.612,0.08786
2171.683,0.08799
2169.754,0.08824
2167.826,0.08858
2165.897,0.08879
2163.968,0.08896
2162.040,0.08909
2160.111,0.08897
2158.182,0.08868
2156.254,0.08838
2154.325,0.08798
2152.396,0.08756
2150.468,0.08731
2148.539,0.08706
2146.610,0.08680
2144.682,0.08672
2142.753,0.08667
2140.824,0.08657
2138.896,0.08656
2136.967,0.08662
2135.038,0.08670
2133.110,0.08696
2131.181,0.08730
2129.252,0.08747
2127.324,0.08749
2125.395,0.08740
2123.466,0.08710
2121.538,0.08680
2119.609,0.08663
2117.680,0.08647
2115.752,0.08642
2113.823,0.08654
2111.894,0.08657
2109.966,0.08652
2108.037,0.08657
2106.108,0.08666
2104.180,0.08675
2102.251,0.08691
2100.322,0.08696
2098.394,0.08684
2096.465,0.08673
2094.536,0.08655
2092.608,0.08620
2090.679,0.08582
2088.750,0.08545
2086.822,0.08503
2084.893,0.08479
2082.964,0.08479
2081.036,0.08493
2079.107,0.08527
2077.178,0.08586
2075.250,0.08657
2073.321,0.08742
2071.392,0.08841
2069.464,0.08930
2067.535,0.08995
2065.606,0.09034
2063.678,0.09033
2061.749,0.09001
2059.820,0.08962
2057.892,0.08920
2055.963,0.08872
2054.034,0.08831
2052.106,0.08791
2050.177,0.08746
2048.248,0.08710
2046.320,0.08685
2044.391,0.08666
2042.462,0.08667
2040.534,0.08686
2038.605,0.08714
2036.676,0.08756
2034.748,0.08815
2032.819,0.08876
2030.890,0.08942
2028.962,0.09010
2027.033,0.09057
2025.104,0.09077
2023.176,0.09075
2021.247,0.09051
2019.318,0.09017
2017.390,0.08996
2015.461,0.08985
2013.532,0.08985
2011.603,0.09006
2009.675,0.09040
2007.746,0.09077
2005.817,0.09113
2003.889,0.09133
2001.960,0.09129
2000.031,0.09116
1998.103,0.09103
1996.174,0.09091
1994.245,0.09094
1992.317,0.09114
1990.388,0.09144
1988.459,0.09192
1986.531,0.09258
1984.602,0.09326
1982.673,0.09390
1980.745,0.09447
1978.816,0.09487
1976.887,0.09516
1974.959,0.09546
1973.030,0.09571
1971.101,0.09594
1969.173,0.09620
1967.244,0.09640
1965.315,0.09658
1963.387,0.09689
1961.458,0.09718
1959.529,0.09737
1957.601,0.09751
1955.672,0.09759
1953.743,0.09761
1951.815,0.09773
1949.886,0.09795
1947.957,0.09818
1946.029,0.09846
1944.100,0.09875
1942.171,0.09893
1940.243,0.09902
1938.314,0.09904
1936.385,0.09891
1934.457,0.09876
1932.528,0.09874
1930.599,0.09880
1928.671,0.09898
1926.742,0.09932
1924.813,0.09973
1922.885,0.10017
1920.956,0.10070
1919.027,0.10119
1917.099,0.10155
1915.170,0.10184
1913.241,0.10200
1911.313,0.10200
1909.384,0.10197
1907.455,0.10193
1905.527,0.10185
1903.598,0.10181
1901.669,0.10180
1899.741,0.10177
1897.812,0.10180
1895.883,0.10196
1893.955,0.10220
1892.026,0.10256
1890.097,0.10308
1888.169,0.10364
1886.240,0.10423
1884.311,0.10490
1882.383,0.10557
1880.454,0.10623
1878.525,0.10692
1876.597,0.10752
1874.668,0.10792
1872.739,0.10821
1870.811,0.10846
1868.882,0.10868
1866.953,0.10897
1865.025,0.10928
1863.096,0.10956
1861.167,0.10983
1859.239,0.11002
1857.310,0.11003
1855.381,0.10999
1853.452,0.11002
1851.524,0.11012
1849.595,0.11038
1847.666,0.11085
1845.738,0.11145
1843.809,0.11214
1841.880,0.11292
1839.952,0.11367
1838.023,0.11432
1836.094,0.11494
1834.166,0.11552
1832.237,0.11607
1830.308,0.11669
1828.380,0.11738
1826.451,0.11811
1824.522,0.11890
1822.594,0.11977
1820.665,0.12064
1818.736,0.12158
1816.808,0.12263
1814.879,0.12375
1812.950,0.12496
1811.022,0.12623
1809.093,0.12742
1807.164,0.12841
1805.236,0.12917
1803.307,0.12970
1801.378,0.13007
1799.450,0.13041
1797.521,0.13078
1795.592,0.13117
1793.664,0.13168
1791.735,0.13233
1789.806,0.13314
1787.878,0.13415
1785.949,0.13539
1784.020,0.13687
1782.092,0.13863
1780.163,0.14065
1778.234,0.14283
1776.306,0.14503
1774.377,0.14707
1772.448,0.14873
1770.520,0.14989
1768.591,0.15054
1766.662,0.15082
1764.734,0.15099
1762.805,0.15129
1760.876,0.15183
1758.948,0.15262
1757.019,0.15365
1755.090,0.15488
1753.162,0.15626
1751.233,0.15779
1749.304,0.15949
1747.376,0.16135
1745.447,0.16335
1743.518,0.16552
1741.590,0.16779
1739.661,0.17007
1737.732,0.17230
1735.804,0.17445
1733.875,0.17656
1731.946,0.17869
1730.018,0.18085
1728.089,0.18298
1726.160,0.18510
1724.232,0.18732
1722.303,0.18974
1720.374,0.19242
1718.446,0.19541
1716.517,0.19857
1714.588,0.20166
1712.660,0.20458
1710.731,0.20748
1708.802,0.21061
1706.874,0.21409
1704.945,0.21749
1703.016,0.21995
1701.088,0.22144
1699.159,0.22292
1697.230,0.22477
1695.302,0.22665
1693.373,0.22856
1691.444,0.23083
1689.515,0.23350
1687.587,0.23617
1685.658,0.23848
1683.729,0.24050
1681.801,0.24266
1679.872,0.24523
1677.943,0.24815
1676.015,0.25130
1674.086,0.25467
1672.157,0.25828
1670.229,0.26213
1668.300,0.26620
1666.371,0.27051
1664.443,0.27514
1662.514,0.28013
1660.585,0.28550
1658.657,0.29128
1656.728,0.29755
1654.799,0.30443
1652.871,0.31196
1650.942,0.32006
1649.013,0.32857
1647.085,0.33726
1645.156,0.34585
1643.227,0.35425
1641.299,0.36262
1639.370,0.37132
1637.441,0.38077
1635.513,0.39138
1633.584,0.40345
1631.655,0.41714
1629.727,0.43253
1627.798,0.44971
1625.869,0.46872
1623.941,0.48966
1622.012,0.51282
1620.083,0.53877
1618.155,0.56818
1616.226,0.60156
1614.297,0.63953
1612.369,0.68358
1610.440,0.73683
1608.511,0.80427
1606.583,0.89211
1604.654,1.00557
1602.725,1.14396
1600.797,1.29237
1598.868,1.41814
1596.939,1.49552
1595.011,1.53529
1593.082,1.54531
1591.153,1.48561
1589.225,1.34196
1587.296,1.18168
1585.367,1.06573
1583.439,1.01425
1581.510,1.02634
1579.581,1.09129
1577.653,1.18792
1575.724,1.28086
1573.795,1.32611
1571.867,1.29405
1569.938,1.18940
1568.009,1.04499
1566.081,0.89596
1564.152,0.76217
1562.223,0.64964
1560.295,0.55815
1558.366,0.48697
1556.437,0.43637
1554.509,0.40628
1552.580,0.39552
1550.651,0.40294
1548.723,0.43016
1546.794,0.48278
1544.865,0.56744
1542.937,0.68300
1541.008,0.80620
1539.079,0.89814
1537.151,0.95465
1535.222,1.00612
1533.293,1.04659
1531.364,1.02526
1529.436,0.92940
1527.507,0.80559
1525.578,0.69231
1523.650,0.60106
1521.721,0.53045
1519.792,0.47607
1517.864,0.43335
1515.935,0.39876
1514.006,0.37061
1512.078,0.34821
1510.149,0.33033
1508.220,0.31488
1506.292,0.30008
1504.363,0.28570
1502.434,0.27267
1500.506,0.26195
1498.577,0.25377
1496.648,0.24761
1494.720,0.24231
1492.791,0.23683
1490.862,0.23101
1488.934,0.22555
1487.005,0.22150
1485.076,0.21997
1483.148,0.22167
1481.219,0.22667
1479.290,0.23537
1477.362,0.24905
1475.433,0.26785
1473.504,0.28780
1471.576,0.30670
1469.647,0.33276
1467.718,0.37948
1465.790,0.45854
1463.861,0.57661
1461.932,0.71717
1460.004,0.80747
1458.075,0.76260
1456.146,0.62352
1454.218,0.48435
1452.289,0.38492
1450.360,0.32718
1448.432,0.30228
1446.503,0.30220
1444.574,0.32294
1442.646,0.36455
1440.717,0.42911
1438.788,0.51572
1436.860,0.60981
1434.931,0.67451
1433.002,0.67878
1431.074,0.64282
1429.145,0.61227
1427.216,0.61374
1425.288,0.64232
1423.359,0.65250
1421.430,0.59285
1419.502,0.48791
1417.573,0.39662
1415.644,0.34134
1413.716,0.31693
1411.787,0.31311
1409.858,0.32255
1407.930,0.34166
1406.001,0.37014
1404.072,0.40959
1402.144,0.46250
1400.215,0.53314
1398.286,0.62637
1396.358,0.74009
1394.429,0.85751
1392.500,0.95377
1390.572,1.00735
1388.643,0.99533
1386.714,0.90978
1384.786,0.78220
1382.857,0.65513
1380.928,0.55530
1379.000,0.49129
1377.071,0.44945
1375.142,0.40171
1373.214,0.34120
1371.285,0.28866
1369.356,0.25867
1367.427,0.25011
1365.499,0.25774
1363.570,0.27910
1361.641,0.31457
1359.713,0.36651
1357.784,0.43801
1355.855,0.52773
1353.927,0.61870
1351.998,0.67245
1350.069,0.65825
1348.141,0.59478
1346.212,0.52411
1344.283,0.46981
1342.355,0.43629
1340.426,0.42220
1338.497,0.42463
1336.569,0.43643
1334.640,0.45018
1332.711,0.46665
1330.783,0.49331
1328.854,0.53570
1326.925,0.59270
1324.997,0.65610
1323.068,0.71273
1321.139,0.75170
1319.211,0.77406
1317.282,0.79316
1315.353,0.82104
1313.425,0.85312
1311.496,0.86433
1309.567,0.82922
1307.639,0.75381
1305.710,0.66844
1303.781,0.59707
1301.853,0.54749
1299.924,0.51724
1297.995,0.50140
1296.067,0.49714
1294.138,0.50383
1292.209,0.52141
1290.281,0.55015
1288.352,0.59146
1286.423,0.64937
1284.495,0.73133
1282.566,0.84780
1280.637,1.00878
1278.709,1.21484
1276.780,1.44020
1274.851,1.62726
1272.923,1.75038
1270.994,1.85019
1269.065,1.92236
1267.137,1.86556
1265.208,1.65345
1263.279,1.40080
1261.351,1.18128
1259.422,1.00755
1257.493,0.87317
1255.565,0.77132
1253.636,0.69875
1251.707,0.65380
1249.779,0.63068
1247.850,0.61676
1245.921,0.60408
1243.993,0.60032
1242.064,0.61909
1240.135,0.66638
1238.207,0.73528
1236.278,0.80386
1234.349,0.84272
1232.421,0.83776
1230.492,0.80119
1228.563,0.75554
1226.635,0.71945
1224.706,0.70581
1222.777,0.72037
1220.849,0.75574
1218.920,0.78590
1216.991,0.77902
1215.063,0.72969
1213.134,0.66062
1211.205,0.59332
1209.277,0.53682
1207.348,0.49240
1205.419,0.45762
1203.490,0.42825
1201.562,0.40121
1199.633,0.37609
1197.704,0.35369
1195.776,0.33446
1193.847,0.31832
1191.918,0.30464
1189.990,0.29263
1188.061,0.28196
1186.132,0.27230
1184.204,0.26315
1182.275,0.25439
1180.346,0.24592
1178.418,0.23758
1176.489,0.22976
1174.560,0.22267
1172.632,0.21599
1170.703,0.20976
1168.774,0.20413
1166.846,0.19885
1164.917,0.19401
1162.988,0.18985
1161.060,0.18613
1159.131,0.18296
1157.202,0.18069
1155.274,0.17917
1153.345,0.17844
1151.416,0.17864
1149.488,0.17880
1147.559,0.17778
1145.630,0.17539
1143.702,0.17172
1141.773,0.16719
1139.844,0.16266
1137.916,0.15844
1135.987,0.15469
1134.058,0.15205
1132.130,0.15030
1130.201,0.14805
1128.272,0.14440
1126.344,0.13929
1124.415,0.13338
1122.486,0.12792
1120.558,0.12340
1118.629,0.11936
1116.700,0.11588
1114.772,0.11309
1112.843,0.11053
1110.914,0.10823
1108.986,0.10641
1107.057,0.10461
1105.128,0.10276
1103.200,0.10123
1101.271,0.09983
1099.342,0.09864
1097.414,0.09826
1095.485,0.09873
1093.556,0.10032
1091.628,0.10377
1089.699,0.10846
1087.770,0.11259
1085.842,0.11495
1083.913,0.11516
1081.984,0.11381
1080.056,0.11230
1078.127,0.11124
1076.198,0.11069
1074.270,0.11122
1072.341,0.11304
1070.412,0.11601
1068.484,0.12061
1066.555,0.12709
1064.626,0.13519
1062.698,0.14521
1060.769,0.15740
1058.840,0.17166
1056.912,0.18875
1054.983,0.21011
1053.054,0.23763
1051.126,0.27491
1049.197,0.32750
1047.268,0.40295
1045.339,0.51156
1043.411,0.65954
1041.482,0.81979
1039.553,0.89323
1037.625,0.81591
1035.696,0.67693
1033.767,0.55264
1031.839,0.46041
1029.910,0.40035
1027.981,0.36887
1026.053,0.36047
1024.124,0.36888
1022.195,0.38614
1020.267,0.40177
1018.338,0.40503
1016.409,0.39033
1014.481,0.36085
1012.552,0.32436
1010.623,0.28690
1008.695,0.25178
1006.766,0.22075
1004.837,0.19404
1002.909,0.17162
1000.980,0.15379
999.051,0.14014
997.123,0.12985
995.194,0.12258
993.265,0.11768
991.337,0.11442
989.408,0.11285
987.479,0.11298
985.551,0.11452
983.622,0.11780
981.693,0.12302
979.765,0.13012
977.836,0.13959
975.907,0.15175
973.979,0.16639
972.050,0.18378
970.121,0.20406
968.193,0.22607
966.264,0.24856
964.335,0.27155
962.407,0.29592
960.478,0.32313
958.549,0.35557
956.621,0.39593
954.692,0.44643
952.763,0.50858
950.835,0.58030
948.906,0.64836
946.977,0.68796
945.049,0.68586
943.120,0.65825
941.191,0.63177
939.263,0.62368
937.334,0.64217
935.405,0.69239
933.477,0.77903
931.548,0.90454
929.619,1.06317
927.691,1.22852
925.762,1.34353
923.833,1.36118
921.905,1.31307
919.976,1.26160
918.047,1.23437
916.119,1.22577
914.190,1.21506
912.261,1.18151
910.333,1.11672
908.404,1.02819
906.475,0.93058
904.547,0.83587
902.618,0.75024
900.689,0.67553
898.761,0.61156
896.832,0.55765
894.903,0.51314
892.975,0.47836
891.046,0.45686
889.117,0.45733
887.189,0.49175
885.260,0.56150
883.331,0.63350
881.402,0.64938
879.474,0.60072
877.545,0.53200
875.616,0.47167
873.688,0.42438
871.759,0.38726
869.830,0.35685
867.902,0.33121
865.973,0.30964
864.044,0.29160
862.116,0.27713
860.187,0.26770
858.258,0.26828
856.330,0.28819
854.401,0.32570
852.472,0.35383
850.544,0.35797
848.615,0.36660
846.686,0.40171
844.758,0.44233
842.829,0.44545
840.900,0.40227
838.972,0.34535
837.043,0.29926
835.114,0.26777
833.186,0.24736
831.257,0.23367
829.328,0.22289
827.400,0.21329
825.471,0.20503
823.542,0.19841
821.614,0.19312
819.685,0.18871
817.756,0.18496
815.828,0.18152
813.899,0.17796
811.970,0.17428
810.042,0.17083
808.113,0.16790
806.184,0.16625
804.256,0.16705
802.327,0.17173
800.398,0.18241
798.470,0.20239
796.541,0.23640
794.612,0.29151
792.684,0.37681
790.755,0.49881
788.826,0.64988
786.898,0.79702
784.969,0.89796
783.040,0.93312
781.112,0.89091
779.183,0.77762
777.254,0.64097
775.326,0.52304
773.397,0.43503
771.468,0.37150
769.540,0.32475
767.611,0.29003
765.682,0.26554
763.754,0.25162
761.825,0.25088
759.896,0.27281
757.968,0.33620
756.039,0.44389
754.110,0.53187
752.182,0.51068
750.253,0.42215
748.324,0.34620
746.396,0.30182
744.467,0.28291
742.538,0.28390
740.610,0.29837
738.681,0.31144
736.752,0.30766
734.824,0.28873
732.895,0.26811
730.966,0.25192
729.038,0.23749
727.109,0.22363
725.180,0.21270
723.251,0.20660
721.323,0.20453
719.394,0.20171
717.465,0.19441
715.537,0.18534
713.608,0.17830
711.679,0.17333
709.751,0.16922
707.822,0.16556
705.893,0.16228
703.965,0.15915
702.036,0.15614
700.107,0.15341
698.179,0.15092
696.250,0.14857
694.321,0.14647
692.393,0.14455
690.464,0.14271
688.535,0.14118
686.607,0.14003
684.678,0.13925
682.749,0.13937
680.821,0.14112
678.892,0.14519
676.963,0.15257
675.035,0.16306
673.106,0.17326
671.177,0.17778
669.249,0.17393
667.320,0.16427
665.391,0.15385
663.463,0.14605
661.534,0.14133
659.605,0.13814
657.677,0.13446
655.748,0.12965
653.819,0.12480
651.891,0.12118
649.962,0.11875
648.033,0.11697
646.105,0.11581
644.176,0.11499
642.247,0.11407
640.319,0.11317
638.390,0.11244
636.461,0.11208
634.533,0.11309
632.604,0.11650
630.675,0.12298
628.747,0.13204
626.818,0.14071
624.889,0.14688
622.961,0.15309
621.032,0.16311
619.103,0.17853
617.175,0.20058
615.246,0.23123
613.317,0.27259
611.389,0.32570
609.460,0.38672
607.531,0.44384
605.603,0.48164
603.674,0.49117
601.745,0.47538
599.817,0.44651
597.888,0.42181
595.959,0.41859
594.031,0.44165
592.102,0.47238
590.173,0.48679
588.245,0.48186
586.316,0.46035
584.387,0.42039
582.459,0.37046
580.530,0.32403
578.601,0.28689
576.673,0.25855
574.744,0.23720
572.815,0.22081
570.887,0.20768
568.958,0.19709
567.029,0.18843
565.101,0.18090
563.172,0.17440
561.243,0.16894
559.314,0.16408
557.386,0.15979
555.457,0.15613
553.528,0.15275
551.600,0.14964
549.671,0.14685
547.742,0.14411
545.814,0.14155
543.885,0.13936
541.956,0.13722
540.028,0.13520
538.099,0.13355
536.170,0.13203
534.242,0.13061
532.313,0.12945
530.384,0.12824
528.456,0.12709
526.527,0.12629
524.598,0.12536
522.670,0.12421
520.741,0.12334
518.812,0.12275
516.884,0.12254
514.955,0.12314
513.026,0.12418
511.098,0.12560
509.169,0.12808
507.240,0.13170
505.312,0.13655
503.383,0.14316
501.454,0.15162
499.526,0.16205
497.597,0.17445
495.668,0.18812
493.740,0.20223
491.811,0.21578
489.882,0.22703
487.954,0.23465
486.025,0.23817
484.096,0.23759
482.168,0.23399
480.239,0.22880
478.310,0.22252
476.382,0.21636
474.453,0.21250
472.524,0.21252
470.596,0.21872
468.667,0.23415
466.738,0.25897
464.810,0.28839
462.881,0.31324
460.952,0.32371
459.024,0.31721
457.095,0.29988
455.166,0.27902
453.238,0.25954
451.309,0.24397
449.380,0.23166
447.452,0.22069
445.523,0.21063
443.594,0.20161
441.666,0.19388
439.737,0.18775
437.808,0.18186
435.880,0.17493
433.951,0.16811
432.022,0.16183
430.094,0.15616
428.165,0.15268
426.236,0.15107
424.308,0.15036
422.379,0.15254
420.450,0.15895
418.522,0.17009
416.593,0.18859
414.664,0.21522
412.736,0.24430
410.807,0.26404
408.878,0.26710
406.950,0.26257
405.021,0.26212
403.092,0.26617
401.163,0.27179
399.235,0.27624
