7600.891,0.46067
7598.962,0.46082
7597.034,0.46126
7595.105,0.46139
7593.176,0.46106
7591.248,0.46061
7589.319,0.46013
7587.390,0.45969
7585.462,0.45947
7583.533,0.45949
7581.604,0.45962
7579.676,0.45973
7577.747,0.45967
7575.818,0.45922
7573.890,0.45846
7571.961,0.45787
7570.032,0.45764
7568.104,0.45760
7566.175,0.45782
7564.246,0.45819
7562.318,0.45814
7560.389,0.45770
7558.460,0.45737
7556.532,0.45722
7554.603,0.45708
7552.674,0.45688
7550.746,0.45676
7548.817,0.45681
7546.888,0.45685
7544.960,0.45677
7543.031,0.45656
7541.102,0.45622
7539.174,0.45596
7537.245,0.45577
7535.316,0.45540
7533.388,0.45507
7531.459,0.45522
7529.530,0.45547
7527.602,0.45527
7525.673,0.45491
7523.744,0.45473
7521.816,0.45468
7519.887,0.45467
7517.958,0.45448
7516.030,0.45402
7514.101,0.45355
7512.172,0.45341
7510.244,0.45352
7508.315,0.45354
7506.386,0.45335
7504.458,0.45300
7502.529,0.45262
7500.600,0.45239
7498.672,0.45233
7496.743,0.45231
7494.814,0.45230
7492.885,0.45225
7490.957,0.45223
7489.028,0.45230
7487.099,0.45228
7485.171,0.45197
7483.242,0.45148
7481.313,0.45108
7479.385,0.45100
7477.456,0.45104
7475.527,0.45086
7473.599,0.45060
7471.670,0.45035
7469.741,0.44996
7467.813,0.44959
7465.884,0.44938
7463.955,0.44907
7462.027,0.44866
7460.098,0.44848
7458.169,0.44853
7456.241,0.44856
7454.312,0.44844
7452.383,0.44827
7450.455,0.44813
7448.526,0.44798
7446.597,0.44781
7444.669,0.44768
7442.740,0.44766
7440.811,0.44763
7438.883,0.44746
7436.954,0.44722
7435.025,0.44698
7433.097,0.44682
7431.168,0.44674
7429.239,0.44660
7427.311,0.44631
7425.382,0.44611
7423.453,0.44601
7421.525,0.44572
7419.596,0.44532
7417.667,0.44516
7415.739,0.44528
7413.810,0.44536
7411.881,0.44513
7409.953,0.44480
7408.024,0.44461
7406.095,0.44443
7404.167,0.44411
7402.238,0.44387
7400.309,0.44387
7398.381,0.44397
7396.452,0.44393
7394.523,0.44367
7392.595,0.44342
7390.666,0.44320
7388.737,0.44284
7386.809,0.44254
7384.880,0.44244
7382.951,0.44237
7381.023,0.44221
7379.094,0.44197
7377.165,0.44171
7375.237,0.44159
7373.308,0.44153
7371.379,0.44138
7369.451,0.44121
7367.522,0.44103
7365.593,0.44090
7363.665,0.44073
7361.736,0.44034
7359.807,0.43993
7357.879,0.43977
7355.950,0.43986
7354.021,0.43991
7352.093,0.43977
7350.164,0.43952
7348.235,0.43926
7346.307,0.43900
7344.378,0.43885
7342.449,0.43880
7340.521,0.43867
7338.592,0.43845
7336.663,0.43839
7334.734,0.43843
7332.806,0.43821
7330.877,0.43779
7328.948,0.43759
7327.020,0.43743
7325.091,0.43712
7323.162,0.43694
7321.234,0.43688
7319.305,0.43671
7317.376,0.43649
7315.448,0.43633
7313.519,0.43624
7311.590,0.43619
7309.662,0.43607
7307.733,0.43585
7305.804,0.43563
7303.876,0.43554
7301.947,0.43553
7300.018,0.43556
7298.090,0.43553
7296.161,0.43530
7294.232,0.43508
7292.304,0.43498
7290.375,0.43476
7288.446,0.43446
7286.518,0.43431
7284.589,0.43418
7282.660,0.43400
7280.732,0.43393
7278.803,0.43393
7276.874,0.43374
7274.946,0.43341
7273.017,0.43316
7271.088,0.43296
7269.160,0.43288
7267.231,0.43297
7265.302,0.43293
7263.374,0.43256
7261.445,0.43215
7259.516,0.43197
7257.588,0.43185
7255.659,0.43157
7253.730,0.43131
7251.802,0.43113
7249.873,0.43086
7247.944,0.43064
7246.016,0.43069
7244.087,0.43087
7242.158,0.43088
7240.230,0.43068
7238.301,0.43037
7236.372,0.43007
7234.444,0.42994
7232.515,0.42987
7230.586,0.42971
7228.658,0.42953
7226.729,0.42929
7224.800,0.42899
7222.872,0.42878
7220.943,0.42876
7219.014,0.42882
7217.086,0.42884
7215.157,0.42878
7213.228,0.42855
7211.300,0.42821
7209.371,0.42791
7207.442,0.42765
7205.514,0.42750
7203.585,0.42752
7201.656,0.42740
7199.728,0.42704
7197.799,0.42681
7195.870,0.42670
7193.942,0.42657
7192.013,0.42655
7190.084,0.42652
7188.156,0.42633
7186.227,0.42615
7184.298,0.42600
7182.370,0.42574
7180.441,0.42550
7178.512,0.42542
7176.584,0.42541
7174.655,0.42539
7172.726,0.42530
7170.797,0.42507
7168.869,0.42480
7166.940,0.42454
7165.011,0.42430
7163.083,0.42415
7161.154,0.42407
7159.225,0.42402
7157.297,0.42391
7155.368,0.42367
7153.439,0.42338
7151.511,0.42319
7149.582,0.42320
7147.653,0.42333
7145.725,0.42323
7143.796,0.42286
7141.867,0.42248
7139.939,0.42213
7138.010,0.42193
7136.081,0.42203
7134.153,0.42203
7132.224,0.42174
7130.295,0.42149
7128.367,0.42140
7126.438,0.42140
7124.509,0.42140
7122.581,0.42123
7120.652,0.42102
7118.723,0.42092
7116.795,0.42078
7114.866,0.42051
7112.937,0.42029
7111.009,0.42023
7109.080,0.42023
7107.151,0.42009
7105.223,0.41978
7103.294,0.41949
7101.365,0.41928
7099.437,0.41920
7097.508,0.41921
7095.579,0.41908
7093.651,0.41874
7091.722,0.41839
7089.793,0.41821
7087.865,0.41810
7085.936,0.41800
7084.007,0.41801
7082.079,0.41803
7080.150,0.41795
7078.221,0.41782
7076.293,0.41771
7074.364,0.41757
7072.435,0.41738
7070.507,0.41722
7068.578,0.41708
7066.649,0.41690
7064.721,0.41674
7062.792,0.41666
7060.863,0.41655
7058.935,0.41631
7057.006,0.41599
7055.077,0.41565
7053.149,0.41544
7051.220,0.41546
7049.291,0.41552
7047.363,0.41539
7045.434,0.41525
7043.505,0.41521
7041.577,0.41505
7039.648,0.41474
7037.719,0.41451
7035.791,0.41441
7033.862,0.41436
7031.933,0.41427
7030.005,0.41406
7028.076,0.41382
7026.147,0.41361
7024.219,0.41337
7022.290,0.41312
7020.361,0.41298
7018.433,0.41291
7016.504,0.41283
7014.575,0.41282
7012.646,0.41275
7010.718,0.41256
7008.789,0.41243
7006.860,0.41239
7004.932,0.41225
7003.003,0.41205
7001.074,0.41184
6999.146,0.41152
6997.217,0.41118
6995.288,0.41111
6993.360,0.41123
6991.431,0.41119
6989.502,0.41100
6987.574,0.41076
6985.645,0.41060
6983.716,0.41050
6981.788,0.41031
6979.859,0.41004
6977.930,0.40976
6976.002,0.40962
6974.073,0.40964
6972.144,0.40969
6970.216,0.40968
6968.287,0.40955
6966.358,0.40937
6964.430,0.40920
6962.501,0.40904
6960.572,0.40887
6958.644,0.40864
6956.715,0.40834
6954.786,0.40801
6952.858,0.40779
6950.929,0.40773
6949.000,0.40769
6947.072,0.40762
6945.143,0.40745
6943.214,0.40720
6941.286,0.40708
6939.357,0.40717
6937.428,0.40723
6935.500,0.40710
6933.571,0.40679
6931.642,0.40645
6929.714,0.40628
6927.785,0.40620
6925.856,0.40602
6923.928,0.40578
6921.999,0.40555
6920.070,0.40533
6918.142,0.40513
6916.213,0.40501
6914.284,0.40488
6912.356,0.40470
6910.427,0.40459
6908.498,0.40448
6906.570,0.40426
6904.641,0.40407
6902.712,0.40394
6900.784,0.40373
6898.855,0.40340
6896.926,0.40311
6894.998,0.40298
6893.069,0.40287
6891.140,0.40265
6889.212,0.40249
6887.283,0.40240
6885.354,0.40223
6883.426,0.40203
6881.497,0.40193
6879.568,0.40180
6877.640,0.40156
6875.711,0.40138
6873.782,0.40140
6871.854,0.40139
6869.925,0.40113
6867.996,0.40076
6866.068,0.40056
6864.139,0.40052
6862.210,0.40044
6860.282,0.40024
6858.353,0.40000
6856.424,0.39976
6854.496,0.39951
6852.567,0.39930
6850.638,0.39910
6848.709,0.39885
6846.781,0.39858
6844.852,0.39838
6842.923,0.39824
6840.995,0.39813
6839.066,0.39798
6837.137,0.39775
6835.209,0.39746
6833.280,0.39717
6831.351,0.39697
6829.423,0.39691
6827.494,0.39691
6825.565,0.39684
6823.637,0.39675
6821.708,0.39663
6819.779,0.39642
6817.851,0.39622
6815.922,0.39599
6813.993,0.39572
6812.065,0.39551
6810.136,0.39528
6808.207,0.39495
6806.279,0.39468
6804.350,0.39455
6802.421,0.39447
6800.493,0.39439
6798.564,0.39429
6796.635,0.39416
6794.707,0.39401
6792.778,0.39384
6790.849,0.39368
6788.921,0.39358
6786.992,0.39350
6785.063,0.39326
6783.135,0.39288
6781.206,0.39255
6779.277,0.39235
6777.349,0.39232
6775.420,0.39231
6773.491,0.39207
6771.563,0.39172
6769.634,0.39150
6767.705,0.39146
6765.777,0.39140
6763.848,0.39123
6761.919,0.39097
6759.991,0.39068
6758.062,0.39040
6756.133,0.39023
6754.205,0.39017
6752.276,0.39011
6750.347,0.38996
6748.419,0.38973
6746.490,0.38949
6744.561,0.38929
6742.633,0.38913
6740.704,0.38901
6738.775,0.38895
6736.847,0.38892
6734.918,0.38877
6732.989,0.38847
6731.061,0.38820
6729.132,0.38806
6727.203,0.38794
6725.275,0.38776
6723.346,0.38754
6721.417,0.38734
6719.489,0.38717
6717.560,0.38706
6715.631,0.38700
6713.703,0.38687
6711.774,0.38662
6709.845,0.38636
6707.917,0.38617
6705.988,0.38602
6704.059,0.38591
6702.131,0.38588
6700.202,0.38580
6698.273,0.38563
6696.345,0.38543
6694.416,0.38526
6692.487,0.38507
6690.558,0.38488
6688.630,0.38469
6686.701,0.38447
6684.772,0.38422
6682.844,0.38403
6680.915,0.38391
6678.986,0.38380
6677.058,0.38372
6675.129,0.38362
6673.200,0.38339
6671.272,0.38304
6669.343,0.38275
6667.414,0.38260
6665.486,0.38250
6663.557,0.38233
6661.628,0.38215
6659.700,0.38205
6657.771,0.38200
6655.842,0.38187
6653.914,0.38164
6651.985,0.38146
6650.056,0.38138
6648.128,0.38125
6646.199,0.38106
6644.270,0.38089
6642.342,0.38071
6640.413,0.38042
6638.484,0.38016
6636.556,0.38002
6634.627,0.37995
6632.698,0.37980
6630.770,0.37959
6628.841,0.37943
6626.912,0.37930
6624.984,0.37919
6623.055,0.37906
6621.126,0.37883
6619.198,0.37853
6617.269,0.37829
6615.340,0.37812
6613.412,0.37799
6611.483,0.37788
6609.554,0.37776
6607.626,0.37768
6605.697,0.37759
6603.768,0.37746
6601.840,0.37729
6599.911,0.37714
6597.982,0.37698
6596.054,0.37676
6594.125,0.37646
6592.196,0.37613
6590.268,0.37584
6588.339,0.37568
6586.410,0.37567
6584.482,0.37559
6582.553,0.37532
6580.624,0.37504
6578.696,0.37483
6576.767,0.37464
6574.838,0.37449
6572.910,0.37445
6570.981,0.37439
6569.052,0.37417
6567.124,0.37388
6565.195,0.37371
6563.266,0.37368
6561.338,0.37363
6559.409,0.37346
6557.480,0.37323
6555.552,0.37299
6553.623,0.37278
6551.694,0.37262
6549.766,0.37249
6547.837,0.37237
6545.908,0.37224
6543.980,0.37206
6542.051,0.37190
6540.122,0.37179
6538.194,0.37173
6536.265,0.37169
6534.336,0.37154
6532.408,0.37123
6530.479,0.37091
6528.550,0.37076
6526.621,0.37064
6524.693,0.37038
6522.764,0.37014
6520.835,0.37002
6518.907,0.36988
6516.978,0.36969
6515.049,0.36956
6513.121,0.36942
6511.192,0.36925
6509.263,0.36917
6507.335,0.36914
6505.406,0.36899
6503.477,0.36877
6501.549,0.36860
6499.620,0.36849
6497.691,0.36833
6495.763,0.36808
6493.834,0.36781
6491.905,0.36758
6489.977,0.36745
6488.048,0.36740
6486.119,0.36731
6484.191,0.36712
6482.262,0.36692
6480.333,0.36675
6478.405,0.36653
6476.476,0.36626
6474.547,0.36605
6472.619,0.36595
6470.690,0.36594
6468.761,0.36596
6466.833,0.36587
6464.904,0.36568
6462.975,0.36546
6461.047,0.36521
6459.118,0.36498
6457.189,0.36487
6455.261,0.36480
6453.332,0.36470
6451.403,0.36455
6449.475,0.36436
6447.546,0.36414
6445.617,0.36392
6443.689,0.36373
6441.760,0.36359
6439.831,0.36344
6437.903,0.36325
6435.974,0.36306
6434.045,0.36292
6432.117,0.36279
6430.188,0.36263
6428.259,0.36242
6426.331,0.36224
6424.402,0.36211
6422.473,0.36195
6420.545,0.36178
6418.616,0.36165
6416.687,0.36152
6414.759,0.36139
6412.830,0.36120
6410.901,0.36093
6408.973,0.36068
6407.044,0.36059
6405.115,0.36054
6403.187,0.36036
6401.258,0.36009
6399.329,0.35987
6397.401,0.35972
6395.472,0.35957
6393.543,0.35940
6391.615,0.35926
6389.686,0.35909
6387.757,0.35886
6385.829,0.35865
6383.900,0.35850
6381.971,0.35840
6380.043,0.35829
6378.114,0.35820
6376.185,0.35814
6374.257,0.35802
6372.328,0.35782
6370.399,0.35759
6368.471,0.35734
6366.542,0.35708
6364.613,0.35689
6362.684,0.35674
6360.756,0.35658
6358.827,0.35649
6356.898,0.35645
6354.970,0.35633
6353.041,0.35614
6351.112,0.35595
6349.184,0.35578
6347.255,0.35563
6345.326,0.35552
6343.398,0.35539
6341.469,0.35522
6339.540,0.35499
6337.612,0.35476
6335.683,0.35463
6333.754,0.35453
6331.826,0.35439
6329.897,0.35426
6327.968,0.35415
6326.040,0.35403
6324.111,0.35386
6322.182,0.35366
6320.254,0.35352
6318.325,0.35343
6316.396,0.35331
6314.468,0.35318
6312.539,0.35306
6310.610,0.35290
6308.682,0.35270
6306.753,0.35250
6304.824,0.35231
6302.896,0.35212
6300.967,0.35192
6299.038,0.35177
6297.110,0.35165
6295.181,0.35157
6293.252,0.35149
6291.324,0.35137
6289.395,0.35120
6287.466,0.35100
6285.538,0.35081
6283.609,0.35071
6281.680,0.35063
6279.752,0.35048
6277.823,0.35032
6275.894,0.35017
6273.966,0.35001
6272.037,0.34984
6270.108,0.34969
6268.180,0.34959
6266.251,0.34951
6264.322,0.34938
6262.394,0.34922
6260.465,0.34900
6258.536,0.34873
6256.608,0.34852
6254.679,0.34837
6252.750,0.34819
6250.822,0.34797
6248.893,0.34782
6246.964,0.34771
6245.036,0.34753
6243.107,0.34734
6241.178,0.34723
6239.250,0.34712
6237.321,0.34693
6235.392,0.34674
6233.464,0.34664
6231.535,0.34652
6229.606,0.34636
6227.678,0.34624
6225.749,0.34622
6223.820,0.34624
6221.892,0.34612
6219.963,0.34584
6218.034,0.34558
6216.106,0.34542
6214.177,0.34529
6212.248,0.34517
6210.320,0.34503
6208.391,0.34487
6206.462,0.34470
6204.533,0.34454
6202.605,0.34437
6200.676,0.34420
6198.747,0.34406
6196.819,0.34396
6194.890,0.34391
6192.961,0.34384
6191.033,0.34371
6189.104,0.34354
6187.175,0.34342
6185.247,0.34340
6183.318,0.34342
6181.389,0.34344
6179.461,0.34344
6177.532,0.34340
6175.603,0.34337
6173.675,0.34342
6171.746,0.34355
6169.817,0.34374
6167.889,0.34398
6165.960,0.34431
6164.031,0.34478
6162.103,0.34538
6160.174,0.34608
6158.245,0.34695
6156.317,0.34799
6154.388,0.34901
6152.459,0.34971
6150.531,0.34986
6148.602,0.34940
6146.673,0.34848
6144.745,0.34746
6142.816,0.34664
6140.887,0.34611
6138.959,0.34592
6137.030,0.34617
6135.101,0.34681
6133.173,0.34744
6131.244,0.34748
6129.315,0.34679
6127.387,0.34565
6125.458,0.34438
6123.529,0.34315
6121.601,0.34205
6119.672,0.34106
6117.743,0.34019
6115.815,0.33951
6113.886,0.33905
6111.957,0.33869
6110.029,0.33828
6108.100,0.33785
6106.171,0.33753
6104.243,0.33730
6102.314,0.33710
6100.385,0.33693
6098.457,0.33682
6096.528,0.33670
6094.599,0.33645
6092.671,0.33610
6090.742,0.33576
6088.813,0.33545
6086.885,0.33513
6084.956,0.33486
6083.027,0.33470
6081.099,0.33458
6079.170,0.33445
6077.241,0.33433
6075.313,0.33423
6073.384,0.33409
6071.455,0.33395
6069.527,0.33386
6067.598,0.33383
6065.669,0.33386
6063.741,0.33398
6061.812,0.33415
6059.883,0.33418
6057.955,0.33401
6056.026,0.33370
6054.097,0.33336
6052.169,0.33307
6050.240,0.33286
6048.311,0.33266
6046.383,0.33248
6044.454,0.33238
6042.525,0.33234
6040.596,0.33222
6038.668,0.33198
6036.739,0.33172
6034.810,0.33152
6032.882,0.33135
6030.953,0.33115
6029.024,0.33098
6027.096,0.33085
6025.167,0.33074
6023.238,0.33068
6021.310,0.33070
6019.381,0.33080
6017.452,0.33103
6015.524,0.33130
6013.595,0.33153
6011.666,0.33178
6009.738,0.33214
6007.809,0.33252
6005.880,0.33274
6003.952,0.33268
6002.023,0.33236
6000.094,0.33186
5998.166,0.33119
5996.237,0.33047
5994.308,0.32984
5992.380,0.32933
5990.451,0.32886
5988.522,0.32835
5986.594,0.32783
5984.665,0.32735
5982.736,0.32698
5980.808,0.32669
5978.879,0.32643
5976.950,0.32618
5975.022,0.32592
5973.093,0.32572
5971.164,0.32554
5969.236,0.32532
5967.307,0.32509
5965.378,0.32487
5963.450,0.32464
5961.521,0.32444
5959.592,0.32427
5957.664,0.32413
5955.735,0.32395
5953.806,0.32376
5951.878,0.32360
5949.949,0.32343
5948.020,0.32326
5946.092,0.32315
5944.163,0.32304
5942.234,0.32287
5940.306,0.32265
5938.377,0.32246
5936.448,0.32234
5934.520,0.32229
5932.591,0.32225
5930.662,0.32216
5928.734,0.32202
5926.805,0.32188
5924.876,0.32173
5922.948,0.32157
5921.019,0.32143
5919.090,0.32136
5917.162,0.32134
5915.233,0.32130
5913.304,0.32117
5911.376,0.32098
5909.447,0.32086
5907.518,0.32088
5905.590,0.32096
5903.661,0.32093
5901.732,0.32078
5899.804,0.32066
5897.875,0.32056
5895.946,0.32042
5894.018,0.32020
5892.089,0.31989
5890.160,0.31959
5888.232,0.31943
5886.303,0.31934
5884.374,0.31920
5882.445,0.31904
5880.517,0.31891
5878.588,0.31878
5876.659,0.31864
5874.731,0.31854
5872.802,0.31848
5870.873,0.31843
5868.945,0.31839
5867.016,0.31840
5865.087,0.31839
5863.159,0.31833
5861.230,0.31827
5859.301,0.31819
5857.373,0.31810
5855.444,0.31807
5853.515,0.31809
5851.587,0.31810
5849.658,0.31815
5847.729,0.31820
5845.801,0.31823
5843.872,0.31824
5841.943,0.31825
5840.015,0.31824
5838.086,0.31815
5836.157,0.31800
5834.229,0.31775
5832.300,0.31740
5830.371,0.31700
5828.443,0.31660
5826.514,0.31623
5824.585,0.31588
5822.657,0.31556
5820.728,0.31524
5818.799,0.31492
5816.871,0.31462
5814.942,0.31438
5813.013,0.31414
5811.085,0.31390
5809.156,0.31369
5807.227,0.31355
5805.299,0.31339
5803.370,0.31319
5801.441,0.31295
5799.513,0.31269
5797.584,0.31244
5795.655,0.31226
5793.727,0.31214
5791.798,0.31202
5789.869,0.31186
5787.941,0.31165
5786.012,0.31141
5784.083,0.31123
5782.155,0.31111
5780.226,0.31094
5778.297,0.31072
5776.369,0.31053
5774.440,0.31038
5772.511,0.31023
5770.583,0.31004
5768.654,0.30979
5766.725,0.30952
5764.797,0.30927
5762.868,0.30901
5760.939,0.30874
5759.011,0.30848
5757.082,0.30825
5755.153,0.30806
5753.225,0.30791
5751.296,0.30779
5749.367,0.30766
5747.439,0.30749
5745.510,0.30726
5743.581,0.30704
5741.653,0.30689
5739.724,0.30675
5737.795,0.30663
5735.867,0.30652
5733.938,0.30640
5732.009,0.30623
5730.081,0.30606
5728.152,0.30596
5726.223,0.30591
5724.295,0.30582
5722.366,0.30570
5720.437,0.30563
5718.508,0.30562
5716.580,0.30562
5714.651,0.30562
5712.722,0.30563
5710.794,0.30570
5708.865,0.30577
5706.936,0.30586
5705.008,0.30605
5703.079,0.30628
5701.150,0.30638
5699.222,0.30632
5697.293,0.30611
5695.364,0.30570
5693.436,0.30516
5691.507,0.30463
5689.578,0.30416
5687.650,0.30375
5685.721,0.30341
5683.792,0.30311
5681.864,0.30284
5679.935,0.30264
5678.006,0.30247
5676.078,0.30226
5674.149,0.30205
5672.220,0.30186
5670.292,0.30171
5668.363,0.30153
5666.434,0.30132
5664.506,0.30111
5662.577,0.30090
5660.648,0.30072
5658.720,0.30050
5656.791,0.30024
5654.862,0.29998
5652.934,0.29972
5651.005,0.29942
5649.076,0.29911
5647.148,0.29887
5645.219,0.29873
5643.290,0.29862
5641.362,0.29845
5639.433,0.29824
5637.504,0.29803
5635.576,0.29784
5633.647,0.29768
5631.718,0.29748
5629.790,0.29727
5627.861,0.29710
5625.932,0.29702
5624.004,0.29692
5622.075,0.29675
5620.146,0.29652
5618.218,0.29630
5616.289,0.29617
5614.360,0.29610
5612.432,0.29597
5610.503,0.29580
5608.574,0.29565
5606.646,0.29552
5604.717,0.29537
5602.788,0.29519
5600.860,0.29499
5598.931,0.29478
5597.002,0.29457
5595.074,0.29439
5593.145,0.29420
5591.216,0.29398
5589.288,0.29375
5587.359,0.29352
5585.430,0.29331
5583.502,0.29312
5581.573,0.29297
5579.644,0.29281
5577.716,0.29261
5575.787,0.29240
5573.858,0.29221
5571.930,0.29206
5570.001,0.29193
5568.072,0.29178
5566.144,0.29161
5564.215,0.29144
5562.286,0.29128
5560.357,0.29113
5558.429,0.29100
5556.500,0.29085
5554.571,0.29067
5552.643,0.29050
5550.714,0.29030
5548.785,0.29008
5546.857,0.28991
5544.928,0.28981
5542.999,0.28967
5541.071,0.28948
5539.142,0.28928
5537.213,0.28910
5535.285,0.28896
5533.356,0.28883
5531.427,0.28867
5529.499,0.28850
5527.570,0.28833
5525.641,0.28817
5523.713,0.28802
5521.784,0.28789
5519.855,0.28778
5517.927,0.28765
5515.998,0.28752
5514.069,0.28735
5512.141,0.28717
5510.212,0.28704
5508.283,0.28697
5506.355,0.28685
5504.426,0.28668
5502.497,0.28651
5500.569,0.28634
5498.640,0.28619
5496.711,0.28607
5494.783,0.28594
5492.854,0.28576
5490.925,0.28554
5488.997,0.28532
5487.068,0.28514
5485.139,0.28496
5483.211,0.28475
5481.282,0.28452
5479.353,0.28436
5477.425,0.28419
5475.496,0.28399
5473.567,0.28379
5471.639,0.28364
5469.710,0.28349
5467.781,0.28328
5465.853,0.28305
5463.924,0.28286
5461.995,0.28269
5460.067,0.28252
5458.138,0.28235
5456.209,0.28221
5454.281,0.28207
5452.352,0.28192
5450.423,0.28175
5448.495,0.28163
5446.566,0.28150
5444.637,0.28132
5442.709,0.28112
5440.780,0.28094
5438.851,0.28079
5436.923,0.28066
5434.994,0.28050
5433.065,0.28032
5431.137,0.28013
5429.208,0.27997
5427.279,0.27985
5425.351,0.27975
5423.422,0.27964
5421.493,0.27948
5419.565,0.27930
5417.636,0.27915
5415.707,0.27903
5413.779,0.27891
5411.850,0.27876
5409.921,0.27862
5407.993,0.27847
5406.064,0.27829
5404.135,0.27810
5402.207,0.27792
5400.278,0.27775
5398.349,0.27761
5396.420,0.27751
5394.492,0.27737
5392.563,0.27718
5390.634,0.27699
5388.706,0.27685
5386.777,0.27673
5384.848,0.27658
5382.920,0.27641
5380.991,0.27625
5379.062,0.27608
5377.134,0.27591
5375.205,0.27574
5373.276,0.27561
5371.348,0.27547
5369.419,0.27528
5367.490,0.27509
5365.562,0.27494
5363.633,0.27481
5361.704,0.27467
5359.776,0.27453
5357.847,0.27437
5355.918,0.27423
5353.990,0.27413
5352.061,0.27404
5350.132,0.27389
5348.204,0.27370
5346.275,0.27352
5344.346,0.27338
5342.418,0.27325
5340.489,0.27310
5338.560,0.27294
5336.632,0.27275
5334.703,0.27256
5332.774,0.27238
5330.846,0.27221
5328.917,0.27203
5326.988,0.27191
5325.060,0.27179
5323.131,0.27164
5321.202,0.27144
5319.274,0.27123
5317.345,0.27107
5315.416,0.27094
5313.488,0.27079
5311.559,0.27064
5309.630,0.27051
5307.702,0.27035
5305.773,0.27018
5303.844,0.27006
5301.916,0.26994
5299.987,0.26981
5298.058,0.26965
5296.130,0.26949
5294.201,0.26930
5292.272,0.26909
5290.344,0.26893
5288.415,0.26881
5286.486,0.26868
5284.558,0.26853
5282.629,0.26837
5280.700,0.26823
5278.772,0.26810
5276.843,0.26795
5274.914,0.26777
5272.986,0.26762
5271.057,0.26750
5269.128,0.26739
5267.200,0.26730
5265.271,0.26720
5263.342,0.26703
5261.414,0.26680
5259.485,0.26661
5257.556,0.26651
5255.628,0.26642
5253.699,0.26629
5251.770,0.26617
5249.842,0.26604
5247.913,0.26587
5245.984,0.26570
5244.056,0.26557
5242.127,0.26546
5240.198,0.26532
5238.269,0.26516
5236.341,0.26499
5234.412,0.26482
5232.483,0.26467
5230.555,0.26453
5228.626,0.26439
5226.697,0.26426
5224.769,0.26411
5222.840,0.26393
5220.911,0.26376
5218.983,0.26360
5217.054,0.26343
5215.125,0.26328
5213.197,0.26316
5211.268,0.26301
5209.339,0.26284
5207.411,0.26268
5205.482,0.26254
5203.553,0.26240
5201.625,0.26224
5199.696,0.26206
5197.767,0.26190
5195.839,0.26178
5193.910,0.26165
5191.981,0.26149
5190.053,0.26133
5188.124,0.26120
5186.195,0.26109
5184.267,0.26096
5182.338,0.26076
5180.409,0.26057
5178.481,0.26045
5176.552,0.26033
5174.623,0.26018
5172.695,0.26003
5170.766,0.25993
5168.837,0.25983
5166.909,0.25971
5164.980,0.25952
5163.051,0.25930
5161.123,0.25910
5159.194,0.25896
5157.265,0.25884
5155.337,0.25869
5153.408,0.25854
5151.479,0.25837
5149.551,0.25815
5147.622,0.25793
5145.693,0.25779
5143.765,0.25766
5141.836,0.25750
5139.907,0.25731
5137.979,0.25710
5136.050,0.25693
5134.121,0.25682
5132.193,0.25672
5130.264,0.25658
5128.335,0.25642
5126.407,0.25625
5124.478,0.25610
5122.549,0.25600
5120.621,0.25588
5118.692,0.25573
5116.763,0.25555
5114.835,0.25541
5112.906,0.25526
5110.977,0.25510
5109.049,0.25493
5107.120,0.25480
5105.191,0.25468
5103.263,0.25454
5101.334,0.25437
5099.405,0.25423
5097.477,0.25412
5095.548,0.25398
5093.619,0.25382
5091.691,0.25365
5089.762,0.25352
5087.833,0.25339
5085.905,0.25328
5083.976,0.25317
5082.047,0.25301
5080.119,0.25280
5078.190,0.25259
5076.261,0.25243
5074.332,0.25231
5072.404,0.25220
5070.475,0.25206
5068.546,0.25190
5066.618,0.25170
5064.689,0.25149
5062.760,0.25134
5060.832,0.25122
5058.903,0.25108
5056.974,0.25092
5055.046,0.25073
5053.117,0.25054
5051.188,0.25037
5049.260,0.25024
5047.331,0.25013
5045.402,0.25002
5043.474,0.24989
5041.545,0.24974
5039.616,0.24957
5037.688,0.24937
5035.759,0.24921
5033.830,0.24908
5031.902,0.24894
5029.973,0.24877
5028.044,0.24861
5026.116,0.24849
5024.187,0.24836
5022.258,0.24821
5020.330,0.24806
5018.401,0.24791
5016.472,0.24775
5014.544,0.24759
5012.615,0.24746
5010.686,0.24735
5008.758,0.24723
5006.829,0.24707
5004.900,0.24692
5002.972,0.24681
5001.043,0.24670
4999.114,0.24657
4997.186,0.24641
4995.257,0.24622
4993.328,0.24606
4991.400,0.24592
4989.471,0.24576
4987.542,0.24557
4985.614,0.24541
4983.685,0.24529
4981.756,0.24518
4979.828,0.24507
4977.899,0.24492
4975.970,0.24476
4974.042,0.24462
4972.113,0.24451
4970.184,0.24439
4968.256,0.24425
4966.327,0.24407
4964.398,0.24388
4962.470,0.24376
4960.541,0.24368
4958.612,0.24356
4956.684,0.24341
4954.755,0.24326
4952.826,0.24316
4950.898,0.24309
4948.969,0.24298
4947.040,0.24278
4945.112,0.24256
4943.183,0.24238
4941.254,0.24224
4939.326,0.24212
4937.397,0.24198
4935.468,0.24182
4933.540,0.24166
4931.611,0.24153
4929.682,0.24139
4927.754,0.24122
4925.825,0.24103
4923.896,0.24087
4921.968,0.24074
4920.039,0.24061
4918.110,0.24046
4916.181,0.24032
4914.253,0.24019
4912.324,0.24007
4910.395,0.23994
4908.467,0.23976
4906.538,0.23957
4904.609,0.23941
4902.681,0.23926
4900.752,0.23911
4898.823,0.23894
4896.895,0.23878
4894.966,0.23866
4893.037,0.23855
4891.109,0.23840
4889.180,0.23822
4887.251,0.23806
4885.323,0.23790
4883.394,0.23772
4881.465,0.23757
4879.537,0.23742
4877.608,0.23728
4875.679,0.23718
4873.751,0.23708
4871.822,0.23694
4869.893,0.23679
4867.965,0.23664
4866.036,0.23649
4864.107,0.23634
4862.179,0.23618
4860.250,0.23602
4858.321,0.23588
4856.393,0.23576
4854.464,0.23565
4852.535,0.23554
4850.607,0.23541
4848.678,0.23525
4846.749,0.23507
4844.821,0.23489
4842.892,0.23474
4840.963,0.23461
4839.035,0.23446
4837.106,0.23427
4835.177,0.23410
4833.249,0.23396
4831.320,0.23380
4829.391,0.23364
4827.463,0.23352
4825.534,0.23337
4823.605,0.23319
4821.677,0.23302
4819.748,0.23287
4817.819,0.23276
4815.891,0.23267
4813.962,0.23252
4812.033,0.23233
4810.105,0.23220
4808.176,0.23207
4806.247,0.23188
4804.319,0.23167
4802.390,0.23147
4800.461,0.23131
4798.533,0.23118
4796.604,0.23104
4794.675,0.23088
4792.747,0.23075
4790.818,0.23065
4788.889,0.23051
4786.961,0.23034
4785.032,0.23019
4783.103,0.23006
4781.175,0.22995
4779.246,0.22985
4777.317,0.22971
4775.389,0.22952
4773.460,0.22935
4771.531,0.22923
4769.603,0.22912
4767.674,0.22898
4765.745,0.22885
4763.817,0.22873
4761.888,0.22862
4759.959,0.22851
4758.031,0.22839
4756.102,0.22825
4754.173,0.22809
4752.244,0.22791
4750.316,0.22776
4748.387,0.22765
4746.458,0.22754
4744.530,0.22742
4742.601,0.22727
4740.672,0.22708
4738.744,0.22688
4736.815,0.22670
4734.886,0.22654
4732.958,0.22639
4731.029,0.22625
4729.100,0.22613
4727.172,0.22600
4725.243,0.22586
4723.314,0.22573
4721.386,0.22562
4719.457,0.22549
4717.528,0.22534
4715.600,0.22517
4713.671,0.22503
4711.742,0.22493
4709.814,0.22482
4707.885,0.22468
4705.956,0.22453
4704.028,0.22438
4702.099,0.22424
4700.170,0.22411
4698.242,0.22400
4696.313,0.22390
4694.384,0.22377
4692.456,0.22362
4690.527,0.22348
4688.598,0.22335
4686.670,0.22324
4684.741,0.22314
4682.812,0.22301
4680.884,0.22284
4678.955,0.22268
4677.026,0.22254
4675.098,0.22240
4673.169,0.22228
4671.240,0.22216
4669.312,0.22204
4667.383,0.22189
4665.454,0.22172
4663.526,0.22153
4661.597,0.22136
4659.668,0.22120
4657.740,0.22106
4655.811,0.22093
4653.882,0.22080
4651.954,0.22067
4650.025,0.22055
4648.096,0.22042
4646.168,0.22027
4644.239,0.22010
4642.310,0.21992
4640.382,0.21976
4638.453,0.21962
4636.524,0.21948
4634.596,0.21932
4632.667,0.21915
4630.738,0.21899
4628.810,0.21886
4626.881,0.21873
4624.952,0.21860
4623.024,0.21847
4621.095,0.21835
4619.166,0.21826
4617.238,0.21821
4615.309,0.21815
4613.380,0.21803
4611.452,0.21793
4609.523,0.21787
4607.594,0.21779
4605.666,0.21767
4603.737,0.21752
4601.808,0.21737
4599.880,0.21721
4597.951,0.21705
4596.022,0.21688
4594.093,0.21672
4592.165,0.21655
4590.236,0.21637
4588.307,0.21621
4586.379,0.21606
4584.450,0.21590
4582.521,0.21577
4580.593,0.21567
4578.664,0.21559
4576.735,0.21549
4574.807,0.21539
4572.878,0.21527
4570.949,0.21511
4569.021,0.21494
4567.092,0.21478
4565.163,0.21462
4563.235,0.21446
4561.306,0.21432
4559.377,0.21421
4557.449,0.21409
4555.520,0.21394
4553.591,0.21380
4551.663,0.21369
4549.734,0.21361
4547.805,0.21352
4545.877,0.21344
4543.948,0.21334
4542.019,0.21323
4540.091,0.21315
4538.162,0.21309
4536.233,0.21308
4534.305,0.21311
4532.376,0.21312
4530.447,0.21306
4528.519,0.21292
4526.590,0.21273
4524.661,0.21259
4522.733,0.21252
4520.804,0.21251
4518.875,0.21253
4516.947,0.21254
4515.018,0.21247
4513.089,0.21233
4511.161,0.21221
4509.232,0.21216
4507.303,0.21223
4505.375,0.21242
4503.446,0.21275
4501.517,0.21320
4499.589,0.21381
4497.660,0.21468
4495.731,0.21582
4493.803,0.21694
4491.874,0.21760
4489.945,0.21758
4488.017,0.21711
4486.088,0.21660
4484.159,0.21627
4482.231,0.21598
4480.302,0.21538
4478.373,0.21439
4476.445,0.21326
4474.516,0.21234
4472.587,0.21178
4470.659,0.21156
4468.730,0.21162
4466.801,0.21189
4464.873,0.21229
4462.944,0.21275
4461.015,0.21312
4459.087,0.21328
4457.158,0.21326
4455.229,0.21314
4453.301,0.21293
4451.372,0.21265
4449.443,0.21228
4447.515,0.21186
4445.586,0.21139
4443.657,0.21088
4441.729,0.21037
4439.800,0.20995
4437.871,0.20966
4435.943,0.20948
4434.014,0.20944
4432.085,0.20953
4430.156,0.20980
4428.228,0.21023
4426.299,0.21074
4424.370,0.21127
4422.442,0.21185
4420.513,0.21258
4418.584,0.21343
4416.656,0.21419
4414.727,0.21466
4412.798,0.21477
4410.870,0.21469
4408.941,0.21467
4407.012,0.21479
4405.084,0.21495
4403.155,0.21504
4401.226,0.21498
4399.298,0.21467
4397.369,0.21409
4395.440,0.21338
4393.512,0.21273
4391.583,0.21230
4389.654,0.21209
4387.726,0.21203
4385.797,0.21211
4383.868,0.21230
4381.940,0.21252
4380.011,0.21260
4378.082,0.21237
4376.154,0.21175
4374.225,0.21083
4372.296,0.20979
4370.368,0.20879
4368.439,0.20787
4366.510,0.20704
4364.582,0.20637
4362.653,0.20589
4360.724,0.20558
4358.796,0.20539
4356.867,0.20530
4354.938,0.20536
4353.010,0.20559
4351.081,0.20603
4349.152,0.20667
4347.224,0.20744
4345.295,0.20823
4343.366,0.20895
4341.438,0.20952
4339.509,0.20992
4337.580,0.21017
4335.652,0.21026
4333.723,0.21013
4331.794,0.20982
4329.866,0.20949
4327.937,0.20941
4326.008,0.20984
4324.080,0.21081
4322.151,0.21208
4320.222,0.21307
4318.294,0.21321
4316.365,0.21250
4314.436,0.21158
4312.508,0.21101
4310.579,0.21071
4308.650,0.21020
4306.722,0.20926
4304.793,0.20815
4302.864,0.20724
4300.936,0.20668
4299.007,0.20641
4297.078,0.20634
4295.150,0.20646
4293.221,0.20671
4291.292,0.20700
4289.364,0.20715
4287.435,0.20703
4285.506,0.20672
4283.578,0.20631
4281.649,0.20582
4279.720,0.20518
4277.792,0.20440
4275.863,0.20353
4273.934,0.20264
4272.005,0.20184
4270.077,0.20109
4268.148,0.20040
4266.219,0.19978
4264.291,0.19926
4262.362,0.19885
4260.433,0.19853
4258.505,0.19830
4256.576,0.19813
4254.647,0.19801
4252.719,0.19787
4250.790,0.19758
4248.861,0.19713
4246.933,0.19662
4245.004,0.19614
4243.075,0.19572
4241.147,0.19538
4239.218,0.19510
4237.289,0.19484
4235.361,0.19464
4233.432,0.19452
4231.503,0.19445
4229.575,0.19441
4227.646,0.19440
4225.717,0.19442
4223.789,0.19448
4221.860,0.19457
4219.931,0.19469
4218.003,0.19480
4216.074,0.19486
4214.145,0.19482
4212.217,0.19470
4210.288,0.19456
4208.359,0.19447
4206.431,0.19446
4204.502,0.19451
4202.573,0.19451
4200.645,0.19444
4198.716,0.19433
4196.787,0.19418
4194.859,0.19397
4192.930,0.19366
4191.001,0.19328
4189.073,0.19289
4187.144,0.19253
4185.215,0.19219
4183.287,0.19189
4181.358,0.19163
4179.429,0.19136
4177.501,0.19106
4175.572,0.19079
4173.643,0.19056
4171.715,0.19033
4169.786,0.19011
4167.857,0.18991
4165.929,0.18972
4164.000,0.18952
4162.071,0.18931
4160.143,0.18909
4158.214,0.18888
4156.285,0.18871
4154.357,0.18854
4152.428,0.18834
4150.499,0.18815
4148.571,0.18800
4146.642,0.18785
4144.713,0.18769
4142.785,0.18752
4140.856,0.18737
4138.927,0.18725
4136.999,0.18715
4135.070,0.18705
4133.141,0.18695
4131.213,0.18685
4129.284,0.18673
4127.355,0.18661
4125.427,0.18649
4123.498,0.18640
4121.569,0.18635
4119.641,0.18639
4117.712,0.18648
4115.783,0.18660
4113.855,0.18676
4111.926,0.18696
4109.997,0.18717
4108.068,0.18738
4106.140,0.18751
4104.211,0.18751
4102.282,0.18747
4100.354,0.18744
4098.425,0.18744
4096.496,0.18743
4094.568,0.18734
4092.639,0.18715
4090.710,0.18688
4088.782,0.18656
4086.853,0.18619
4084.924,0.18579
4082.996,0.18539
4081.067,0.18499
4079.138,0.18461
4077.210,0.18427
4075.281,0.18393
4073.352,0.18356
4071.424,0.18319
4069.495,0.18284
4067.566,0.18250
4065.638,0.18219
4063.709,0.18191
4061.780,0.18165
4059.852,0.18142
4057.923,0.18122
4055.994,0.18101
4054.066,0.18080
4052.137,0.18065
4050.208,0.18052
4048.280,0.18041
4046.351,0.18031
4044.422,0.18022
4042.494,0.18016
4040.565,0.18011
4038.636,0.18008
4036.708,0.18008
4034.779,0.18010
4032.850,0.18012
4030.922,0.18016
4028.993,0.18026
4027.064,0.18044
4025.136,0.18064
4023.207,0.18081
4021.278,0.18086
4019.350,0.18078
4017.421,0.18064
4015.492,0.18050
4013.564,0.18035
4011.635,0.18019
4009.706,0.18001
4007.778,0.17980
4005.849,0.17959
4003.920,0.17944
4001.992,0.17936
4000.063,0.17936
3998.134,0.17946
3996.206,0.17959
3994.277,0.17970
3992.348,0.17972
3990.420,0.17963
3988.491,0.17945
3986.562,0.17922
3984.634,0.17893
3982.705,0.17859
3980.776,0.17822
3978.848,0.17780
3976.919,0.17734
3974.990,0.17687
3973.062,0.17643
3971.133,0.17606
3969.204,0.17577
3967.276,0.17554
3965.347,0.17536
3963.418,0.17522
3961.490,0.17510
3959.561,0.17496
3957.632,0.17481
3955.704,0.17464
3953.775,0.17445
3951.846,0.17428
3949.917,0.17410
3947.989,0.17391
3946.060,0.17369
3944.131,0.17348
3942.203,0.17327
3940.274,0.17306
3938.345,0.17291
3936.417,0.17285
3934.488,0.17286
3932.559,0.17287
3930.631,0.17283
3928.702,0.17275
3926.773,0.17268
3924.845,0.17262
3922.916,0.17255
3920.987,0.17248
3919.059,0.17231
3917.130,0.17203
3915.201,0.17171
3913.273,0.17144
3911.344,0.17118
3909.415,0.17091
3907.487,0.17070
3905.558,0.17053
3903.629,0.17037
3901.701,0.17019
3899.772,0.16997
3897.843,0.16975
3895.915,0.16958
3893.986,0.16948
3892.057,0.16940
3890.129,0.16929
3888.200,0.16919
3886.271,0.16911
3884.343,0.16899
3882.414,0.16882
3880.485,0.16864
3878.557,0.16843
3876.628,0.16826
3874.699,0.16813
3872.771,0.16802
3870.842,0.16789
3868.913,0.16772
3866.985,0.16757
3865.056,0.16749
3863.127,0.16738
3861.199,0.16723
3859.270,0.16710
3857.341,0.16706
3855.413,0.16710
3853.484,0.16695
3851.555,0.16656
3849.627,0.16620
3847.698,0.16598
3845.769,0.16582
3843.841,0.16568
3841.912,0.16558
3839.983,0.16552
3838.055,0.16545
3836.126,0.16536
3834.197,0.16528
3832.269,0.16520
3830.340,0.16507
3828.411,0.16491
3826.483,0.16476
3824.554,0.16466
3822.625,0.16455
3820.697,0.16437
3818.768,0.16420
3816.839,0.16410
3814.911,0.16396
3812.982,0.16379
3811.053,0.16363
3809.125,0.16351
3807.196,0.16340
3805.267,0.16328
3803.339,0.16318
3801.410,0.16306
3799.481,0.16290
3797.553,0.16276
3795.624,0.16262
3793.695,0.16248
3791.767,0.16231
3789.838,0.16214
3787.909,0.16198
3785.980,0.16180
3784.052,0.16158
3782.123,0.16139
3780.194,0.16122
3778.266,0.16106
3776.337,0.16090
3774.408,0.16076
3772.480,0.16065
3770.551,0.16055
3768.622,0.16045
3766.694,0.16033
3764.765,0.16023
3762.836,0.16013
3760.908,0.16004
3758.979,0.15996
3757.050,0.15987
3755.122,0.15982
3753.193,0.15984
3751.264,0.15984
3749.336,0.15972
3747.407,0.15962
3745.478,0.15958
3743.550,0.15939
3741.621,0.15909
3739.692,0.15892
3737.764,0.15887
3735.835,0.15877
3733.906,0.15862
3731.978,0.15842
3730.049,0.15821
3728.120,0.15806
3726.192,0.15793
3724.263,0.15779
3722.334,0.15768
3720.406,0.15759
3718.477,0.15748
3716.548,0.15741
3714.620,0.15740
3712.691,0.15739
3710.762,0.15732
3708.834,0.15722
3706.905,0.15713
3704.976,0.15711
3703.048,0.15711
3701.119,0.15701
3699.190,0.15684
3697.262,0.15671
3695.333,0.15663
3693.404,0.15659
3691.476,0.15660
3689.547,0.15660
3687.618,0.15653
3685.690,0.15648
3683.761,0.15650
3681.832,0.15658
3679.904,0.15674
3677.975,0.15695
3676.046,0.15710
3674.118,0.15717
3672.189,0.15723
3670.260,0.15726
3668.332,0.15719
3666.403,0.15707
3664.474,0.15698
3662.546,0.15692
3660.617,0.15693
3658.688,0.15695
3656.760,0.15694
3654.831,0.15686
3652.902,0.15679
3650.974,0.15677
3649.045,0.15672
3647.116,0.15656
3645.188,0.15636
3643.259,0.15622
3641.330,0.15614
3639.402,0.15608
3637.473,0.15605
3635.544,0.15604
3633.616,0.15604
3631.687,0.15612
3629.758,0.15620
3627.830,0.15613
3625.901,0.15603
3623.972,0.15605
3622.043,0.15611
3620.115,0.15618
3618.186,0.15622
3616.257,0.15622
3614.329,0.15628
3612.400,0.15642
3610.471,0.15654
3608.543,0.15658
3606.614,0.15659
3604.685,0.15658
3602.757,0.15657
3600.828,0.15657
3598.899,0.15658
3596.971,0.15659
3595.042,0.15663
3593.113,0.15668
3591.185,0.15673
3589.256,0.15678
3587.327,0.15678
3585.399,0.15673
3583.470,0.15669
3581.541,0.15670
3579.613,0.15667
3577.684,0.15661
3575.755,0.15661
3573.827,0.15667
3571.898,0.15674
3569.969,0.15685
3568.041,0.15692
3566.112,0.15693
3564.183,0.15694
3562.255,0.15699
3560.326,0.15704
3558.397,0.15713
3556.469,0.15723
3554.540,0.15730
3552.611,0.15735
3550.683,0.15741
3548.754,0.15749
3546.825,0.15761
3544.897,0.15774
3542.968,0.15786
3541.039,0.15800
3539.111,0.15817
3537.182,0.15828
3535.253,0.15828
3533.325,0.15824
3531.396,0.15818
3529.467,0.15807
3527.539,0.15795
3525.610,0.15786
3523.681,0.15778
3521.753,0.15771
3519.824,0.15765
3517.895,0.15757
3515.967,0.15753
3514.038,0.15753
3512.109,0.15750
3510.181,0.15748
3508.252,0.15748
3506.323,0.15748
3504.395,0.15749
3502.466,0.15753
3500.537,0.15758
3498.609,0.15762
3496.680,0.15769
3494.751,0.15779
3492.823,0.15792
3490.894,0.15807
3488.965,0.15819
3487.037,0.15825
3485.108,0.15831
3483.179,0.15836
3481.251,0.15838
3479.322,0.15839
3477.393,0.15845
3475.465,0.15850
3473.536,0.15853
3471.607,0.15856
3469.679,0.15860
3467.750,0.15864
3465.821,0.15870
3463.892,0.15874
3461.964,0.15869
3460.035,0.15857
3458.106,0.15842
3456.178,0.15825
3454.249,0.15813
3452.320,0.15805
3450.392,0.15798
3448.463,0.15794
3446.534,0.15789
3444.606,0.15779
3442.677,0.15767
3440.748,0.15756
3438.820,0.15744
3436.891,0.15730
3434.962,0.15716
3433.034,0.15699
3431.105,0.15681
3429.176,0.15671
3427.248,0.15666
3425.319,0.15664
3423.390,0.15668
3421.462,0.15674
3419.533,0.15676
3417.604,0.15675
3415.676,0.15669
3413.747,0.15650
3411.818,0.15619
3409.890,0.15578
3407.961,0.15528
3406.032,0.15478
3404.104,0.15435
3402.175,0.15394
3400.246,0.15354
3398.318,0.15315
3396.389,0.15278
3394.460,0.15242
3392.532,0.15212
3390.603,0.15185
3388.674,0.15159
3386.746,0.15136
3384.817,0.15114
3382.888,0.15092
3380.960,0.15073
3379.031,0.15057
3377.102,0.15036
3375.174,0.15009
3373.245,0.14980
3371.316,0.14950
3369.388,0.14923
3367.459,0.14899
3365.530,0.14871
3363.602,0.14840
3361.673,0.14812
3359.744,0.14785
3357.816,0.14762
3355.887,0.14742
3353.958,0.14722
3352.030,0.14700
3350.101,0.14677
3348.172,0.14651
3346.244,0.14617
3344.315,0.14581
3342.386,0.14545
3340.458,0.14508
3338.529,0.14473
3336.600,0.14442
3334.672,0.14414
3332.743,0.14392
3330.814,0.14374
3328.886,0.14354
3326.957,0.14338
3325.028,0.14328
3323.100,0.14317
3321.171,0.14306
3319.242,0.14292
3317.314,0.14271
3315.385,0.14245
3313.456,0.14216
3311.528,0.14186
3309.599,0.14156
3307.670,0.14129
3305.742,0.14105
3303.813,0.14083
3301.884,0.14062
3299.955,0.14041
3298.027,0.14017
3296.098,0.13995
3294.169,0.13973
3292.241,0.13950
3290.312,0.13926
3288.383,0.13903
3286.455,0.13880
3284.526,0.13861
3282.597,0.13842
3280.669,0.13821
3278.740,0.13800
3276.811,0.13781
3274.883,0.13762
3272.954,0.13744
3271.025,0.13728
3269.097,0.13712
3267.168,0.13695
3265.239,0.13678
3263.311,0.13660
3261.382,0.13644
3259.453,0.13629
3257.525,0.13615
3255.596,0.13604
3253.667,0.13594
3251.739,0.13582
3249.810,0.13568
3247.881,0.13552
3245.953,0.13536
3244.024,0.13518
3242.095,0.13499
3240.167,0.13483
3238.238,0.13466
3236.309,0.13451
3234.381,0.13439
3232.452,0.13426
3230.523,0.13413
3228.595,0.13402
3226.666,0.13391
3224.737,0.13382
3222.809,0.13377
3220.880,0.13369
3218.951,0.13360
3217.023,0.13351
3215.094,0.13341
3213.165,0.13332
3211.237,0.13325
3209.308,0.13319
3207.379,0.13310
3205.451,0.13303
3203.522,0.13298
3201.593,0.13296
3199.665,0.13298
3197.736,0.13304
3195.807,0.13313
3193.879,0.13330
3191.950,0.13354
3190.021,0.13384
3188.093,0.13421
3186.164,0.13467
3184.235,0.13514
3182.307,0.13555
3180.378,0.13578
3178.449,0.13580
3176.521,0.13572
3174.592,0.13569
3172.663,0.13574
3170.735,0.13589
3168.806,0.13613
3166.877,0.13643
3164.949,0.13679
3163.020,0.13719
3161.091,0.13757
3159.163,0.13795
3157.234,0.13835
3155.305,0.13871
3153.377,0.13901
3151.448,0.13930
3149.519,0.13959
3147.591,0.13993
3145.662,0.14044
3143.733,0.14111
3141.804,0.14189
3139.876,0.14276
3137.947,0.14356
3136.018,0.14418
3134.090,0.14456
3132.161,0.14471
3130.232,0.14466
3128.304,0.14453
3126.375,0.14444
3124.446,0.14448
3122.518,0.14476
3120.589,0.14531
3118.660,0.14609
3116.732,0.14709
3114.803,0.14836
3112.874,0.14983
3110.946,0.15142
3109.017,0.15303
3107.088,0.15447
3105.160,0.15575
3103.231,0.15707
3101.302,0.15857
3099.374,0.16035
3097.445,0.16250
3095.516,0.16509
3093.588,0.16826
3091.659,0.17239
3089.730,0.17812
3087.802,0.18671
3085.873,0.20048
3083.944,0.22365
3082.016,0.26471
3080.087,0.33790
3078.158,0.45106
3076.230,0.56422
3074.301,0.57909
3072.372,0.50226
3070.444,0.44807
3068.515,0.46501
3066.586,0.50697
3064.658,0.47851
3062.729,0.38285
3060.800,0.29531
3058.872,0.24134
3056.943,0.21124
3055.014,0.19268
3053.086,0.17953
3051.157,0.17020
3049.228,0.16403
3047.300,0.16004
3045.371,0.15732
3043.442,0.15552
3041.514,0.15473
3039.585,0.15491
3037.656,0.15506
3035.728,0.15396
3033.799,0.15190
3031.870,0.15044
3029.942,0.15031
3028.013,0.15085
3026.084,0.15113
3024.156,0.15089
3022.227,0.15050
3020.298,0.15051
3018.370,0.15132
3016.441,0.15314
3014.512,0.15618
3012.584,0.16084
3010.655,0.16771
3008.726,0.17803
3006.798,0.19329
3004.869,0.21229
3002.940,0.22790
3001.012,0.23073
2999.083,0.21909
2997.154,0.20067
2995.226,0.18356
2993.297,0.17076
2991.368,0.16184
2989.440,0.15574
2987.511,0.15165
2985.582,0.14896
2983.654,0.14727
2981.725,0.14632
2979.796,0.14587
2977.867,0.14583
2975.939,0.14619
2974.010,0.14686
2972.081,0.14776
2970.153,0.14896
2968.224,0.15044
2966.295,0.15210
2964.367,0.15395
2962.438,0.15593
2960.509,0.15796
2958.581,0.16005
2956.652,0.16228
2954.723,0.16488
2952.795,0.16826
2950.866,0.17222
2948.937,0.17531
2947.009,0.17595
2945.080,0.17447
2943.151,0.17281
2941.223,0.17258
2939.294,0.17418
2937.365,0.17736
2935.437,0.18197
2933.508,0.18791
2931.579,0.19503
2929.651,0.20336
2927.722,0.21319
2925.793,0.22479
2923.865,0.23801
2921.936,0.25150
2920.007,0.26207
2918.079,0.26481
2916.150,0.25645
2914.221,0.23978
2912.293,0.22188
2910.364,0.20757
2908.435,0.19747
2906.507,0.19042
2904.578,0.18534
2902.649,0.18145
2900.721,0.17816
2898.792,0.17520
2896.863,0.17242
2894.935,0.16972
2893.006,0.16708
2891.077,0.16454
2889.149,0.16201
2887.220,0.15947
2885.291,0.15693
2883.363,0.15436
2881.434,0.15182
2879.505,0.14952
2877.577,0.14769
2875.648,0.14657
2873.719,0.14622
2871.791,0.14640
2869.862,0.14692
2867.933,0.14800
2866.005,0.14998
2864.076,0.15313
2862.147,0.15757
2860.219,0.16342
2858.290,0.17111
2856.361,0.18185
2854.433,0.19729
2852.504,0.21671
2850.575,0.23245
2848.647,0.23326
2846.718,0.21847
2844.789,0.19954
2842.861,0.18533
2840.932,0.17676
2839.003,0.17159
2837.075,0.16793
2835.146,0.16462
2833.217,0.16120
2831.289,0.15752
2829.360,0.15355
2827.431,0.14942
2825.503,0.14547
2823.574,0.14202
2821.645,0.13932
2819.716,0.13757
2817.788,0.13666
2815.859,0.13635
2813.930,0.13643
2812.002,0.13666
2810.073,0.13690
2808.144,0.13711
2806.216,0.13715
2804.287,0.13674
2802.358,0.13574
2800.430,0.13407
2798.501,0.13174
2796.572,0.12900
2794.644,0.12625
2792.715,0.12377
2790.786,0.12172
2788.858,0.12014
2786.929,0.11888
2785.000,0.11786
2783.072,0.11709
2781.143,0.11650
2779.214,0.11604
2777.286,0.11577
2775.357,0.11562
2773.428,0.11551
2771.500,0.11545
2769.571,0.11538
2767.642,0.11528
2765.714,0.11527
2763.785,0.11547
2761.856,0.11591
2759.928,0.11666
2757.999,0.11770
2756.070,0.11886
2754.142,0.12010
2752.213,0.12150
2750.284,0.12288
2748.356,0.12376
2746.427,0.12365
2744.498,0.12235
2742.570,0.12029
2740.641,0.11804
2738.712,0.11590
2736.784,0.11403
2734.855,0.11254
2732.926,0.11135
2730.998,0.11034
2729.069,0.10950
2727.140,0.10876
2725.212,0.10803
2723.283,0.10737
2721.354,0.10683
2719.426,0.10640
2717.497,0.10613
2715.568,0.10604
2713.640,0.10603
2711.711,0.10612
2709.782,0.10635
2707.854,0.10664
2705.925,0.10691
2703.996,0.10708
2702.068,0.10703
2700.139,0.10682
2698.210,0.10659
2696.282,0.10640
2694.353,0.10628
2692.424,0.10633
2690.496,0.10649
2688.567,0.10666
2686.638,0.10684
2684.710,0.10693
2682.781,0.10688
2680.852,0.10682
2678.924,0.10686
2676.995,0.10703
2675.066,0.10728
2673.138,0.10748
2671.209,0.10743
2669.280,0.10716
2667.352,0.10675
2665.423,0.10622
2663.494,0.10561
2661.566,0.10504
2659.637,0.10450
2657.708,0.10400
2655.779,0.10356
2653.851,0.10314
2651.922,0.10278
2649.993,0.10255
2648.065,0.10245
2646.136,0.10243
2644.207,0.10250
2642.279,0.10256
2640.350,0.10259
2638.421,0.10267
2636.493,0.10278
2634.564,0.10290
2632.635,0.10310
2630.707,0.10344
2628.778,0.10390
2626.849,0.10449
2624.921,0.10514
2622.992,0.10569
2621.063,0.10609
2619.135,0.10634
2617.206,0.10640
2615.277,0.10631
2613.349,0.10618
2611.420,0.10610
2609.491,0.10614
2607.563,0.10629
2605.634,0.10644
2603.705,0.10647
2601.777,0.10634
2599.848,0.10607
2597.919,0.10571
2595.991,0.10544
2594.062,0.10534
2592.133,0.10541
2590.205,0.10560
2588.276,0.10584
2586.347,0.10608
2584.419,0.10628
2582.490,0.10632
2580.561,0.10610
2578.633,0.10562
2576.704,0.10493
2574.775,0.10415
2572.847,0.10338
2570.918,0.10271
2568.989,0.10212
2567.061,0.10161
2565.132,0.10115
2563.203,0.10069
2561.275,0.10026
2559.346,0.09989
2557.417,0.09963
2555.489,0.09955
2553.560,0.09970
2551.631,0.10007
2549.703,0.10060
2547.774,0.10121
2545.845,0.10177
2543.917,0.10220
2541.988,0.10241
2540.059,0.10236
2538.131,0.10208
2536.202,0.10163
2534.273,0.10104
2532.345,0.10033
2530.416,0.09959
2528.487,0.09887
2526.559,0.09823
2524.630,0.09771
2522.701,0.09729
2520.773,0.09697
2518.844,0.09679
2516.915,0.09681
2514.987,0.09701
2513.058,0.09740
2511.129,0.09793
2509.201,0.09853
2507.272,0.09916
2505.343,0.09977
2503.415,0.10028
2501.486,0.10070
2499.557,0.10100
2497.628,0.10114
2495.700,0.10119
2493.771,0.10129
2491.842,0.10152
2489.914,0.10192
2487.985,0.10250
2486.056,0.10319
2484.128,0.10387
2482.199,0.10444
2480.270,0.10480
2478.342,0.10498
2476.413,0.10515
2474.484,0.10540
2472.556,0.10569
2470.627,0.10594
2468.698,0.10599
2466.770,0.10576
2464.841,0.10533
2462.912,0.10482
2460.984,0.10429
2459.055,0.10387
2457.126,0.10363
2455.198,0.10349
2453.269,0.10332
2451.340,0.10303
2449.412,0.10255
2447.483,0.10198
2445.554,0.10141
2443.626,0.10083
2441.697,0.10026
2439.768,0.09979
2437.840,0.09948
2435.911,0.09941
2433.982,0.09961
2432.054,0.10001
2430.125,0.10046
2428.196,0.10098
2426.268,0.10151
2424.339,0.10196
2422.410,0.10218
2420.482,0.10201
2418.553,0.10139
2416.624,0.10054
2414.696,0.09977
2412.767,0.09926
2410.838,0.09905
2408.910,0.09905
2406.981,0.09907
2405.052,0.09901
2403.124,0.09882
2401.195,0.09854
2399.266,0.09831
2397.338,0.09825
2395.409,0.09835
2393.480,0.09863
2391.552,0.09914
2389.623,0.09987
2387.694,0.10082
2385.766,0.10192
2383.837,0.10304
2381.908,0.10404
2379.980,0.10485
2378.051,0.10530
2376.122,0.10527
2374.194,0.10479
2372.265,0.10404
2370.336,0.10327
2368.408,0.10268
2366.479,0.10230
2364.550,0.10212
2362.622,0.10213
2360.693,0.10224
2358.764,0.10239
2356.836,0.10260
2354.907,0.10284
2352.978,0.10302
2351.050,0.10312
2349.121,0.10311
2347.192,0.10290
2345.264,0.10242
2343.335,0.10161
2341.406,0.10041
2339.478,0.09895
2337.549,0.09741
2335.620,0.09594
2333.691,0.09473
2331.763,0.09382
2329.834,0.09316
2327.905,0.09271
2325.977,0.09246
2324.048,0.09235
2322.119,0.09234
2320.191,0.09248
2318.262,0.09269
2316.333,0.09299
2314.405,0.09346
2312.476,0.09408
2310.547,0.09487
2308.619,0.09584
2306.690,0.09687
2304.761,0.09785
2302.833,0.09875
2300.904,0.09946
2298.975,0.09979
2297.047,0.09968
2295.118,0.09914
2293.189,0.09828
2291.261,0.09735
2289.332,0.09652
2287.403,0.09578
2285.475,0.09521
2283.546,0.09486
2281.617,0.09460
2279.689,0.09437
2277.760,0.09420
2275.831,0.09403
2273.903,0.09390
2271.974,0.09389
2270.045,0.09391
2268.117,0.09389
2266.188,0.09383
2264.259,0.09365
2262.331,0.09333
2260.402,0.09304
2258.473,0.09278
2256.545,0.09246
2254.616,0.09219
2252.687,0.09196
2250.759,0.09165
2248.830,0.09131
2246.901,0.09095
2244.973,0.09048
2243.044,0.09002
2241.115,0.08967
2239.187,0.08933
2237.258,0.08904
2235.329,0.08885
2233.401,0.08861
2231.472,0.08829
2229.543,0.08801
2227.615,0.08773
2225.686,0.08744
2223.757,0.08732
2221.829,0.08726
2219.900,0.08714
2217.971,0.08709
2216.043,0.08708
2214.114,0.08701
2212.185,0.08704
2210.257,0.08715
2208.328,0.08727
2206.399,0.08753
2204.471,0.08802
2202.542,0.08859
2200.613,0.08929
2198.685,0.09009
2196.756,0.09071
2194.827,0.09110
2192.899,0.09136
2190.970,0.09136
2189.041,0.09114
2187.113,0.09092
2185.184,0.09063
2183.255,0.09032
2181.327,0.09019
2179.398,0.09013
2177.469,0.09001
2175.540,0.09002
2173.612,0.09015
2171.683,0.09027
2169.754,0.09051
2167.826,0.09085
2165.897,0.09107
2163.968,0.09125
2162.040,0.09137
2160.111,0.09125
2158.182,0.09098
2156.254,0.09070
2154.325,0.09029
2152.396,0.08986
2150.468,0.08960
2148.539,0.08936
2146.610,0.08912
2144.682,0.08902
2142.753,0.08895
2140.824,0.08883
2138.896,0.08882
2136.967,0.08889
2135.038,0.08897
2133.110,0.08923
2131.181,0.08956
2129.252,0.08972
2127.324,0.08975
2125.395,0.08968
2123.466,0.08939
2121.538,0.08908
2119.609,0.08890
2117.680,0.08875
2115.752,0.08872
2113.823,0.08884
2111.894,0.08886
2109.966,0.08878
2108.037,0.08882
2106.108,0.08892
2104.180,0.08903
2102.251,0.08919
2100.322,0.08925
2098.394,0.08913
2096.465,0.08901
2094.536,0.08882
2092.608,0.08846
2090.679,0.08809
2088.750,0.08772
2086.822,0.08730
2084.893,0.08705
2082.964,0.08706
2081.036,0.08719
2079.107,0.08753
2077.178,0.08813
2075.250,0.08885
2073.321,0.08971
2071.392,0.09069
2069.464,0.09157
2067.535,0.09220
2065.606,0.09259
2063.678,0.09258
2061.749,0.09225
2059.820,0.09187
2057.892,0.09143
2055.963,0.09095
2054.034,0.09054
2052.106,0.09014
2050.177,0.08969
2048.248,0.08935
2046.320,0.08910
2044.391,0.08891
2042.462,0.08889
2040.534,0.08908
2038.605,0.08937
2036.676,0.08981
2034.748,0.09041
2032.819,0.09103
2030.890,0.09168
2028.962,0.09235
2027.033,0.09281
2025.104,0.09299
2023.176,0.09297
2021.247,0.09273
2019.318,0.09240
2017.390,0.09219
2015.461,0.09207
2013.532,0.09207
2011.603,0.09229
2009.675,0.09265
2007.746,0.09301
2005.817,0.09335
2003.889,0.09354
2001.960,0.09350
2000.031,0.09337
1998.103,0.09324
1996.174,0.09313
1994.245,0.09318
1992.317,0.09339
1990.388,0.09368
1988.459,0.09415
1986.531,0.09479
1984.602,0.09545
1982.673,0.09608
1980.745,0.09666
1978.816,0.09708
1976.887,0.09740
1974.959,0.09770
1973.030,0.09794
1971.101,0.09814
1969.173,0.09838
1967.244,0.09860
1965.315,0.09879
1963.387,0.09908
1961.458,0.09937
1959.529,0.09956
1957.601,0.09970
1955.672,0.09977
1953.743,0.09980
1951.815,0.09992
1949.886,0.10014
1947.957,0.10035
1946.029,0.10064
1944.100,0.10096
1942.171,0.10114
1940.243,0.10123
1938.314,0.10123
1936.385,0.10109
1934.457,0.10094
1932.528,0.10091
1930.599,0.10097
1928.671,0.10116
1926.742,0.10153
1924.813,0.10196
1922.885,0.10243
1920.956,0.10297
1919.027,0.10346
1917.099,0.10379
1915.170,0.10405
1913.241,0.10419
1911.313,0.10419
1909.384,0.10416
1907.455,0.10411
1905.527,0.10402
1903.598,0.10397
1901.669,0.10396
1899.741,0.10393
1897.812,0.10396
1895.883,0.10413
1893.955,0.10436
1892.026,0.10472
1890.097,0.10526
1888.169,0.10584
1886.240,0.10643
1884.311,0.10708
1882.383,0.10774
1880.454,0.10840
1878.525,0.10909
1876.597,0.10967
1874.668,0.11005
1872.739,0.11037
1870.811,0.11066
1868.882,0.11091
1866.953,0.11117
1865.025,0.11145
1863.096,0.11171
1861.167,0.11197
1859.239,0.11216
1857.310,0.11218
1855.381,0.11215
1853.452,0.11217
1851.524,0.11228
1849.595,0.11254
1847.666,0.11305
1845.738,0.11370
1843.809,0.11440
1841.880,0.11512
1839.952,0.11581
1838.023,0.11646
1836.094,0.11710
1834.166,0.11769
1832.237,0.11826
1830.308,0.11890
1828.380,0.11958
1826.451,0.12030
1824.522,0.12108
1822.594,0.12190
1820.665,0.12274
1818.736,0.12369
1816.808,0.12476
1814.879,0.12590
1812.950,0.12712
1811.022,0.12840
1809.093,0.12958
1807.164,0.13056
1805.236,0.13132
1803.307,0.13188
1801.378,0.13228
1799.450,0.13262
1797.521,0.13298
1795.592,0.13339
1793.664,0.13393
1791.735,0.13458
1789.806,0.13533
1787.878,0.13628
1785.949,0.13753
1784.020,0.13905
1782.092,0.14082
1780.163,0.14283
1778.234,0.14500
1776.306,0.14723
1774.377,0.14931
1772.448,0.15101
1770.520,0.15214
1768.591,0.15274
1766.662,0.15298
1764.734,0.15313
1762.805,0.15345
1760.876,0.15402
1758.948,0.15482
1757.019,0.15585
1755.090,0.15708
1753.162,0.15849
1751.233,0.16006
1749.304,0.16175
1747.376,0.16356
1745.447,0.16554
1743.518,0.16771
1741.590,0.17001
1739.661,0.17230
1737.732,0.17453
1735.804,0.17674
1733.875,0.17890
1731.946,0.18096
1730.018,0.18302
1728.089,0.18512
1726.160,0.18726
1724.232,0.18950
1722.303,0.19193
1720.374,0.19467
1718.446,0.19771
1716.517,0.20088
1714.588,0.20393
1712.660,0.20678
1710.731,0.20964
1708.802,0.21278
1706.874,0.21630
1704.945,0.21972
1703.016,0.22224
1701.088,0.22379
1699.159,0.22527
1697.230,0.22708
1695.302,0.22891
1693.373,0.23074
1691.444,0.23299
1689.515,0.23566
1687.587,0.23836
1685.658,0.24072
1683.729,0.24278
1681.801,0.24491
1679.872,0.24745
1677.943,0.25038
1676.015,0.25356
1674.086,0.25691
1672.157,0.26050
1670.229,0.26437
1668.300,0.26844
1666.371,0.27273
1664.443,0.27738
1662.514,0.28237
1660.585,0.28770
1658.657,0.29347
1656.728,0.29983
1654.799,0.30682
1652.871,0.31436
1650.942,0.32237
1649.013,0.33086
1647.085,0.33959
1645.156,0.34819
1643.227,0.35654
1641.299,0.36488
1639.370,0.37358
1637.441,0.38307
1635.513,0.39372
1633.584,0.40575
1631.655,0.41937
1629.727,0.43470
1627.798,0.45186
1625.869,0.47091
1623.941,0.49191
1622.012,0.51508
1620.083,0.54102
1618.155,0.57044
1616.226,0.60382
1614.297,0.64174
1612.369,0.68574
1610.440,0.73898
1608.511,0.80641
1606.583,0.89430
1604.654,1.00795
1602.725,1.14657
1600.797,1.29496
1598.868,1.42040
1596.939,1.49725
1595.011,1.53679
1593.082,1.54729
1591.153,1.48797
1589.225,1.34404
1587.296,1.18345
1585.367,1.06735
1583.439,1.01589
1581.510,1.02816
1579.581,1.09329
1577.653,1.18993
1575.724,1.28269
1573.795,1.32784
1571.867,1.29588
1569.938,1.19128
1568.009,1.04688
1566.081,0.89783
1564.152,0.76406
1562.223,0.65166
1560.295,0.56032
1558.366,0.48915
1556.437,0.43843
1554.509,0.40825
1552.580,0.39748
1550.651,0.40491
1548.723,0.43216
1546.794,0.48483
1544.865,0.56960
1542.937,0.68533
1541.008,0.80868
1539.079,0.90062
1537.151,0.95700
1535.222,1.00841
1533.293,1.04899
1531.364,1.02772
1529.436,0.93173
1527.507,0.80775
1525.578,0.69443
1523.650,0.60327
1521.721,0.53272
1519.792,0.47829
1517.864,0.43552
1515.935,0.40089
1514.006,0.37273
1512.078,0.35033
1510.149,0.33249
1508.220,0.31714
1506.292,0.30238
1504.363,0.28790
1502.434,0.27478
1500.506,0.26404
1498.577,0.25589
1496.648,0.24973
1494.720,0.24441
1492.791,0.23893
1490.862,0.23314
1488.934,0.22768
1487.005,0.22359
1485.076,0.22204
1483.148,0.22373
1481.219,0.22873
1479.290,0.23743
1477.362,0.25113
1475.433,0.26999
1473.504,0.29000
1471.576,0.30890
1469.647,0.33490
1467.718,0.38161
1465.790,0.46076
1463.861,0.57890
1461.932,0.71939
1460.004,0.80958
1458.075,0.76461
1456.146,0.62538
1454.218,0.48616
1452.289,0.38678
1450.360,0.32911
1448.432,0.30426
1446.503,0.30419
1444.574,0.32492
1442.646,0.36652
1440.717,0.43109
1438.788,0.51776
1436.860,0.61196
1434.931,0.67668
1433.002,0.68082
1431.074,0.64478
1429.145,0.61420
1427.216,0.61563
1425.288,0.64422
1423.359,0.65454
1421.430,0.59508
1419.502,0.49017
1417.573,0.39879
1415.644,0.34340
1413.716,0.31892
1411.787,0.31505
1409.858,0.32448
1407.930,0.34362
1406.001,0.37216
1404.072,0.41164
1402.144,0.46456
1400.215,0.53525
1398.286,0.62860
1396.358,0.74243
1394.429,0.85998
1392.500,0.95632
1390.572,1.00978
1388.643,0.99755
1386.714,0.91191
1384.786,0.78427
1382.857,0.65716
1380.928,0.55730
1379.000,0.49328
1377.071,0.45146
1375.142,0.40375
1373.214,0.34322
1371.285,0.29062
1369.356,0.26059
1367.427,0.25202
1365.499,0.25970
1363.570,0.28112
1361.641,0.31665
1359.713,0.36864
1357.784,0.44022
1355.855,0.52999
1353.927,0.62093
1351.998,0.67454
1350.069,0.66018
1348.141,0.59661
1346.212,0.52587
1344.283,0.47156
1342.355,0.43812
1340.426,0.42413
1338.497,0.42664
1336.569,0.43850
1334.640,0.45230
1332.711,0.46875
1330.783,0.49538
1328.854,0.53768
1326.925,0.59460
1324.997,0.65800
1323.068,0.71466
1321.139,0.75359
1319.211,0.77591
1317.282,0.79503
1315.353,0.82301
1313.425,0.85521
1311.496,0.86638
1309.567,0.83114
1307.639,0.75567
1305.710,0.67030
1303.781,0.59892
1301.853,0.54931
1299.924,0.51907
1297.995,0.50328
1296.067,0.49906
1294.138,0.50572
1292.209,0.52329
1290.281,0.55201
1288.352,0.59332
1286.423,0.65123
1284.495,0.73321
1282.566,0.84967
1280.637,1.01075
1278.709,1.21736
1276.780,1.44368
1274.851,1.63085
1272.923,1.75297
1270.994,1.85234
1269.065,1.92465
1267.137,1.86730
1265.208,1.65486
1263.279,1.40256
1261.351,1.18321
1259.422,1.00941
1257.493,0.87495
1255.565,0.77304
1253.636,0.70047
1251.707,0.65556
1249.779,0.63244
1247.850,0.61848
1245.921,0.60580
1243.993,0.60204
1242.064,0.62083
1240.135,0.66811
1238.207,0.73702
1236.278,0.80566
1234.349,0.84450
1232.421,0.83943
1230.492,0.80291
1228.563,0.75741
1226.635,0.72140
1224.706,0.70775
1222.777,0.72229
1220.849,0.75766
1218.920,0.78778
1216.991,0.78087
1215.063,0.73159
1213.134,0.66258
1211.205,0.59528
1209.277,0.53874
1207.348,0.49427
1205.419,0.45948
1203.490,0.43015
1201.562,0.40310
1199.633,0.37794
1197.704,0.35553
1195.776,0.33632
1193.847,0.32021
1191.918,0.30649
1189.990,0.29441
1188.061,0.28374
1186.132,0.27414
1184.204,0.26506
1182.275,0.25633
1180.346,0.24783
1178.418,0.23948
1176.489,0.23166
1174.560,0.22457
1172.632,0.21789
1170.703,0.21166
1168.774,0.20605
1166.846,0.20079
1164.917,0.19596
1162.988,0.19176
1161.060,0.18798
1159.131,0.18476
1157.202,0.18247
1155.274,0.18098
1153.345,0.18029
1151.416,0.18051
1149.488,0.18064
1147.559,0.17962
1145.630,0.17725
1143.702,0.17361
1141.773,0.16907
1139.844,0.16453
1137.916,0.16031
1135.987,0.15657
1134.058,0.15393
1132.130,0.15215
1130.201,0.14989
1128.272,0.14626
1126.344,0.14119
1124.415,0.13529
1122.486,0.12982
1120.558,0.12528
1118.629,0.12123
1116.700,0.11774
1114.772,0.11495
1112.843,0.11238
1110.914,0.11010
1108.986,0.10829
1107.057,0.10647
1105.128,0.10459
1103.200,0.10305
1101.271,0.10167
1099.342,0.10050
1097.414,0.10012
1095.485,0.10055
1093.556,0.10211
1091.628,0.10555
1089.699,0.11027
1087.770,0.11444
1085.842,0.11679
1083.913,0.11693
1081.984,0.11553
1080.056,0.11400
1078.127,0.11297
1076.198,0.11245
1074.270,0.11299
1072.341,0.11480
1070.412,0.11775
1068.484,0.12234
1066.555,0.12880
1064.626,0.13691
1062.698,0.14690
1060.769,0.15905
1058.840,0.17330
1056.912,0.19038
1054.983,0.21172
1053.054,0.23924
1051.126,0.27660
1049.197,0.32926
1047.268,0.40477
1045.339,0.51347
1043.411,0.66165
1041.482,0.82203
1039.553,0.89514
1037.625,0.81740
1035.696,0.67833
1033.767,0.55408
1031.839,0.46186
1029.910,0.40177
1027.981,0.37027
1026.053,0.36193
1024.124,0.37041
1022.195,0.38769
1020.267,0.40336
1018.338,0.40668
1016.409,0.39199
1014.481,0.36248
1012.552,0.32595
1010.623,0.28847
1008.695,0.25334
1006.766,0.22227
1004.837,0.19554
1002.909,0.17312
1000.980,0.15531
999.051,0.14168
997.123,0.13141
995.194,0.12414
993.265,0.11923
991.337,0.11595
989.408,0.11439
987.479,0.11453
985.551,0.11608
983.622,0.11937
981.693,0.12462
979.765,0.13173
977.836,0.14120
975.907,0.15337
973.979,0.16804
972.050,0.18546
970.121,0.20573
968.193,0.22774
966.264,0.25024
964.335,0.27324
962.407,0.29762
960.478,0.32483
958.549,0.35726
956.621,0.39763
954.692,0.44817
952.763,0.51037
950.835,0.58213
948.906,0.65014
946.977,0.68964
945.049,0.68745
943.120,0.65979
941.191,0.63321
939.263,0.62502
937.334,0.64348
935.405,0.69380
933.477,0.78056
931.548,0.90623
929.619,1.06504
927.691,1.23049
925.762,1.34536
923.833,1.36302
921.905,1.31498
919.976,1.26330
918.047,1.23577
916.119,1.22693
914.190,1.21626
912.261,1.18310
910.333,1.11846
908.404,1.02973
906.475,0.93195
904.547,0.83734
902.618,0.75189
900.689,0.67724
898.761,0.61323
896.832,0.55930
894.903,0.51480
892.975,0.48007
891.046,0.45861
889.117,0.45911
887.189,0.49355
885.260,0.56335
883.331,0.63536
881.402,0.65114
879.474,0.60239
877.545,0.53366
875.616,0.47334
873.688,0.42609
871.759,0.38905
869.830,0.35870
867.902,0.33302
865.973,0.31138
864.044,0.29333
862.116,0.27890
860.187,0.26950
858.258,0.27009
856.330,0.29006
854.401,0.32765
852.472,0.35580
850.544,0.35988
848.615,0.36848
846.686,0.40361
844.758,0.44428
842.829,0.44735
840.900,0.40404
838.972,0.34705
837.043,0.30100
835.114,0.26961
833.186,0.24922
831.257,0.23548
829.328,0.22465
827.400,0.21505
825.471,0.20680
823.542,0.20019
821.614,0.19491
819.685,0.19049
817.756,0.18675
815.828,0.18336
813.899,0.17981
811.970,0.17613
810.042,0.17269
808.113,0.16979
806.184,0.16816
804.256,0.16894
802.327,0.17357
800.398,0.18422
798.470,0.20417
796.541,0.23814
794.612,0.29319
792.684,0.37849
790.755,0.50060
788.826,0.65183
786.898,0.79903
784.969,0.89984
783.040,0.93473
781.112,0.89240
779.183,0.77922
777.254,0.64264
775.326,0.52469
773.397,0.43662
771.468,0.37296
769.540,0.32612
767.611,0.29144
765.682,0.26707
763.754,0.25323
761.825,0.25250
759.896,0.27444
757.968,0.33786
756.039,0.44558
754.110,0.53352
752.182,0.51217
750.253,0.42358
748.324,0.34770
746.396,0.30337
744.467,0.28445
742.538,0.28543
740.610,0.29993
738.681,0.31306
736.752,0.30933
734.824,0.29040
732.895,0.26981
730.966,0.25366
729.038,0.23919
727.109,0.22525
725.180,0.21435
723.251,0.20836
721.323,0.20634
719.394,0.20350
717.465,0.19615
715.537,0.18700
713.608,0.17992
711.679,0.17502
709.751,0.17099
707.822,0.16733
705.893,0.16404
703.965,0.16096
702.036,0.15798
700.107,0.15526
698.179,0.15276
696.250,0.15040
694.321,0.14828
692.393,0.14641
690.464,0.14463
688.535,0.14306
686.607,0.14183
684.678,0.14099
682.749,0.14112
680.821,0.14289
678.892,0.14698
676.963,0.15433
675.035,0.16478
673.106,0.17494
671.177,0.17950
669.249,0.17575
667.320,0.16613
665.391,0.15570
663.463,0.14789
661.534,0.14314
659.605,0.13991
657.677,0.13625
655.748,0.13147
653.819,0.12661
651.891,0.12300
649.962,0.12059
648.033,0.11884
646.105,0.11770
644.176,0.11692
642.247,0.11603
640.319,0.11513
638.390,0.11435
636.461,0.11397
634.533,0.11502
632.604,0.11851
630.675,0.12498
628.747,0.13395
626.818,0.14258
624.889,0.14875
622.961,0.15492
621.032,0.16482
619.103,0.18014
617.175,0.20224
615.246,0.23308
613.317,0.27455
611.389,0.32766
609.460,0.38873
607.531,0.44594
605.603,0.48368
603.674,0.49302
601.745,0.47712
599.817,0.44832
597.888,0.42376
595.959,0.42064
594.031,0.44365
592.102,0.47418
590.173,0.48848
588.245,0.48363
586.316,0.46210
584.387,0.42201
582.459,0.37203
580.530,0.32565
578.601,0.28861
576.673,0.26038
574.744,0.23907
572.815,0.22264
570.887,0.20943
568.958,0.19887
567.029,0.19032
565.101,0.18284
563.172,0.17632
561.243,0.17080
559.314,0.16590
557.386,0.16167
555.457,0.15811
553.528,0.15473
551.600,0.15156
549.671,0.14880
547.742,0.14615
545.814,0.14362
543.885,0.14140
541.956,0.13925
540.028,0.13724
538.099,0.13563
536.170,0.13409
534.242,0.13261
532.313,0.13146
530.384,0.13038
528.456,0.12936
526.527,0.12855
524.598,0.12763
522.670,0.12651
520.741,0.12568
518.812,0.12522
516.884,0.12518
514.955,0.12565
513.026,0.12645
511.098,0.12781
509.169,0.13034
507.240,0.13411
505.312,0.13921
503.383,0.14601
501.454,0.15443
499.526,0.16470
497.597,0.17707
495.668,0.19075
493.740,0.20484
491.811,0.21845
489.882,0.22977
487.954,0.23723
486.025,0.24043
484.096,0.23984
482.168,0.23642
480.239,0.23102
478.310,0.22437
476.382,0.21819
474.453,0.21466
472.524,0.21525
470.596,0.22206
468.667,0.23759
466.738,0.26206
464.810,0.29154
462.881,0.31683
460.952,0.32721
459.024,0.32027
457.095,0.30268
455.166,0.28198
453.238,0.26309
451.309,0.24780
449.380,0.23505
447.452,0.22417
445.523,0.21524
443.594,0.20689
441.666,0.19874
439.737,0.19187
437.808,0.18540
435.880,0.17842
433.951,0.17198
432.022,0.16592
430.094,0.16020
428.165,0.15680
426.236,0.15548
424.308,0.15501
422.379,0.15739
420.450,0.16433
418.522,0.17632
416.593,0.19565
414.664,0.22233
412.736,0.25014
410.807,0.26910
408.878,0.27399
406.950,0.27124
405.021,0.26705
403.092,0.26291
401.163,0.26420
399.235,0.27126
