7600.891,0.45552
7598.962,0.45588
7597.034,0.45618
7595.105,0.45603
7593.176,0.45560
7591.248,0.45533
7589.319,0.45526
7587.390,0.45514
7585.462,0.45492
7583.533,0.45455
7581.604,0.45418
7579.676,0.45417
7577.747,0.45418
7575.818,0.45385
7573.890,0.45363
7571.961,0.45363
7570.032,0.45342
7568.104,0.45302
7566.175,0.45280
7564.246,0.45282
7562.318,0.45271
7560.389,0.45233
7558.460,0.45192
7556.532,0.45172
7554.603,0.45176
7552.674,0.45193
7550.746,0.45208
7548.817,0.45204
7546.888,0.45174
7544.960,0.45133
7543.031,0.45099
7541.102,0.45075
7539.174,0.45071
7537.245,0.45078
7535.316,0.45071
7533.388,0.45047
7531.459,0.45009
7529.530,0.44961
7527.602,0.44928
7525.673,0.44907
7523.744,0.44876
7521.816,0.44858
7519.887,0.44875
7517.958,0.44890
7516.030,0.44877
7514.101,0.44859
7512.172,0.44850
7510.244,0.44841
7508.315,0.44835
7506.386,0.44832
7504.458,0.44806
7502.529,0.44753
7500.600,0.44703
7498.672,0.44662
7496.743,0.44629
7494.814,0.44615
7492.885,0.44623
7490.957,0.44645
7489.028,0.44669
7487.099,0.44675
7485.171,0.44649
7483.242,0.44600
7481.313,0.44561
7479.385,0.44552
7477.456,0.44562
7475.527,0.44562
7473.599,0.44537
7471.670,0.44502
7469.741,0.44472
7467.813,0.44433
7465.884,0.44387
7463.955,0.44361
7462.027,0.44362
7460.098,0.44357
7458.169,0.44321
7456.241,0.44273
7454.312,0.44248
7452.383,0.44253
7450.455,0.44276
7448.526,0.44293
7446.597,0.44285
7444.669,0.44259
7442.740,0.44238
7440.811,0.44219
7438.883,0.44201
7436.954,0.44198
7435.025,0.44185
7433.097,0.44137
7431.168,0.44083
7429.239,0.44054
7427.311,0.44045
7425.382,0.44042
7423.453,0.44032
7421.525,0.44016
7419.596,0.44013
7417.667,0.44020
7415.739,0.44013
7413.810,0.43989
7411.881,0.43956
7409.953,0.43922
7408.024,0.43896
7406.095,0.43886
7404.167,0.43883
7402.238,0.43867
7400.309,0.43839
7398.381,0.43809
7396.452,0.43776
7394.523,0.43742
7392.595,0.43731
7390.666,0.43750
7388.737,0.43769
7386.809,0.43766
7384.880,0.43752
7382.951,0.43731
7381.023,0.43696
7379.094,0.43659
7377.165,0.43628
7375.237,0.43599
7373.308,0.43574
7371.379,0.43563
7369.451,0.43565
7367.522,0.43564
7365.593,0.43553
7363.665,0.43536
7361.736,0.43512
7359.807,0.43486
7357.879,0.43458
7355.950,0.43440
7354.021,0.43444
7352.093,0.43443
7350.164,0.43426
7348.235,0.43413
7346.307,0.43391
7344.378,0.43347
7342.449,0.43318
7340.521,0.43312
7338.592,0.43306
7336.663,0.43306
7334.734,0.43310
7332.806,0.43292
7330.877,0.43260
7328.948,0.43245
7327.020,0.43237
7325.091,0.43218
7323.162,0.43201
7321.234,0.43195
7319.305,0.43189
7317.376,0.43171
7315.448,0.43147
7313.519,0.43127
7311.590,0.43101
7309.662,0.43066
7307.733,0.43050
7305.804,0.43053
7303.876,0.43052
7301.947,0.43038
7300.018,0.43014
7298.090,0.42987
7296.161,0.42965
7294.232,0.42957
7292.304,0.42961
7290.375,0.42951
7288.446,0.42921
7286.518,0.42895
7284.589,0.42882
7282.660,0.42870
7280.732,0.42849
7278.803,0.42828
7276.874,0.42808
7274.946,0.42777
7273.017,0.42747
7271.088,0.42729
7269.160,0.42714
7267.231,0.42699
7265.302,0.42691
7263.374,0.42678
7261.445,0.42653
7259.516,0.42628
7257.588,0.42621
7255.659,0.42634
7253.730,0.42644
7251.802,0.42626
7249.873,0.42582
7247.944,0.42537
7246.016,0.42511
7244.087,0.42509
7242.158,0.42529
7240.230,0.42542
7238.301,0.42514
7236.372,0.42466
7234.444,0.42453
7232.515,0.42467
7230.586,0.42473
7228.658,0.42466
7226.729,0.42441
7224.800,0.42405
7222.872,0.42379
7220.943,0.42365
7219.014,0.42348
7217.086,0.42327
7215.157,0.42310
7213.228,0.42289
7211.300,0.42267
7209.371,0.42254
7207.442,0.42242
7205.514,0.42231
7203.585,0.42230
7201.656,0.42223
7199.728,0.42193
7197.799,0.42166
7195.870,0.42158
7193.942,0.42151
7192.013,0.42139
7190.084,0.42120
7188.156,0.42105
7186.227,0.42100
7184.298,0.42081
7182.370,0.42049
7180.441,0.42041
7178.512,0.42041
7176.584,0.42019
7174.655,0.41991
7172.726,0.41974
7170.797,0.41963
7168.869,0.41965
7166.940,0.41970
7165.011,0.41950
7163.083,0.41914
7161.154,0.41893
7159.225,0.41881
7157.297,0.41866
7155.368,0.41849
7153.439,0.41836
7151.511,0.41826
7149.582,0.41811
7147.653,0.41794
7145.725,0.41775
7143.796,0.41752
7141.867,0.41728
7139.939,0.41710
7138.010,0.41704
7136.081,0.41702
7134.153,0.41693
7132.224,0.41671
7130.295,0.41646
7128.367,0.41633
7126.438,0.41626
7124.509,0.41613
7122.581,0.41599
7120.652,0.41586
7118.723,0.41562
7116.795,0.41530
7114.866,0.41493
7112.937,0.41463
7111.009,0.41457
7109.080,0.41466
7107.151,0.41462
7105.223,0.41439
7103.294,0.41400
7101.365,0.41363
7099.437,0.41347
7097.508,0.41341
7095.579,0.41336
7093.651,0.41336
7091.722,0.41328
7089.793,0.41306
7087.865,0.41288
7085.936,0.41273
7084.007,0.41252
7082.079,0.41231
7080.150,0.41226
7078.221,0.41234
7076.293,0.41237
7074.364,0.41224
7072.435,0.41201
7070.507,0.41186
7068.578,0.41175
7066.649,0.41156
7064.721,0.41137
7062.792,0.41127
7060.863,0.41127
7058.935,0.41121
7057.006,0.41098
7055.077,0.41075
7053.149,0.41069
7051.220,0.41063
7049.291,0.41037
7047.363,0.41000
7045.434,0.40980
7043.505,0.40985
7041.577,0.40981
7039.648,0.40954
7037.719,0.40931
7035.791,0.40924
7033.862,0.40917
7031.933,0.40901
7030.005,0.40873
7028.076,0.40837
7026.147,0.40812
7024.219,0.40810
7022.290,0.40814
7020.361,0.40804
7018.433,0.40789
7016.504,0.40774
7014.575,0.40758
7012.646,0.40751
7010.718,0.40756
7008.789,0.40747
7006.860,0.40711
7004.932,0.40672
7003.003,0.40650
7001.074,0.40641
6999.146,0.40629
6997.217,0.40612
6995.288,0.40593
6993.360,0.40579
6991.431,0.40574
6989.502,0.40562
6987.574,0.40541
6985.645,0.40533
6983.716,0.40531
6981.788,0.40514
6979.859,0.40491
6977.930,0.40474
6976.002,0.40458
6974.073,0.40448
6972.144,0.40449
6970.216,0.40447
6968.287,0.40431
6966.358,0.40410
6964.430,0.40386
6962.501,0.40358
6960.572,0.40338
6958.644,0.40326
6956.715,0.40311
6954.786,0.40297
6952.858,0.40285
6950.929,0.40270
6949.000,0.40257
6947.072,0.40252
6945.143,0.40240
6943.214,0.40211
6941.286,0.40189
6939.357,0.40189
6937.428,0.40194
6935.500,0.40183
6933.571,0.40158
6931.642,0.40124
6929.714,0.40095
6927.785,0.40081
6925.856,0.40072
6923.928,0.40063
6921.999,0.40050
6920.070,0.40021
6918.142,0.39986
6916.213,0.39971
6914.284,0.39968
6912.356,0.39950
6910.427,0.39925
6908.498,0.39910
6906.570,0.39900
6904.641,0.39884
6902.712,0.39867
6900.784,0.39855
6898.855,0.39839
6896.926,0.39821
6894.998,0.39808
6893.069,0.39797
6891.140,0.39782
6889.212,0.39760
6887.283,0.39734
6885.354,0.39716
6883.426,0.39701
6881.497,0.39677
6879.568,0.39653
6877.640,0.39639
6875.711,0.39624
6873.782,0.39601
6871.854,0.39581
6869.925,0.39569
6867.996,0.39563
6866.068,0.39555
6864.139,0.39532
6862.210,0.39494
6860.282,0.39462
6858.353,0.39444
6856.424,0.39423
6854.496,0.39400
6852.567,0.39390
6850.638,0.39388
6848.709,0.39376
6846.781,0.39353
6844.852,0.39338
6842.923,0.39332
6840.995,0.39316
6839.066,0.39292
6837.137,0.39270
6835.209,0.39251
6833.280,0.39232
6831.351,0.39214
6829.423,0.39194
6827.494,0.39178
6825.565,0.39162
6823.637,0.39144
6821.708,0.39130
6819.779,0.39117
6817.851,0.39100
6815.922,0.39080
6813.993,0.39064
6812.065,0.39046
6810.136,0.39021
6808.207,0.38995
6806.279,0.38980
6804.350,0.38968
6802.421,0.38941
6800.493,0.38912
6798.564,0.38894
6796.635,0.38891
6794.707,0.38893
6792.778,0.38886
6790.849,0.38862
6788.921,0.38832
6786.992,0.38812
6785.063,0.38800
6783.135,0.38785
6781.206,0.38760
6779.277,0.38729
6777.349,0.38714
6775.420,0.38713
6773.491,0.38705
6771.563,0.38685
6769.634,0.38663
6767.705,0.38653
6765.777,0.38645
6763.848,0.38624
6761.919,0.38593
6759.991,0.38563
6758.062,0.38538
6756.133,0.38524
6754.205,0.38521
6752.276,0.38518
6750.347,0.38514
6748.419,0.38502
6746.490,0.38473
6744.561,0.38439
6742.633,0.38418
6740.704,0.38406
6738.775,0.38385
6736.847,0.38361
6734.918,0.38344
6732.989,0.38337
6731.061,0.38339
6729.132,0.38337
6727.203,0.38325
6725.275,0.38306
6723.346,0.38284
6721.417,0.38258
6719.489,0.38234
6717.560,0.38220
6715.631,0.38212
6713.703,0.38194
6711.774,0.38161
6709.845,0.38134
6707.917,0.38124
6705.988,0.38114
6704.059,0.38099
6702.131,0.38085
6700.202,0.38063
6698.273,0.38034
6696.345,0.38015
6694.416,0.38005
6692.487,0.37991
6690.558,0.37973
6688.630,0.37959
6686.701,0.37946
6684.772,0.37925
6682.844,0.37903
6680.915,0.37889
6678.986,0.37872
6677.058,0.37849
6675.129,0.37827
6673.200,0.37812
6671.272,0.37801
6669.343,0.37784
6667.414,0.37762
6665.486,0.37740
6663.557,0.37725
6661.628,0.37719
6659.700,0.37712
6657.771,0.37693
6655.842,0.37669
6653.914,0.37648
6651.985,0.37632
6650.056,0.37621
6648.128,0.37611
6646.199,0.37591
6644.270,0.37566
6642.342,0.37544
6640.413,0.37521
6638.484,0.37507
6636.556,0.37513
6634.627,0.37514
6632.698,0.37490
6630.770,0.37456
6628.841,0.37432
6626.912,0.37422
6624.984,0.37418
6623.055,0.37411
6621.126,0.37398
6619.198,0.37375
6617.269,0.37345
6615.340,0.37322
6613.412,0.37311
6611.483,0.37296
6609.554,0.37279
6607.626,0.37264
6605.697,0.37247
6603.768,0.37228
6601.840,0.37207
6599.911,0.37185
6597.982,0.37169
6596.054,0.37155
6594.125,0.37135
6592.196,0.37112
6590.268,0.37095
6588.339,0.37091
6586.410,0.37080
6584.482,0.37048
6582.553,0.37016
6580.624,0.37002
6578.696,0.36999
6576.767,0.36994
6574.838,0.36987
6572.910,0.36977
6570.981,0.36956
6569.052,0.36924
6567.124,0.36893
6565.195,0.36872
6563.266,0.36862
6561.338,0.36852
6559.409,0.36832
6557.480,0.36810
6555.552,0.36795
6553.623,0.36784
6551.694,0.36772
6549.766,0.36758
6547.837,0.36747
6545.908,0.36732
6543.980,0.36707
6542.051,0.36681
6540.122,0.36659
6538.194,0.36642
6536.265,0.36633
6534.336,0.36626
6532.408,0.36613
6530.479,0.36597
6528.550,0.36582
6526.621,0.36565
6524.693,0.36544
6522.764,0.36527
6520.835,0.36510
6518.907,0.36490
6516.978,0.36476
6515.049,0.36472
6513.121,0.36466
6511.192,0.36442
6509.263,0.36414
6507.335,0.36400
6505.406,0.36390
6503.477,0.36372
6501.549,0.36354
6499.620,0.36342
6497.691,0.36327
6495.763,0.36309
6493.834,0.36292
6491.905,0.36269
6489.977,0.36249
6488.048,0.36240
6486.119,0.36228
6484.191,0.36208
6482.262,0.36189
6480.333,0.36178
6478.405,0.36164
6476.476,0.36146
6474.547,0.36134
6472.619,0.36131
6470.690,0.36123
6468.761,0.36106
6466.833,0.36084
6464.904,0.36066
6462.975,0.36057
6461.047,0.36049
6459.118,0.36033
6457.189,0.36009
6455.261,0.35987
6453.332,0.35966
6451.403,0.35941
6449.475,0.35917
6447.546,0.35902
6445.617,0.35892
6443.689,0.35880
6441.760,0.35863
6439.831,0.35842
6437.903,0.35824
6435.974,0.35809
6434.045,0.35794
6432.117,0.35778
6430.188,0.35762
6428.259,0.35743
6426.331,0.35723
6424.402,0.35709
6422.473,0.35703
6420.545,0.35696
6418.616,0.35677
6416.687,0.35654
6414.759,0.35637
6412.830,0.35622
6410.901,0.35600
6408.973,0.35576
6407.044,0.35561
6405.115,0.35554
6403.187,0.35543
6401.258,0.35526
6399.329,0.35510
6397.401,0.35491
6395.472,0.35470
6393.543,0.35449
6391.615,0.35432
6389.686,0.35417
6387.757,0.35402
6385.829,0.35381
6383.900,0.35357
6381.971,0.35343
6380.043,0.35341
6378.114,0.35338
6376.185,0.35327
6374.257,0.35311
6372.328,0.35294
6370.399,0.35280
6368.471,0.35264
6366.542,0.35240
6364.613,0.35212
6362.684,0.35194
6360.756,0.35184
6358.827,0.35180
6356.898,0.35173
6354.970,0.35153
6353.041,0.35126
6351.112,0.35103
6349.184,0.35084
6347.255,0.35067
6345.326,0.35058
6343.398,0.35053
6341.469,0.35040
6339.540,0.35014
6337.612,0.34989
6335.683,0.34975
6333.754,0.34967
6331.826,0.34959
6329.897,0.34946
6327.968,0.34925
6326.040,0.34903
6324.111,0.34887
6322.182,0.34872
6320.254,0.34859
6318.325,0.34849
6316.396,0.34840
6314.468,0.34823
6312.539,0.34796
6310.610,0.34772
6308.682,0.34756
6306.753,0.34743
6304.824,0.34729
6302.896,0.34715
6300.967,0.34702
6299.038,0.34691
6297.110,0.34683
6295.181,0.34678
6293.252,0.34668
6291.324,0.34648
6289.395,0.34626
6287.466,0.34608
6285.538,0.34595
6283.609,0.34585
6281.680,0.34572
6279.752,0.34555
6277.823,0.34540
6275.894,0.34530
6273.966,0.34519
6272.037,0.34508
6270.108,0.34496
6268.180,0.34479
6266.251,0.34457
6264.322,0.34432
6262.394,0.34414
6260.465,0.34404
6258.536,0.34395
6256.608,0.34382
6254.679,0.34362
6252.750,0.34335
6250.822,0.34311
6248.893,0.34296
6246.964,0.34288
6245.036,0.34275
6243.107,0.34252
6241.178,0.34228
6239.250,0.34215
6237.321,0.34210
6235.392,0.34210
6233.464,0.34203
6231.535,0.34178
6229.606,0.34147
6227.678,0.34132
6225.749,0.34129
6223.820,0.34125
6221.892,0.34114
6219.963,0.34094
6218.034,0.34076
6216.106,0.34065
6214.177,0.34057
6212.248,0.34048
6210.320,0.34039
6208.391,0.34033
6206.462,0.34021
6204.533,0.34002
6202.605,0.33983
6200.676,0.33965
6198.747,0.33954
6196.819,0.33950
6194.890,0.33948
6192.961,0.33940
6191.033,0.33927
6189.104,0.33919
6187.175,0.33916
6185.247,0.33910
6183.318,0.33897
6181.389,0.33881
6179.461,0.33865
6177.532,0.33853
6175.603,0.33851
6173.675,0.33857
6171.746,0.33866
6169.817,0.33879
6167.889,0.33902
6165.960,0.33938
6164.031,0.33985
6162.103,0.34050
6160.174,0.34133
6158.245,0.34224
6156.317,0.34321
6154.388,0.34420
6152.459,0.34492
6150.531,0.34503
6148.602,0.34450
6146.673,0.34362
6144.745,0.34271
6142.816,0.34193
6140.887,0.34141
6138.959,0.34121
6137.030,0.34139
6135.101,0.34192
6133.173,0.34251
6131.244,0.34262
6129.315,0.34202
6127.387,0.34092
6125.458,0.33961
6123.529,0.33828
6121.601,0.33716
6119.672,0.33630
6117.743,0.33561
6115.815,0.33496
6113.886,0.33440
6111.957,0.33398
6110.029,0.33358
6108.100,0.33312
6106.171,0.33270
6104.243,0.33243
6102.314,0.33229
6100.385,0.33215
6098.457,0.33201
6096.528,0.33186
6094.599,0.33165
6092.671,0.33134
6090.742,0.33101
6088.813,0.33068
6086.885,0.33037
6084.956,0.33014
6083.027,0.32997
6081.099,0.32983
6079.170,0.32973
6077.241,0.32964
6075.313,0.32954
6073.384,0.32937
6071.455,0.32916
6069.527,0.32903
6067.598,0.32899
6065.669,0.32904
6063.741,0.32922
6061.812,0.32945
6059.883,0.32951
6057.955,0.32934
6056.026,0.32905
6054.097,0.32872
6052.169,0.32843
6050.240,0.32817
6048.311,0.32794
6046.383,0.32776
6044.454,0.32766
6042.525,0.32759
6040.596,0.32751
6038.668,0.32734
6036.739,0.32711
6034.810,0.32683
6032.882,0.32654
6030.953,0.32630
6029.024,0.32618
6027.096,0.32614
6025.167,0.32612
6023.238,0.32611
6021.310,0.32610
6019.381,0.32613
6017.452,0.32627
6015.524,0.32651
6013.595,0.32677
6011.666,0.32707
6009.738,0.32746
6007.809,0.32789
6005.880,0.32817
6003.952,0.32812
6002.023,0.32774
6000.094,0.32716
5998.166,0.32651
5996.237,0.32586
5994.308,0.32521
5992.380,0.32459
5990.451,0.32406
5988.522,0.32360
5986.594,0.32317
5984.665,0.32275
5982.736,0.32234
5980.808,0.32201
5978.879,0.32174
5976.950,0.32145
5975.022,0.32118
5973.093,0.32100
5971.164,0.32084
5969.236,0.32062
5967.307,0.32035
5965.378,0.32011
5963.450,0.31993
5961.521,0.31983
5959.592,0.31968
5957.664,0.31946
5955.735,0.31925
5953.806,0.31909
5951.878,0.31894
5949.949,0.31880
5948.020,0.31868
5946.092,0.31856
5944.163,0.31840
5942.234,0.31826
5940.306,0.31817
5938.377,0.31806
5936.448,0.31789
5934.520,0.31771
5932.591,0.31756
5930.662,0.31744
5928.734,0.31733
5926.805,0.31720
5924.876,0.31708
5922.948,0.31698
5921.019,0.31687
5919.090,0.31680
5917.162,0.31677
5915.233,0.31674
5913.304,0.31664
5911.376,0.31644
5909.447,0.31626
5907.518,0.31621
5905.590,0.31620
5903.661,0.31610
5901.732,0.31599
5899.804,0.31593
5897.875,0.31589
5895.946,0.31580
5894.018,0.31561
5892.089,0.31534
5890.160,0.31507
5888.232,0.31487
5886.303,0.31472
5884.374,0.31456
5882.445,0.31441
5880.517,0.31430
5878.588,0.31424
5876.659,0.31414
5874.731,0.31400
5872.802,0.31385
5870.873,0.31375
5868.945,0.31370
5867.016,0.31370
5865.087,0.31375
5863.159,0.31380
5861.230,0.31377
5859.301,0.31366
5857.373,0.31354
5855.444,0.31348
5853.515,0.31345
5851.587,0.31343
5849.658,0.31346
5847.729,0.31351
5845.801,0.31353
5843.872,0.31353
5841.943,0.31356
5840.015,0.31353
5838.086,0.31343
5836.157,0.31326
5834.229,0.31300
5832.300,0.31267
5830.371,0.31232
5828.443,0.31196
5826.514,0.31158
5824.585,0.31123
5822.657,0.31093
5820.728,0.31062
5818.799,0.31031
5816.871,0.31002
5814.942,0.30974
5813.013,0.30947
5811.085,0.30924
5809.156,0.30904
5807.227,0.30888
5805.299,0.30873
5803.370,0.30854
5801.441,0.30832
5799.513,0.30808
5797.584,0.30789
5795.655,0.30776
5793.727,0.30763
5791.798,0.30743
5789.869,0.30719
5787.941,0.30699
5786.012,0.30681
5784.083,0.30665
5782.155,0.30652
5780.226,0.30636
5778.297,0.30615
5776.369,0.30593
5774.440,0.30572
5772.511,0.30552
5770.583,0.30533
5768.654,0.30512
5766.725,0.30488
5764.797,0.30463
5762.868,0.30440
5760.939,0.30418
5759.011,0.30390
5757.082,0.30364
5755.153,0.30348
5753.225,0.30336
5751.296,0.30322
5749.367,0.30308
5747.439,0.30293
5745.510,0.30274
5743.581,0.30254
5741.653,0.30240
5739.724,0.30230
5737.795,0.30217
5735.867,0.30201
5733.938,0.30181
5732.009,0.30162
5730.081,0.30147
5728.152,0.30139
5726.223,0.30136
5724.295,0.30131
5722.366,0.30129
5720.437,0.30132
5718.508,0.30129
5716.580,0.30122
5714.651,0.30119
5712.722,0.30121
5710.794,0.30125
5708.865,0.30128
5706.936,0.30136
5705.008,0.30151
5703.079,0.30171
5701.150,0.30182
5699.222,0.30172
5697.293,0.30144
5695.364,0.30106
5693.436,0.30058
5691.507,0.30005
5689.578,0.29961
5687.650,0.29925
5685.721,0.29891
5683.792,0.29859
5681.864,0.29832
5679.935,0.29810
5678.006,0.29790
5676.078,0.29774
5674.149,0.29760
5672.220,0.29743
5670.292,0.29724
5668.363,0.29706
5666.434,0.29686
5664.506,0.29662
5662.577,0.29635
5660.648,0.29614
5658.720,0.29597
5656.791,0.29578
5654.862,0.29556
5652.934,0.29529
5651.005,0.29499
5649.076,0.29469
5647.148,0.29443
5645.219,0.29425
5643.290,0.29410
5641.362,0.29392
5639.433,0.29373
5637.504,0.29356
5635.576,0.29339
5633.647,0.29318
5631.718,0.29297
5629.790,0.29281
5627.861,0.29267
5625.932,0.29254
5624.004,0.29241
5622.075,0.29224
5620.146,0.29206
5618.218,0.29191
5616.289,0.29180
5614.360,0.29167
5612.432,0.29151
5610.503,0.29134
5608.574,0.29121
5606.646,0.29108
5604.717,0.29089
5602.788,0.29069
5600.860,0.29050
5598.931,0.29032
5597.002,0.29012
5595.074,0.28991
5593.145,0.28971
5591.216,0.28951
5589.288,0.28929
5587.359,0.28910
5585.430,0.28890
5583.502,0.28870
5581.573,0.28853
5579.644,0.28834
5577.716,0.28810
5575.787,0.28786
5573.858,0.28770
5571.930,0.28757
5570.001,0.28746
5568.072,0.28733
5566.144,0.28714
5564.215,0.28698
5562.286,0.28684
5560.357,0.28670
5558.429,0.28656
5556.500,0.28639
5554.571,0.28617
5552.643,0.28597
5550.714,0.28581
5548.785,0.28565
5546.857,0.28547
5544.928,0.28531
5542.999,0.28518
5541.071,0.28505
5539.142,0.28491
5537.213,0.28473
5535.285,0.28454
5533.356,0.28439
5531.427,0.28424
5529.499,0.28408
5527.570,0.28391
5525.641,0.28376
5523.713,0.28363
5521.784,0.28351
5519.855,0.28339
5517.927,0.28327
5515.998,0.28312
5514.069,0.28295
5512.141,0.28280
5510.212,0.28270
5508.283,0.28257
5506.355,0.28242
5504.426,0.28231
5502.497,0.28221
5500.569,0.28205
5498.640,0.28186
5496.711,0.28171
5494.783,0.28159
5492.854,0.28142
5490.925,0.28118
5488.997,0.28091
5487.068,0.28070
5485.139,0.28053
5483.211,0.28039
5481.282,0.28023
5479.353,0.27999
5477.425,0.27973
5475.496,0.27953
5473.567,0.27940
5471.639,0.27926
5469.710,0.27909
5467.781,0.27890
5465.853,0.27868
5463.924,0.27844
5461.995,0.27825
5460.067,0.27814
5458.138,0.27804
5456.209,0.27789
5454.281,0.27770
5452.352,0.27749
5450.423,0.27730
5448.495,0.27715
5446.566,0.27700
5444.637,0.27685
5442.709,0.27669
5440.780,0.27652
5438.851,0.27637
5436.923,0.27623
5434.994,0.27609
5433.065,0.27594
5431.137,0.27573
5429.208,0.27551
5427.279,0.27535
5425.351,0.27526
5423.422,0.27520
5421.493,0.27512
5419.565,0.27501
5417.636,0.27484
5415.707,0.27465
5413.779,0.27449
5411.850,0.27437
5409.921,0.27425
5407.993,0.27408
5406.064,0.27384
5404.135,0.27364
5402.207,0.27352
5400.278,0.27343
5398.349,0.27331
5396.420,0.27315
5394.492,0.27295
5392.563,0.27273
5390.634,0.27256
5388.706,0.27243
5386.777,0.27230
5384.848,0.27213
5382.920,0.27190
5380.991,0.27168
5379.062,0.27150
5377.134,0.27138
5375.205,0.27130
5373.276,0.27121
5371.348,0.27109
5369.419,0.27092
5367.490,0.27073
5365.562,0.27056
5363.633,0.27043
5361.704,0.27030
5359.776,0.27017
5357.847,0.27002
5355.918,0.26987
5353.990,0.26973
5352.061,0.26962
5350.132,0.26952
5348.204,0.26938
5346.275,0.26919
5344.346,0.26903
5342.418,0.26891
5340.489,0.26877
5338.560,0.26861
5336.632,0.26843
5334.703,0.26825
5332.774,0.26808
5330.846,0.26792
5328.917,0.26774
5326.988,0.26758
5325.060,0.26744
5323.131,0.26730
5321.202,0.26712
5319.274,0.26692
5317.345,0.26678
5315.416,0.26669
5313.488,0.26657
5311.559,0.26640
5309.630,0.26621
5307.702,0.26601
5305.773,0.26585
5303.844,0.26574
5301.916,0.26560
5299.987,0.26546
5298.058,0.26533
5296.130,0.26519
5294.201,0.26501
5292.272,0.26480
5290.344,0.26461
5288.415,0.26448
5286.486,0.26435
5284.558,0.26420
5282.629,0.26406
5280.700,0.26394
5278.772,0.26380
5276.843,0.26364
5274.914,0.26349
5272.986,0.26338
5271.057,0.26325
5269.128,0.26311
5267.200,0.26296
5265.271,0.26281
5263.342,0.26266
5261.414,0.26251
5259.485,0.26237
5257.556,0.26225
5255.628,0.26212
5253.699,0.26199
5251.770,0.26187
5249.842,0.26173
5247.913,0.26158
5245.984,0.26142
5244.056,0.26127
5242.127,0.26115
5240.198,0.26105
5238.269,0.26092
5236.341,0.26074
5234.412,0.26055
5232.483,0.26040
5230.555,0.26027
5228.626,0.26013
5226.697,0.25999
5224.769,0.25984
5222.840,0.25967
5220.911,0.25953
5218.983,0.25940
5217.054,0.25925
5215.125,0.25910
5213.197,0.25896
5211.268,0.25881
5209.339,0.25862
5207.411,0.25842
5205.482,0.25828
5203.553,0.25817
5201.625,0.25806
5199.696,0.25791
5197.767,0.25772
5195.839,0.25757
5193.910,0.25744
5191.981,0.25729
5190.053,0.25711
5188.124,0.25692
5186.195,0.25676
5184.267,0.25664
5182.338,0.25651
5180.409,0.25637
5178.481,0.25622
5176.552,0.25608
5174.623,0.25594
5172.695,0.25582
5170.766,0.25573
5168.837,0.25563
5166.909,0.25548
5164.980,0.25527
5163.051,0.25506
5161.123,0.25488
5159.194,0.25475
5157.265,0.25462
5155.337,0.25449
5153.408,0.25434
5151.479,0.25417
5149.551,0.25395
5147.622,0.25376
5145.693,0.25362
5143.765,0.25348
5141.836,0.25334
5139.907,0.25316
5137.979,0.25296
5136.050,0.25280
5134.121,0.25268
5132.193,0.25256
5130.264,0.25238
5128.335,0.25218
5126.407,0.25203
5124.478,0.25191
5122.549,0.25177
5120.621,0.25165
5118.692,0.25154
5116.763,0.25141
5114.835,0.25128
5112.906,0.25114
5110.977,0.25097
5109.049,0.25079
5107.120,0.25061
5105.191,0.25045
5103.263,0.25030
5101.334,0.25016
5099.405,0.25001
5097.477,0.24986
5095.548,0.24973
5093.619,0.24962
5091.691,0.24949
5089.762,0.24934
5087.833,0.24920
5085.905,0.24907
5083.976,0.24896
5082.047,0.24884
5080.119,0.24866
5078.190,0.24847
5076.261,0.24830
5074.332,0.24816
5072.404,0.24805
5070.475,0.24791
5068.546,0.24772
5066.618,0.24754
5064.689,0.24736
5062.760,0.24718
5060.832,0.24702
5058.903,0.24690
5056.974,0.24678
5055.046,0.24663
5053.117,0.24648
5051.188,0.24632
5049.260,0.24615
5047.331,0.24597
5045.402,0.24581
5043.474,0.24566
5041.545,0.24553
5039.616,0.24538
5037.688,0.24521
5035.759,0.24507
5033.830,0.24497
5031.902,0.24486
5029.973,0.24472
5028.044,0.24455
5026.116,0.24437
5024.187,0.24422
5022.258,0.24408
5020.330,0.24395
5018.401,0.24380
5016.472,0.24365
5014.544,0.24349
5012.615,0.24333
5010.686,0.24319
5008.758,0.24306
5006.829,0.24294
5004.900,0.24283
5002.972,0.24271
5001.043,0.24260
4999.114,0.24248
4997.186,0.24233
4995.257,0.24215
4993.328,0.24197
4991.400,0.24180
4989.471,0.24162
4987.542,0.24144
4985.614,0.24132
4983.685,0.24122
4981.756,0.24110
4979.828,0.24097
4977.899,0.24082
4975.970,0.24068
4974.042,0.24058
4972.113,0.24047
4970.184,0.24031
4968.256,0.24014
4966.327,0.24000
4964.398,0.23986
4962.470,0.23976
4960.541,0.23966
4958.612,0.23952
4956.684,0.23935
4954.755,0.23920
4952.826,0.23905
4950.898,0.23890
4948.969,0.23874
4947.040,0.23859
4945.112,0.23846
4943.183,0.23835
4941.254,0.23822
4939.326,0.23808
4937.397,0.23793
4935.468,0.23777
4933.540,0.23758
4931.611,0.23742
4929.682,0.23730
4927.754,0.23718
4925.825,0.23703
4923.896,0.23687
4921.968,0.23671
4920.039,0.23656
4918.110,0.23643
4916.181,0.23630
4914.253,0.23615
4912.324,0.23600
4910.395,0.23587
4908.467,0.23571
4906.538,0.23555
4904.609,0.23540
4902.681,0.23525
4900.752,0.23512
4898.823,0.23497
4896.895,0.23477
4894.966,0.23456
4893.037,0.23439
4891.109,0.23429
4889.180,0.23421
4887.251,0.23409
4885.323,0.23391
4883.394,0.23375
4881.465,0.23361
4879.537,0.23346
4877.608,0.23332
4875.679,0.23318
4873.751,0.23300
4871.822,0.23284
4869.893,0.23272
4867.965,0.23261
4866.036,0.23250
4864.107,0.23238
4862.179,0.23222
4860.250,0.23203
4858.321,0.23186
4856.393,0.23174
4854.464,0.23164
4852.535,0.23152
4850.607,0.23138
4848.678,0.23122
4846.749,0.23106
4844.821,0.23089
4842.892,0.23074
4840.963,0.23060
4839.035,0.23041
4837.106,0.23019
4835.177,0.22999
4833.249,0.22986
4831.320,0.22973
4829.391,0.22958
4827.463,0.22944
4825.534,0.22932
4823.605,0.22920
4821.677,0.22906
4819.748,0.22891
4817.819,0.22877
4815.891,0.22863
4813.962,0.22848
4812.033,0.22829
4810.105,0.22812
4808.176,0.22798
4806.247,0.22782
4804.319,0.22764
4802.390,0.22748
4800.461,0.22734
4798.533,0.22720
4796.604,0.22707
4794.675,0.22693
4792.747,0.22680
4790.818,0.22666
4788.889,0.22649
4786.961,0.22632
4785.032,0.22619
4783.103,0.22609
4781.175,0.22601
4779.246,0.22592
4777.317,0.22579
4775.389,0.22563
4773.460,0.22546
4771.531,0.22530
4769.603,0.22515
4767.674,0.22502
4765.745,0.22490
4763.817,0.22477
4761.888,0.22467
4759.959,0.22459
4758.031,0.22447
4756.102,0.22433
4754.173,0.22417
4752.244,0.22402
4750.316,0.22387
4748.387,0.22373
4746.458,0.22359
4744.530,0.22345
4742.601,0.22327
4740.672,0.22307
4738.744,0.22288
4736.815,0.22272
4734.886,0.22257
4732.958,0.22245
4731.029,0.22234
4729.100,0.22223
4727.172,0.22209
4725.243,0.22194
4723.314,0.22181
4721.386,0.22170
4719.457,0.22159
4717.528,0.22145
4715.600,0.22127
4713.671,0.22110
4711.742,0.22097
4709.814,0.22086
4707.885,0.22076
4705.956,0.22060
4704.028,0.22042
4702.099,0.22028
4700.170,0.22016
4698.242,0.22006
4696.313,0.21996
4694.384,0.21983
4692.456,0.21969
4690.527,0.21956
4688.598,0.21943
4686.670,0.21928
4684.741,0.21916
4682.812,0.21907
4680.884,0.21895
4678.955,0.21880
4677.026,0.21865
4675.098,0.21851
4673.169,0.21837
4671.240,0.21825
4669.312,0.21812
4667.383,0.21796
4665.454,0.21779
4663.526,0.21761
4661.597,0.21744
4659.668,0.21729
4657.740,0.21716
4655.811,0.21704
4653.882,0.21694
4651.954,0.21682
4650.025,0.21668
4648.096,0.21654
4646.168,0.21640
4644.239,0.21624
4642.310,0.21607
4640.382,0.21592
4638.453,0.21578
4636.524,0.21561
4634.596,0.21542
4632.667,0.21524
4630.738,0.21510
4628.810,0.21498
4626.881,0.21484
4624.952,0.21471
4623.024,0.21458
4621.095,0.21446
4619.166,0.21436
4617.238,0.21429
4615.309,0.21422
4613.380,0.21412
4611.452,0.21402
4609.523,0.21394
4607.594,0.21386
4605.666,0.21375
4603.737,0.21363
4601.808,0.21348
4599.880,0.21331
4597.951,0.21316
4596.022,0.21302
4594.093,0.21286
4592.165,0.21268
4590.236,0.21251
4588.307,0.21235
4586.379,0.21219
4584.450,0.21205
4582.521,0.21194
4580.593,0.21183
4578.664,0.21169
4576.735,0.21156
4574.807,0.21145
4572.878,0.21133
4570.949,0.21117
4569.021,0.21100
4567.092,0.21086
4565.163,0.21072
4563.235,0.21059
4561.306,0.21049
4559.377,0.21038
4557.449,0.21024
4555.520,0.21010
4553.591,0.20998
4551.663,0.20989
4549.734,0.20979
4547.805,0.20966
4545.877,0.20953
4543.948,0.20943
4542.019,0.20935
4540.091,0.20928
4538.162,0.20925
4536.233,0.20926
4534.305,0.20929
4532.376,0.20929
4530.447,0.20923
4528.519,0.20909
4526.590,0.20891
4524.661,0.20877
4522.733,0.20871
4520.804,0.20872
4518.875,0.20875
4516.947,0.20874
4515.018,0.20866
4513.089,0.20852
4511.161,0.20838
4509.232,0.20831
4507.303,0.20838
4505.375,0.20860
4503.446,0.20894
4501.517,0.20939
4499.589,0.21001
4497.660,0.21089
4495.731,0.21203
4493.803,0.21315
4491.874,0.21381
4489.945,0.21379
4488.017,0.21331
4486.088,0.21280
4484.159,0.21247
4482.231,0.21218
4480.302,0.21157
4478.373,0.21057
4476.445,0.20945
4474.516,0.20854
4472.587,0.20801
4470.659,0.20783
4468.730,0.20791
4466.801,0.20818
4464.873,0.20856
4462.944,0.20900
4461.015,0.20936
4459.087,0.20954
4457.158,0.20955
4455.229,0.20941
4453.301,0.20918
4451.372,0.20889
4449.443,0.20855
4447.515,0.20813
4445.586,0.20762
4443.657,0.20710
4441.729,0.20663
4439.800,0.20623
4437.871,0.20593
4435.943,0.20573
4434.014,0.20568
4432.085,0.20577
4430.156,0.20605
4428.228,0.20650
4426.299,0.20702
4424.370,0.20753
4422.442,0.20810
4420.513,0.20882
4418.584,0.20967
4416.656,0.21045
4414.727,0.21091
4412.798,0.21100
4410.870,0.21091
4408.941,0.21090
4407.012,0.21103
4405.084,0.21118
4403.155,0.21127
4401.226,0.21121
4399.298,0.21089
4397.369,0.21029
4395.440,0.20956
4393.512,0.20893
4391.583,0.20853
4389.654,0.20834
4387.726,0.20831
4385.797,0.20840
4383.868,0.20858
4381.940,0.20878
4380.011,0.20887
4378.082,0.20866
4376.154,0.20805
4374.225,0.20711
4372.296,0.20605
4370.368,0.20505
4368.439,0.20415
4366.510,0.20335
4364.582,0.20268
4362.653,0.20218
4360.724,0.20181
4358.796,0.20158
4356.867,0.20151
4354.938,0.20162
4353.010,0.20189
4351.081,0.20233
4349.152,0.20297
4347.224,0.20372
4345.295,0.20448
4343.366,0.20518
4341.438,0.20576
4339.509,0.20617
4337.580,0.20641
4335.652,0.20650
4333.723,0.20638
4331.794,0.20609
4329.866,0.20578
4327.937,0.20570
4326.008,0.20612
4324.080,0.20707
4322.151,0.20832
4320.222,0.20932
4318.294,0.20947
4316.365,0.20877
4314.436,0.20785
4312.508,0.20728
4310.579,0.20698
4308.650,0.20648
4306.722,0.20556
4304.793,0.20446
4302.864,0.20354
4300.936,0.20295
4299.007,0.20265
4297.078,0.20258
4295.150,0.20271
4293.221,0.20299
4291.292,0.20331
4289.364,0.20348
4287.435,0.20337
4285.506,0.20305
4283.578,0.20264
4281.649,0.20213
4279.720,0.20150
4277.792,0.20074
4275.863,0.19987
4273.934,0.19896
4272.005,0.19811
4270.077,0.19736
4268.148,0.19671
4266.219,0.19611
4264.291,0.19560
4262.362,0.19518
4260.433,0.19485
4258.505,0.19459
4256.576,0.19440
4254.647,0.19429
4252.719,0.19419
4250.790,0.19393
4248.861,0.19349
4246.933,0.19298
4245.004,0.19248
4243.075,0.19205
4241.147,0.19173
4239.218,0.19147
4237.289,0.19123
4235.361,0.19101
4233.432,0.19086
4231.503,0.19075
4229.575,0.19069
4227.646,0.19070
4225.717,0.19077
4223.789,0.19084
4221.860,0.19093
4219.931,0.19102
4218.003,0.19112
4216.074,0.19117
4214.145,0.19115
4212.217,0.19103
4210.288,0.19090
4208.359,0.19083
4206.431,0.19083
4204.502,0.19087
4202.573,0.19085
4200.645,0.19077
4198.716,0.19068
4196.787,0.19056
4194.859,0.19036
4192.930,0.19005
4191.001,0.18967
4189.073,0.18926
4187.144,0.18889
4185.215,0.18856
4183.287,0.18826
4181.358,0.18799
4179.429,0.18771
4177.501,0.18742
4175.572,0.18716
4173.643,0.18695
4171.715,0.18674
4169.786,0.18652
4167.857,0.18630
4165.929,0.18607
4164.000,0.18585
4162.071,0.18567
4160.143,0.18549
4158.214,0.18530
4156.285,0.18509
4154.357,0.18490
4152.428,0.18472
4150.499,0.18456
4148.571,0.18441
4146.642,0.18425
4144.713,0.18408
4142.785,0.18391
4140.856,0.18376
4138.927,0.18363
4136.999,0.18353
4135.070,0.18343
4133.141,0.18333
4131.213,0.18322
4129.284,0.18309
4127.355,0.18297
4125.427,0.18289
4123.498,0.18282
4121.569,0.18278
4119.641,0.18280
4117.712,0.18287
4115.783,0.18299
4113.855,0.18318
4111.926,0.18338
4109.997,0.18359
4108.068,0.18378
4106.140,0.18390
4104.211,0.18390
4102.282,0.18385
4100.354,0.18383
4098.425,0.18383
4096.496,0.18384
4094.568,0.18377
4092.639,0.18359
4090.710,0.18329
4088.782,0.18295
4086.853,0.18257
4084.924,0.18217
4082.996,0.18178
4081.067,0.18139
4079.138,0.18102
4077.210,0.18068
4075.281,0.18034
4073.352,0.17998
4071.424,0.17962
4069.495,0.17927
4067.566,0.17894
4065.638,0.17864
4063.709,0.17837
4061.780,0.17810
4059.852,0.17785
4057.923,0.17764
4055.994,0.17745
4054.066,0.17726
4052.137,0.17709
4050.208,0.17694
4048.280,0.17683
4046.351,0.17675
4044.422,0.17667
4042.494,0.17660
4040.565,0.17656
4038.636,0.17651
4036.708,0.17650
4034.779,0.17652
4032.850,0.17656
4030.922,0.17662
4028.993,0.17674
4027.064,0.17691
4025.136,0.17709
4023.207,0.17725
4021.278,0.17731
4019.350,0.17724
4017.421,0.17708
4015.492,0.17691
4013.564,0.17676
4011.635,0.17663
4009.706,0.17646
4007.778,0.17625
4005.849,0.17604
4003.920,0.17590
4001.992,0.17580
4000.063,0.17578
3998.134,0.17587
3996.206,0.17602
3994.277,0.17613
3992.348,0.17614
3990.420,0.17607
3988.491,0.17591
3986.562,0.17568
3984.634,0.17538
3982.705,0.17502
3980.776,0.17464
3978.848,0.17424
3976.919,0.17379
3974.990,0.17335
3973.062,0.17294
3971.133,0.17260
3969.204,0.17229
3967.276,0.17204
3965.347,0.17184
3963.418,0.17169
3961.490,0.17157
3959.561,0.17142
3957.632,0.17127
3955.704,0.17111
3953.775,0.17095
3951.846,0.17076
3949.917,0.17057
3947.989,0.17036
3946.060,0.17012
3944.131,0.16987
3942.203,0.16965
3940.274,0.16949
3938.345,0.16939
3936.417,0.16933
3934.488,0.16929
3932.559,0.16927
3930.631,0.16925
3928.702,0.16918
3926.773,0.16911
3924.845,0.16906
3922.916,0.16901
3920.987,0.16890
3919.059,0.16867
3917.130,0.16837
3915.201,0.16811
3913.273,0.16789
3911.344,0.16765
3909.415,0.16740
3907.487,0.16710
3905.558,0.16679
3903.629,0.16654
3901.701,0.16637
3899.772,0.16624
3897.843,0.16614
3895.915,0.16602
3893.986,0.16588
3892.057,0.16575
3890.129,0.16565
3888.200,0.16552
3886.271,0.16540
3884.343,0.16529
3882.414,0.16515
3880.485,0.16498
3878.557,0.16483
3876.628,0.16466
3874.699,0.16449
3872.771,0.16432
3870.842,0.16414
3868.913,0.16401
3866.985,0.16390
3865.056,0.16380
3863.127,0.16372
3861.199,0.16364
3859.270,0.16352
3857.341,0.16329
3855.413,0.16302
3853.484,0.16282
3851.555,0.16271
3849.627,0.16262
3847.698,0.16247
3845.769,0.16228
3843.841,0.16210
3841.912,0.16196
3839.983,0.16182
3838.055,0.16171
3836.126,0.16168
3834.197,0.16165
3832.269,0.16158
3830.340,0.16148
3828.411,0.16135
3826.483,0.16118
3824.554,0.16100
3822.625,0.16079
3820.697,0.16061
3818.768,0.16050
3816.839,0.16041
3814.911,0.16035
3812.982,0.16028
3811.053,0.16013
3809.125,0.15991
3807.196,0.15973
3805.267,0.15961
3803.339,0.15947
3801.410,0.15933
3799.481,0.15927
3797.553,0.15921
3795.624,0.15913
3793.695,0.15903
3791.767,0.15889
3789.838,0.15873
3787.909,0.15855
3785.980,0.15834
3784.052,0.15814
3782.123,0.15794
3780.194,0.15774
3778.266,0.15760
3776.337,0.15748
3774.408,0.15732
3772.480,0.15714
3770.551,0.15698
3768.622,0.15686
3766.694,0.15677
3764.765,0.15672
3762.836,0.15665
3760.908,0.15652
3758.979,0.15640
3757.050,0.15631
3755.122,0.15619
3753.193,0.15605
3751.264,0.15594
3749.336,0.15584
3747.407,0.15570
3745.478,0.15556
3743.550,0.15548
3741.621,0.15543
3739.692,0.15532
3737.764,0.15514
3735.835,0.15497
3733.906,0.15485
3731.978,0.15475
3730.049,0.15465
3728.120,0.15453
3726.192,0.15441
3724.263,0.15429
3722.334,0.15420
3720.406,0.15411
3718.477,0.15402
3716.548,0.15393
3714.620,0.15384
3712.691,0.15373
3710.762,0.15369
3708.834,0.15370
3706.905,0.15369
3704.976,0.15366
3703.048,0.15362
3701.119,0.15352
3699.190,0.15340
3697.262,0.15329
3695.333,0.15319
3693.404,0.15308
3691.476,0.15297
3689.547,0.15291
3687.618,0.15291
3685.690,0.15298
3683.761,0.15304
3681.832,0.15307
3679.904,0.15313
3677.975,0.15317
3676.046,0.15322
3674.118,0.15332
3672.189,0.15342
3670.260,0.15347
3668.332,0.15352
3666.403,0.15355
3664.474,0.15350
3662.546,0.15343
3660.617,0.15338
3658.688,0.15329
3656.760,0.15320
3654.831,0.15312
3652.902,0.15297
3650.974,0.15279
3649.045,0.15269
3647.116,0.15265
3645.188,0.15262
3643.259,0.15259
3641.330,0.15254
3639.402,0.15247
3637.473,0.15241
3635.544,0.15236
3633.616,0.15230
3631.687,0.15223
3629.758,0.15216
3627.830,0.15215
3625.901,0.15221
3623.972,0.15227
3622.043,0.15227
3620.115,0.15226
3618.186,0.15231
3616.257,0.15236
3614.329,0.15240
3612.400,0.15247
3610.471,0.15255
3608.543,0.15262
3606.614,0.15271
3604.685,0.15277
3602.757,0.15276
3600.828,0.15273
3598.899,0.15270
3596.971,0.15267
3595.042,0.15270
3593.113,0.15275
3591.185,0.15275
3589.256,0.15275
3587.327,0.15278
3585.399,0.15280
3583.470,0.15283
3581.541,0.15284
3579.613,0.15278
3577.684,0.15272
3575.755,0.15272
3573.827,0.15275
3571.898,0.15276
3569.969,0.15278
3568.041,0.15280
3566.112,0.15284
3564.183,0.15293
3562.255,0.15302
3560.326,0.15310
3558.397,0.15318
3556.469,0.15326
3554.540,0.15331
3552.611,0.15336
3550.683,0.15343
3548.754,0.15348
3546.825,0.15356
3544.897,0.15371
3542.968,0.15387
3541.039,0.15402
3539.111,0.15416
3537.182,0.15425
3535.253,0.15425
3533.325,0.15420
3531.396,0.15411
3529.467,0.15399
3527.539,0.15390
3525.610,0.15382
3523.681,0.15374
3521.753,0.15368
3519.824,0.15362
3517.895,0.15354
3515.967,0.15347
3514.038,0.15344
3512.109,0.15343
3510.181,0.15342
3508.252,0.15344
3506.323,0.15344
3504.395,0.15341
3502.466,0.15343
3500.537,0.15348
3498.609,0.15354
3496.680,0.15362
3494.751,0.15371
3492.823,0.15383
3490.894,0.15396
3488.965,0.15410
3487.037,0.15419
3485.108,0.15423
3483.179,0.15426
3481.251,0.15428
3479.322,0.15431
3477.393,0.15436
3475.465,0.15439
3473.536,0.15443
3471.607,0.15448
3469.679,0.15452
3467.750,0.15457
3465.821,0.15463
3463.892,0.15466
3461.964,0.15460
3460.035,0.15448
3458.106,0.15433
3456.178,0.15419
3454.249,0.15409
3452.320,0.15402
3450.392,0.15396
3448.463,0.15392
3446.534,0.15386
3444.606,0.15376
3442.677,0.15365
3440.748,0.15355
3438.820,0.15341
3436.891,0.15327
3434.962,0.15314
3433.034,0.15299
3431.105,0.15285
3429.176,0.15276
3427.248,0.15270
3425.319,0.15266
3423.390,0.15268
3421.462,0.15273
3419.533,0.15277
3417.604,0.15277
3415.676,0.15271
3413.747,0.15253
3411.818,0.15222
3409.890,0.15183
3407.961,0.15137
3406.032,0.15090
3404.104,0.15049
3402.175,0.15008
3400.246,0.14965
3398.318,0.14926
3396.389,0.14889
3394.460,0.14854
3392.532,0.14825
3390.603,0.14801
3388.674,0.14777
3386.746,0.14753
3384.817,0.14730
3382.888,0.14709
3380.960,0.14694
3379.031,0.14681
3377.102,0.14661
3375.174,0.14634
3373.245,0.14605
3371.316,0.14573
3369.388,0.14545
3367.459,0.14522
3365.530,0.14495
3363.602,0.14467
3361.673,0.14442
3359.744,0.14419
3357.816,0.14395
3355.887,0.14375
3353.958,0.14356
3352.030,0.14335
3350.101,0.14315
3348.172,0.14291
3346.244,0.14260
3344.315,0.14226
3342.386,0.14190
3340.458,0.14153
3338.529,0.14118
3336.600,0.14088
3334.672,0.14060
3332.743,0.14036
3330.814,0.14017
3328.886,0.14000
3326.957,0.13987
3325.028,0.13979
3323.100,0.13971
3321.171,0.13962
3319.242,0.13949
3317.314,0.13929
3315.385,0.13903
3313.456,0.13875
3311.528,0.13845
3309.599,0.13817
3307.670,0.13791
3305.742,0.13767
3303.813,0.13744
3301.884,0.13724
3299.955,0.13704
3298.027,0.13683
3296.098,0.13663
3294.169,0.13644
3292.241,0.13622
3290.312,0.13599
3288.383,0.13578
3286.455,0.13556
3284.526,0.13534
3282.597,0.13513
3280.669,0.13494
3278.740,0.13476
3276.811,0.13461
3274.883,0.13446
3272.954,0.13430
3271.025,0.13414
3269.097,0.13397
3267.168,0.13379
3265.239,0.13362
3263.311,0.13346
3261.382,0.13330
3259.453,0.13315
3257.525,0.13301
3255.596,0.13288
3253.667,0.13277
3251.739,0.13268
3249.810,0.13255
3247.881,0.13240
3245.953,0.13223
3244.024,0.13204
3242.095,0.13188
3240.167,0.13172
3238.238,0.13155
3236.309,0.13141
3234.381,0.13128
3232.452,0.13114
3230.523,0.13103
3228.595,0.13093
3226.666,0.13083
3224.737,0.13074
3222.809,0.13066
3220.880,0.13058
3218.951,0.13048
3217.023,0.13041
3215.094,0.13033
3213.165,0.13026
3211.237,0.13020
3209.308,0.13013
3207.379,0.13003
3205.451,0.12994
3203.522,0.12988
3201.593,0.12985
3199.665,0.12989
3197.736,0.12995
3195.807,0.13005
3193.879,0.13023
3191.950,0.13049
3190.021,0.13079
3188.093,0.13116
3186.164,0.13160
3184.235,0.13206
3182.307,0.13244
3180.378,0.13266
3178.449,0.13269
3176.521,0.13264
3174.592,0.13263
3172.663,0.13268
3170.735,0.13282
3168.806,0.13306
3166.877,0.13336
3164.949,0.13372
3163.020,0.13412
3161.091,0.13450
3159.163,0.13488
3157.234,0.13530
3155.305,0.13566
3153.377,0.13595
3151.448,0.13622
3149.519,0.13650
3147.591,0.13686
3145.662,0.13739
3143.733,0.13806
3141.804,0.13884
3139.876,0.13968
3137.947,0.14047
3136.018,0.14108
3134.090,0.14146
3132.161,0.14161
3130.232,0.14155
3128.304,0.14141
3126.375,0.14132
3124.446,0.14134
3122.518,0.14160
3120.589,0.14215
3118.660,0.14293
3116.732,0.14393
3114.803,0.14521
3112.874,0.14669
3110.946,0.14829
3109.017,0.14988
3107.088,0.15132
3105.160,0.15262
3103.231,0.15396
3101.302,0.15548
3099.374,0.15726
3097.445,0.15938
3095.516,0.16194
3093.588,0.16508
3091.659,0.16917
3089.730,0.17490
3087.802,0.18352
3085.873,0.19731
3083.944,0.22049
3082.016,0.26152
3080.087,0.33462
3078.158,0.44769
3076.230,0.56081
3074.301,0.57576
3072.372,0.49897
3070.444,0.44470
3068.515,0.46151
3066.586,0.50351
3064.658,0.47531
3062.729,0.37981
3060.800,0.29227
3058.872,0.23823
3056.943,0.20808
3055.014,0.18951
3053.086,0.17636
3051.157,0.16704
3049.228,0.16087
3047.300,0.15687
3045.371,0.15415
3043.442,0.15236
3041.514,0.15159
3039.585,0.15177
3037.656,0.15193
3035.728,0.15082
3033.799,0.14874
3031.870,0.14728
3029.942,0.14716
3028.013,0.14772
3026.084,0.14800
3024.156,0.14774
3022.227,0.14733
3020.298,0.14735
3018.370,0.14817
3016.441,0.14998
3014.512,0.15303
3012.584,0.15768
3010.655,0.16454
3008.726,0.17483
3006.798,0.19006
3004.869,0.20903
3002.940,0.22466
3001.012,0.22755
2999.083,0.21598
2997.154,0.19759
2995.226,0.18050
2993.297,0.16771
2991.368,0.15878
2989.440,0.15266
2987.511,0.14855
2985.582,0.14585
2983.654,0.14416
2981.725,0.14321
2979.796,0.14276
2977.867,0.14272
2975.939,0.14308
2974.010,0.14374
2972.081,0.14466
2970.153,0.14589
2968.224,0.14735
2966.295,0.14899
2964.367,0.15082
2962.438,0.15280
2960.509,0.15484
2958.581,0.15695
2956.652,0.15919
2954.723,0.16180
2952.795,0.16518
2950.866,0.16914
2948.937,0.17221
2947.009,0.17285
2945.080,0.17141
2943.151,0.16978
2941.223,0.16955
2939.294,0.17113
2937.365,0.17432
2935.437,0.17892
2933.508,0.18486
2931.579,0.19199
2929.651,0.20034
2927.722,0.21016
2925.793,0.22175
2923.865,0.23494
2921.936,0.24842
2920.007,0.25900
2918.079,0.26178
2916.150,0.25341
2914.221,0.23670
2912.293,0.21877
2910.364,0.20445
2908.435,0.19437
2906.507,0.18734
2904.578,0.18227
2902.649,0.17835
2900.721,0.17506
2898.792,0.17211
2896.863,0.16934
2894.935,0.16664
2893.006,0.16402
2891.077,0.16148
2889.149,0.15896
2887.220,0.15643
2885.291,0.15390
2883.363,0.15132
2881.434,0.14877
2879.505,0.14646
2877.577,0.14464
2875.648,0.14352
2873.719,0.14317
2871.791,0.14335
2869.862,0.14390
2867.933,0.14498
2866.005,0.14697
2864.076,0.15011
2862.147,0.15456
2860.219,0.16041
2858.290,0.16809
2856.361,0.17883
2854.433,0.19427
2852.504,0.21367
2850.575,0.22937
2848.647,0.23016
2846.718,0.21539
2844.789,0.19648
2842.861,0.18229
2840.932,0.17372
2839.003,0.16859
2837.075,0.16494
2835.146,0.16162
2833.217,0.15817
2831.289,0.15448
2829.360,0.15051
2827.431,0.14639
2825.503,0.14245
2823.574,0.13900
2821.645,0.13630
2819.716,0.13454
2817.788,0.13363
2815.859,0.13332
2813.930,0.13342
2812.002,0.13368
2810.073,0.13393
2808.144,0.13413
2806.216,0.13414
2804.287,0.13372
2802.358,0.13272
2800.430,0.13106
2798.501,0.12875
2796.572,0.12602
2794.644,0.12327
2792.715,0.12078
2790.786,0.11874
2788.858,0.11716
2786.929,0.11591
2785.000,0.11489
2783.072,0.11411
2781.143,0.11352
2779.214,0.11307
2777.286,0.11278
2775.357,0.11262
2773.428,0.11252
2771.500,0.11247
2769.571,0.11242
2767.642,0.11233
2765.714,0.11232
2763.785,0.11252
2761.856,0.11294
2759.928,0.11367
2757.999,0.11471
2756.070,0.11587
2754.142,0.11713
2752.213,0.11854
2750.284,0.11991
2748.356,0.12078
2746.427,0.12065
2744.498,0.11934
2742.570,0.11728
2740.641,0.11505
2738.712,0.11295
2736.784,0.11111
2734.855,0.10961
2732.926,0.10840
2730.998,0.10738
2729.069,0.10654
2727.140,0.10580
2725.212,0.10507
2723.283,0.10440
2721.354,0.10386
2719.426,0.10344
2717.497,0.10318
2715.568,0.10309
2713.640,0.10308
2711.711,0.10317
2709.782,0.10342
2707.854,0.10371
2705.925,0.10398
2703.996,0.10414
2702.068,0.10409
2700.139,0.10387
2698.210,0.10365
2696.282,0.10347
2694.353,0.10336
2692.424,0.10340
2690.496,0.10355
2688.567,0.10373
2686.638,0.10391
2684.710,0.10400
2682.781,0.10397
2680.852,0.10391
2678.924,0.10394
2676.995,0.10411
2675.066,0.10435
2673.138,0.10455
2671.209,0.10453
2669.280,0.10427
2667.352,0.10386
2665.423,0.10331
2663.494,0.10271
2661.566,0.10214
2659.637,0.10159
2657.708,0.10107
2655.779,0.10063
2653.851,0.10021
2651.922,0.09985
2649.993,0.09963
2648.065,0.09954
2646.136,0.09955
2644.207,0.09961
2642.279,0.09968
2640.350,0.09971
2638.421,0.09978
2636.493,0.09989
2634.564,0.10001
2632.635,0.10020
2630.707,0.10054
2628.778,0.10101
2626.849,0.10161
2624.921,0.10225
2622.992,0.10280
2621.063,0.10320
2619.135,0.10343
2617.206,0.10349
2615.277,0.10341
2613.349,0.10330
2611.420,0.10322
2609.491,0.10325
2607.563,0.10342
2605.634,0.10358
2603.705,0.10361
2601.777,0.10350
2599.848,0.10323
2597.919,0.10288
2595.991,0.10260
2594.062,0.10249
2592.133,0.10255
2590.205,0.10274
2588.276,0.10298
2586.347,0.10321
2584.419,0.10339
2582.490,0.10343
2580.561,0.10322
2578.633,0.10275
2576.704,0.10207
2574.775,0.10129
2572.847,0.10053
2570.918,0.09986
2568.989,0.09927
2567.061,0.09876
2565.132,0.09830
2563.203,0.09785
2561.275,0.09743
2559.346,0.09707
2557.417,0.09680
2555.489,0.09670
2553.560,0.09685
2551.631,0.09721
2549.703,0.09774
2547.774,0.09836
2545.845,0.09894
2543.917,0.09937
2541.988,0.09958
2540.059,0.09954
2538.131,0.09927
2536.202,0.09882
2534.273,0.09822
2532.345,0.09751
2530.416,0.09676
2528.487,0.09605
2526.559,0.09541
2524.630,0.09488
2522.701,0.09447
2520.773,0.09416
2518.844,0.09400
2516.915,0.09402
2514.987,0.09422
2513.058,0.09460
2511.129,0.09512
2509.201,0.09572
2507.272,0.09635
2505.343,0.09696
2503.415,0.09748
2501.486,0.09790
2499.557,0.09820
2497.628,0.09833
2495.700,0.09838
2493.771,0.09848
2491.842,0.09871
2489.914,0.09909
2487.985,0.09966
2486.056,0.10035
2484.128,0.10104
2482.199,0.10163
2480.270,0.10201
2478.342,0.10219
2476.413,0.10235
2474.484,0.10261
2472.556,0.10291
2470.627,0.10315
2468.698,0.10320
2466.770,0.10297
2464.841,0.10255
2462.912,0.10203
2460.984,0.10149
2459.055,0.10107
2457.126,0.10083
2455.198,0.10069
2453.269,0.10053
2451.340,0.10023
2449.412,0.09977
2447.483,0.09920
2445.554,0.09865
2443.626,0.09809
2441.697,0.09752
2439.768,0.09703
2437.840,0.09670
2435.911,0.09662
2433.982,0.09682
2432.054,0.09721
2430.125,0.09768
2428.196,0.09821
2426.268,0.09874
2424.339,0.09919
2422.410,0.09941
2420.482,0.09924
2418.553,0.09864
2416.624,0.09780
2414.696,0.09702
2412.767,0.09649
2410.838,0.09628
2408.910,0.09630
2406.981,0.09633
2405.052,0.09624
2403.124,0.09604
2401.195,0.09577
2399.266,0.09556
2397.338,0.09551
2395.409,0.09562
2393.480,0.09591
2391.552,0.09640
2389.623,0.09712
2387.694,0.09806
2385.766,0.09919
2383.837,0.10033
2381.908,0.10133
2379.980,0.10211
2378.051,0.10253
2376.122,0.10248
2374.194,0.10198
2372.265,0.10120
2370.336,0.10041
2368.408,0.09979
2366.479,0.09939
2364.550,0.09920
2362.622,0.09919
2360.693,0.09930
2358.764,0.09948
2356.836,0.09971
2354.907,0.09995
2352.978,0.10015
2351.050,0.10030
2349.121,0.10031
2347.192,0.10010
2345.264,0.09960
2343.335,0.09877
2341.406,0.09757
2339.478,0.09610
2337.549,0.09455
2335.620,0.09310
2333.691,0.09189
2331.763,0.09100
2329.834,0.09035
2327.905,0.08989
2325.977,0.08964
2324.048,0.08952
2322.119,0.08954
2320.191,0.08969
2318.262,0.08989
2316.333,0.09019
2314.405,0.09068
2312.476,0.09132
2310.547,0.09212
2308.619,0.09310
2306.690,0.09414
2304.761,0.09512
2302.833,0.09602
2300.904,0.09672
2298.975,0.09705
2297.047,0.09694
2295.118,0.09641
2293.189,0.09556
2291.261,0.09465
2289.332,0.09381
2287.403,0.09305
2285.475,0.09249
2283.546,0.09217
2281.617,0.09192
2279.689,0.09170
2277.760,0.09153
2275.831,0.09135
2273.903,0.09120
2271.974,0.09120
2270.045,0.09122
2268.117,0.09118
2266.188,0.09113
2264.259,0.09096
2262.331,0.09065
2260.402,0.09035
2258.473,0.09008
2256.545,0.08976
2254.616,0.08950
2252.687,0.08927
2250.759,0.08897
2248.830,0.08863
2246.901,0.08828
2244.973,0.08781
2243.044,0.08735
2241.115,0.08701
2239.187,0.08666
2237.258,0.08636
2235.329,0.08618
2233.401,0.08596
2231.472,0.08565
2229.543,0.08536
2227.615,0.08507
2225.686,0.08480
2223.757,0.08468
2221.829,0.08462
2219.900,0.08450
2217.971,0.08444
2216.043,0.08441
2214.114,0.08434
2212.185,0.08436
2210.257,0.08448
2208.328,0.08460
2206.399,0.08486
2204.471,0.08534
2202.542,0.08592
2200.613,0.08662
2198.685,0.08743
2196.756,0.08806
2194.827,0.08847
2192.899,0.08872
2190.970,0.08871
2189.041,0.08848
2187.113,0.08825
2185.184,0.08797
2183.255,0.08767
2181.327,0.08754
2179.398,0.08746
2177.469,0.08734
2175.540,0.08736
2173.612,0.08750
2171.683,0.08763
2169.754,0.08788
2167.826,0.08820
2165.897,0.08840
2163.968,0.08858
2162.040,0.08873
2160.111,0.08861
2158.182,0.08833
2156.254,0.08804
2154.325,0.08762
2152.396,0.08720
2150.468,0.08695
2148.539,0.08672
2146.610,0.08648
2144.682,0.08638
2142.753,0.08631
2140.824,0.08619
2138.896,0.08619
2136.967,0.08627
2135.038,0.08635
2133.110,0.08661
2131.181,0.08695
2129.252,0.08711
2127.324,0.08714
2125.395,0.08706
2123.466,0.08676
2121.538,0.08643
2119.609,0.08624
2117.680,0.08610
2115.752,0.08608
2113.823,0.08622
2111.894,0.08624
2109.966,0.08617
2108.037,0.08621
2106.108,0.08630
2104.180,0.08639
2102.251,0.08655
2100.322,0.08661
2098.394,0.08650
2096.465,0.08638
2094.536,0.08619
2092.608,0.08584
2090.679,0.08547
2088.750,0.08511
2086.822,0.08469
2084.893,0.08444
2082.964,0.08444
2081.036,0.08458
2079.107,0.08492
2077.178,0.08552
2075.250,0.08624
2073.321,0.08708
2071.392,0.08805
2069.464,0.08894
2067.535,0.08959
2065.606,0.08998
2063.678,0.08998
2061.749,0.08965
2059.820,0.08926
2057.892,0.08883
2055.963,0.08836
2054.034,0.08795
2052.106,0.08756
2050.177,0.08710
2048.248,0.08672
2046.320,0.08646
2044.391,0.08627
2042.462,0.08628
2040.534,0.08649
2038.605,0.08678
2036.676,0.08722
2034.748,0.08783
2032.819,0.08844
2030.890,0.08910
2028.962,0.08978
2027.033,0.09025
2025.104,0.09045
2023.176,0.09043
2021.247,0.09017
2019.318,0.08983
2017.390,0.08961
2015.461,0.08949
2013.532,0.08950
2011.603,0.08972
2009.675,0.09006
2007.746,0.09041
2005.817,0.09076
2003.889,0.09096
2001.960,0.09093
2000.031,0.09081
1998.103,0.09069
1996.174,0.09058
1994.245,0.09061
1992.317,0.09081
1990.388,0.09110
1988.459,0.09157
1986.531,0.09224
1984.602,0.09291
1982.673,0.09355
1980.745,0.09414
1978.816,0.09455
1976.887,0.09483
1974.959,0.09513
1973.030,0.09538
1971.101,0.09560
1969.173,0.09584
1967.244,0.09604
1965.315,0.09624
1963.387,0.09656
1961.458,0.09686
1959.529,0.09704
1957.601,0.09718
1955.672,0.09726
1953.743,0.09728
1951.815,0.09739
1949.886,0.09760
1947.957,0.09782
1946.029,0.09810
1944.100,0.09840
1942.171,0.09859
1940.243,0.09868
1938.314,0.09871
1936.385,0.09859
1934.457,0.09844
1932.528,0.09842
1930.599,0.09847
1928.671,0.09865
1926.742,0.09900
1924.813,0.09940
1922.885,0.09984
1920.956,0.10037
1919.027,0.10085
1917.099,0.10121
1915.170,0.10151
1913.241,0.10169
1911.313,0.10169
1909.384,0.10166
1907.455,0.10161
1905.527,0.10151
1903.598,0.10146
1901.669,0.10146
1899.741,0.10142
1897.812,0.10145
1895.883,0.10162
1893.955,0.10186
1892.026,0.10222
1890.097,0.10273
1888.169,0.10330
1886.240,0.10390
1884.311,0.10457
1882.383,0.10524
1880.454,0.10591
1878.525,0.10659
1876.597,0.10717
1874.668,0.10757
1872.739,0.10786
1870.811,0.10810
1868.882,0.10833
1866.953,0.10863
1865.025,0.10897
1863.096,0.10925
1861.167,0.10952
1859.239,0.10971
1857.310,0.10974
1855.381,0.10970
1853.452,0.10973
1851.524,0.10983
1849.595,0.11008
1847.666,0.11054
1845.738,0.11113
1843.809,0.11182
1841.880,0.11260
1839.952,0.11334
1838.023,0.11401
1836.094,0.11464
1834.166,0.11522
1832.237,0.11575
1830.308,0.11635
1828.380,0.11703
1826.451,0.11777
1824.522,0.11857
1822.594,0.11942
1820.665,0.12028
1818.736,0.12122
1816.808,0.12227
1814.879,0.12340
1812.950,0.12462
1811.022,0.12590
1809.093,0.12709
1807.164,0.12809
1805.236,0.12887
1803.307,0.12939
1801.378,0.12973
1799.450,0.13007
1797.521,0.13044
1795.592,0.13084
1793.664,0.13132
1791.735,0.13198
1789.806,0.13280
1787.878,0.13381
1785.949,0.13504
1784.020,0.13653
1782.092,0.13829
1780.163,0.14029
1778.234,0.14246
1776.306,0.14466
1774.377,0.14668
1772.448,0.14833
1770.520,0.14949
1768.591,0.15016
1766.662,0.15047
1764.734,0.15064
1762.805,0.15092
1760.876,0.15146
1758.948,0.15226
1757.019,0.15331
1755.090,0.15456
1753.162,0.15593
1751.233,0.15743
1749.304,0.15912
1747.376,0.16098
1745.447,0.16300
1743.518,0.16515
1741.590,0.16741
1739.661,0.16968
1737.732,0.17190
1735.804,0.17402
1733.875,0.17611
1731.946,0.17828
1730.018,0.18049
1728.089,0.18265
1726.160,0.18478
1724.232,0.18701
1722.303,0.18942
1720.374,0.19208
1718.446,0.19502
1716.517,0.19814
1714.588,0.20124
1712.660,0.20419
1710.731,0.20715
1708.802,0.21031
1706.874,0.21377
1704.945,0.21714
1703.016,0.21956
1701.088,0.22101
1699.159,0.22248
1697.230,0.22436
1695.302,0.22627
1693.373,0.22820
1691.444,0.23050
1689.515,0.23315
1687.587,0.23577
1685.658,0.23803
1683.729,0.24004
1681.801,0.24225
1679.872,0.24485
1677.943,0.24776
1676.015,0.25089
1674.086,0.25425
1672.157,0.25783
1670.229,0.26164
1668.300,0.26572
1666.371,0.27008
1664.443,0.27471
1662.514,0.27969
1660.585,0.28506
1658.657,0.29084
1656.728,0.29707
1654.799,0.30388
1652.871,0.31137
1650.942,0.31950
1649.013,0.32802
1647.085,0.33670
1645.156,0.34534
1643.227,0.35381
1641.299,0.36221
1639.370,0.37087
1637.441,0.38027
1635.513,0.39086
1633.584,0.40296
1631.655,0.41668
1629.727,0.43208
1627.798,0.44925
1625.869,0.46825
1623.941,0.48919
1622.012,0.51239
1620.083,0.53839
1618.155,0.56780
1616.226,0.60113
1614.297,0.63910
1612.369,0.68323
1610.440,0.73658
1608.511,0.80406
1606.583,0.89194
1604.654,1.00550
1602.725,1.14401
1600.797,1.29239
1598.868,1.41806
1596.939,1.49531
1595.011,1.53475
1593.082,1.54467
1591.153,1.48530
1589.225,1.34181
1587.296,1.18153
1585.367,1.06561
1583.439,1.01411
1581.510,1.02613
1579.581,1.09107
1577.653,1.18769
1575.724,1.28044
1573.795,1.32546
1571.867,1.29330
1569.938,1.18865
1568.009,1.04438
1566.081,0.89551
1564.152,0.76180
1562.223,0.64925
1560.295,0.55771
1558.366,0.48654
1556.437,0.43597
1554.509,0.40593
1552.580,0.39525
1550.651,0.40271
1548.723,0.42993
1546.794,0.48251
1544.865,0.56713
1542.937,0.68264
1541.008,0.80575
1539.079,0.89770
1537.151,0.95439
1535.222,1.00599
1533.293,1.04643
1531.364,1.02503
1529.436,0.92906
1527.507,0.80513
1525.578,0.69180
1523.650,0.60054
1521.721,0.52993
1519.792,0.47559
1517.864,0.43290
1515.935,0.39836
1514.006,0.37027
1512.078,0.34788
1510.149,0.32996
1508.220,0.31448
1506.292,0.29971
1504.363,0.28540
1502.434,0.27242
1500.506,0.26165
1498.577,0.25341
1496.648,0.24725
1494.720,0.24201
1492.791,0.23655
1490.862,0.23069
1488.934,0.22519
1487.005,0.22113
1485.076,0.21964
1483.148,0.22137
1481.219,0.22639
1479.290,0.23507
1477.362,0.24870
1475.433,0.26745
1473.504,0.28740
1471.576,0.30636
1469.647,0.33248
1467.718,0.37922
1465.790,0.45819
1463.861,0.57610
1461.932,0.71646
1460.004,0.80675
1458.075,0.76210
1456.146,0.62318
1454.218,0.48409
1452.289,0.38472
1450.360,0.32699
1448.432,0.30208
1446.503,0.30199
1444.574,0.32271
1442.646,0.36426
1440.717,0.42877
1438.788,0.51533
1436.860,0.60938
1434.931,0.67407
1433.002,0.67836
1431.074,0.64242
1429.145,0.61190
1427.216,0.61338
1425.288,0.64195
1423.359,0.65211
1421.430,0.59244
1419.502,0.48750
1417.573,0.39627
1415.644,0.34108
1413.716,0.31670
1411.787,0.31286
1409.858,0.32227
1407.930,0.34135
1406.001,0.36983
1404.072,0.40928
1402.144,0.46215
1400.215,0.53272
1398.286,0.62591
1396.358,0.73960
1394.429,0.85709
1392.500,0.95350
1390.572,1.00714
1388.643,0.99505
1386.714,0.90949
1384.786,0.78194
1382.857,0.65486
1380.928,0.55500
1379.000,0.49095
1377.071,0.44908
1375.142,0.40137
1373.214,0.34094
1371.285,0.28844
1369.356,0.25843
1367.427,0.24981
1365.499,0.25742
1363.570,0.27879
1361.641,0.31429
1359.713,0.36622
1357.784,0.43768
1355.855,0.52727
1353.927,0.61811
1351.998,0.67189
1350.069,0.65790
1348.141,0.59456
1346.212,0.52385
1344.283,0.46951
1342.355,0.43601
1340.426,0.42196
1338.497,0.42440
1336.569,0.43619
1334.640,0.44993
1332.711,0.46638
1330.783,0.49304
1328.854,0.53542
1326.925,0.59241
1324.997,0.65584
1323.068,0.71252
1321.139,0.75144
1319.211,0.77372
1317.282,0.79282
1315.353,0.82068
1313.425,0.85268
1311.496,0.86390
1309.567,0.82889
1307.639,0.75354
1305.710,0.66820
1303.781,0.59684
1301.853,0.54723
1299.924,0.51697
1297.995,0.50120
1296.067,0.49701
1294.138,0.50369
1292.209,0.52124
1290.281,0.54995
1288.352,0.59125
1286.423,0.64913
1284.495,0.73104
1282.566,0.84748
1280.637,1.00842
1278.709,1.21434
1276.780,1.43959
1274.851,1.62651
1272.923,1.74909
1270.994,1.84883
1269.065,1.92169
1267.137,1.86508
1265.208,1.65323
1263.279,1.40095
1261.351,1.18144
1259.422,1.00759
1257.493,0.87314
1255.565,0.77123
1253.636,0.69860
1251.707,0.65367
1249.779,0.63059
1247.850,0.61665
1245.921,0.60388
1243.993,0.60001
1242.064,0.61877
1240.135,0.66607
1238.207,0.73490
1236.278,0.80336
1234.349,0.84218
1232.421,0.83730
1230.492,0.80091
1228.563,0.75539
1226.635,0.71931
1224.706,0.70560
1222.777,0.72006
1220.849,0.75535
1218.920,0.78547
1216.991,0.77866
1215.063,0.72949
1213.134,0.66049
1211.205,0.59320
1209.277,0.53669
1207.348,0.49224
1205.419,0.45740
1203.490,0.42800
1201.562,0.40095
1199.633,0.37583
1197.704,0.35343
1195.776,0.33418
1193.847,0.31804
1191.918,0.30434
1189.990,0.29230
1188.061,0.28162
1186.132,0.27198
1184.204,0.26287
1182.275,0.25415
1180.346,0.24569
1178.418,0.23735
1176.489,0.22952
1174.560,0.22241
1172.632,0.21573
1170.703,0.20951
1168.774,0.20391
1166.846,0.19865
1164.917,0.19379
1162.988,0.18959
1161.060,0.18585
1159.131,0.18265
1157.202,0.18034
1155.274,0.17883
1153.345,0.17816
1151.416,0.17839
1149.488,0.17853
1147.559,0.17751
1145.630,0.17514
1143.702,0.17149
1141.773,0.16696
1139.844,0.16242
1137.916,0.15821
1135.987,0.15448
1134.058,0.15185
1132.130,0.15010
1130.201,0.14784
1128.272,0.14418
1126.344,0.13907
1124.415,0.13316
1122.486,0.12769
1120.558,0.12316
1118.629,0.11913
1116.700,0.11565
1114.772,0.11287
1112.843,0.11031
1110.914,0.10802
1108.986,0.10620
1107.057,0.10438
1105.128,0.10250
1103.200,0.10096
1101.271,0.09957
1099.342,0.09840
1097.414,0.09804
1095.485,0.09850
1093.556,0.10007
1091.628,0.10350
1089.699,0.10817
1087.770,0.11231
1085.842,0.11470
1083.913,0.11492
1081.984,0.11359
1080.056,0.11208
1078.127,0.11103
1076.198,0.11050
1074.270,0.11106
1072.341,0.11289
1070.412,0.11583
1068.484,0.12040
1066.555,0.12687
1064.626,0.13497
1062.698,0.14498
1060.769,0.15716
1058.840,0.17143
1056.912,0.18855
1054.983,0.20992
1053.054,0.23746
1051.126,0.27475
1049.197,0.32730
1047.268,0.40265
1045.339,0.51113
1043.411,0.65900
1041.482,0.81933
1039.553,0.89312
1037.625,0.81607
1035.696,0.67711
1033.767,0.55277
1031.839,0.46046
1029.910,0.40028
1027.981,0.36870
1026.053,0.36027
1024.124,0.36868
1022.195,0.38594
1020.267,0.40157
1018.338,0.40484
1016.409,0.39013
1014.481,0.36064
1012.552,0.32415
1010.623,0.28671
1008.695,0.25161
1006.766,0.22057
1004.837,0.19387
1002.909,0.17145
1000.980,0.15362
999.051,0.13999
997.123,0.12972
995.194,0.12244
993.265,0.11751
991.337,0.11422
989.408,0.11265
987.479,0.11279
985.551,0.11433
983.622,0.11762
981.693,0.12284
979.765,0.12993
977.836,0.13938
975.907,0.15154
973.979,0.16619
972.050,0.18356
970.121,0.20384
968.193,0.22587
966.264,0.24840
964.335,0.27142
962.407,0.29581
960.478,0.32300
958.549,0.35539
956.621,0.39569
954.692,0.44617
952.763,0.50833
950.835,0.58006
948.906,0.64810
946.977,0.68771
945.049,0.68564
943.120,0.65804
941.191,0.63156
939.263,0.62354
937.334,0.64211
935.405,0.69234
933.477,0.77888
931.548,0.90427
929.619,1.06281
927.691,1.22796
925.762,1.34272
923.833,1.36066
921.905,1.31287
919.976,1.26126
918.047,1.23378
916.119,1.22514
914.190,1.21467
912.261,1.18135
910.333,1.11656
908.404,1.02790
906.475,0.93019
904.547,0.83554
902.618,0.75008
900.689,0.67545
898.761,0.61146
896.832,0.55749
894.903,0.51293
892.975,0.47813
891.046,0.45665
889.117,0.45716
887.189,0.49157
885.260,0.56126
883.331,0.63318
881.402,0.64905
879.474,0.60045
877.545,0.53177
875.616,0.47147
873.688,0.42421
871.759,0.38709
869.830,0.35665
867.902,0.33099
865.973,0.30941
864.044,0.29136
862.116,0.27688
860.187,0.26745
858.258,0.26801
856.330,0.28793
854.401,0.32547
852.472,0.35363
850.544,0.35776
848.615,0.36636
846.686,0.40142
844.758,0.44199
842.829,0.44508
840.900,0.40197
838.972,0.34514
837.043,0.29905
835.114,0.26752
833.186,0.24707
831.257,0.23334
829.328,0.22255
827.400,0.21296
825.471,0.20470
823.542,0.19809
821.614,0.19284
819.685,0.18846
817.756,0.18470
815.828,0.18125
813.899,0.17768
811.970,0.17401
810.042,0.17055
808.113,0.16763
806.184,0.16603
804.256,0.16689
802.327,0.17157
800.398,0.18222
798.470,0.20214
796.541,0.23608
794.612,0.29113
792.684,0.37645
790.755,0.49852
788.826,0.64959
786.898,0.79653
784.969,0.89728
783.040,0.93249
781.112,0.89049
779.183,0.77738
777.254,0.64084
775.326,0.52298
773.397,0.43499
771.468,0.37135
769.540,0.32448
767.611,0.28979
765.682,0.26544
763.754,0.25160
761.825,0.25081
759.896,0.27267
757.968,0.33600
756.039,0.44362
754.110,0.53151
752.182,0.51027
750.253,0.42179
748.324,0.34592
746.396,0.30161
744.467,0.28275
742.538,0.28373
740.610,0.29814
738.681,0.31115
736.752,0.30734
734.824,0.28840
732.895,0.26782
730.966,0.25168
729.038,0.23725
727.109,0.22338
725.180,0.21250
723.251,0.20650
721.323,0.20444
719.394,0.20155
717.465,0.19417
715.537,0.18502
713.608,0.17791
711.679,0.17294
709.751,0.16889
707.822,0.16525
705.893,0.16195
703.965,0.15881
702.036,0.15582
700.107,0.15312
698.179,0.15062
696.250,0.14826
694.321,0.14620
692.393,0.14435
690.464,0.14252
688.535,0.14091
686.607,0.13968
684.678,0.13886
682.749,0.13897
680.821,0.14075
678.892,0.14489
676.963,0.15231
675.035,0.16278
673.106,0.17292
671.177,0.17742
669.249,0.17358
667.320,0.16391
665.391,0.15348
663.463,0.14572
661.534,0.14100
659.605,0.13774
657.677,0.13401
655.748,0.12920
653.819,0.12442
651.891,0.12087
649.962,0.11845
648.033,0.11666
646.105,0.11551
644.176,0.11469
642.247,0.11375
640.319,0.11289
638.390,0.11222
636.461,0.11183
634.533,0.11273
632.604,0.11609
630.675,0.12260
628.747,0.13172
626.818,0.14045
624.889,0.14667
622.961,0.15289
621.032,0.16291
619.103,0.17827
617.175,0.20026
615.246,0.23094
613.317,0.27236
611.389,0.32550
609.460,0.38654
607.531,0.44362
605.603,0.48123
603.674,0.49059
601.745,0.47481
599.817,0.44608
597.888,0.42149
595.959,0.41825
594.031,0.44117
592.102,0.47179
590.173,0.48629
588.245,0.48159
586.316,0.46023
584.387,0.42023
582.459,0.37022
580.530,0.32377
578.601,0.28666
576.673,0.25837
574.744,0.23705
572.815,0.22069
570.887,0.20756
568.958,0.19692
567.029,0.18821
565.101,0.18067
563.172,0.17414
561.243,0.16864
559.314,0.16382
557.386,0.15961
555.457,0.15599
553.528,0.15263
551.600,0.14956
549.671,0.14681
547.742,0.14403
545.814,0.14136
543.885,0.13913
541.956,0.13709
540.028,0.13514
538.099,0.13349
536.170,0.13191
534.242,0.13042
532.313,0.12922
530.384,0.12798
528.456,0.12672
526.527,0.12586
524.598,0.12507
522.670,0.12408
520.741,0.12318
518.812,0.12252
516.884,0.12233
514.955,0.12282
513.026,0.12372
511.098,0.12523
509.169,0.12781
507.240,0.13138
505.312,0.13614
503.383,0.14284
501.454,0.15150
499.526,0.16192
497.597,0.17419
495.668,0.18778
493.740,0.20183
491.811,0.21545
489.882,0.22695
487.954,0.23473
486.025,0.23824
484.096,0.23757
482.168,0.23369
480.239,0.22790
478.310,0.22111
476.382,0.21508
474.453,0.21189
472.524,0.21263
470.596,0.21926
468.667,0.23456
466.738,0.25877
464.810,0.28775
462.881,0.31283
460.952,0.32384
459.024,0.31743
457.095,0.29968
455.166,0.27871
453.238,0.25986
451.309,0.24484
449.380,0.23218
447.452,0.22084
445.523,0.21103
443.594,0.20192
441.666,0.19348
439.737,0.18679
437.808,0.18075
435.880,0.17389
433.951,0.16722
432.022,0.16115
430.094,0.15571
428.165,0.15206
426.236,0.14959
424.308,0.14799
422.379,0.15018
420.450,0.15748
418.522,0.17009
416.593,0.19076
414.664,0.21894
412.736,0.24655
410.807,0.26243
408.878,0.26333
406.950,0.25805
405.021,0.25288
403.092,0.24818
401.163,0.24871
399.235,0.25766
