7600.891,0.45553
7598.962,0.45561
7597.034,0.45582
7595.105,0.45563
7593.176,0.45514
7591.248,0.45501
7589.319,0.45516
7587.390,0.45496
7585.462,0.45453
7583.533,0.45431
7581.604,0.45419
7579.676,0.45392
7577.747,0.45369
7575.818,0.45357
7573.890,0.45345
7571.961,0.45328
7570.032,0.45309
7568.104,0.45291
7566.175,0.45270
7564.246,0.45252
7562.318,0.45237
7560.389,0.45214
7558.460,0.45186
7556.532,0.45188
7554.603,0.45211
7552.674,0.45200
7550.746,0.45152
7548.817,0.45117
7546.888,0.45108
7544.960,0.45094
7543.031,0.45085
7541.102,0.45114
7539.174,0.45143
7537.245,0.45115
7535.316,0.45062
7533.388,0.45035
7531.459,0.45016
7529.530,0.44970
7527.602,0.44916
7525.673,0.44897
7523.744,0.44906
7521.816,0.44908
7519.887,0.44900
7517.958,0.44887
7516.030,0.44871
7514.101,0.44852
7512.172,0.44833
7510.244,0.44822
7508.315,0.44805
7506.386,0.44764
7504.458,0.44717
7502.529,0.44692
7500.600,0.44676
7498.672,0.44662
7496.743,0.44662
7494.814,0.44672
7492.885,0.44669
7490.957,0.44656
7489.028,0.44641
7487.099,0.44619
7485.171,0.44591
7483.242,0.44553
7481.313,0.44515
7479.385,0.44506
7477.456,0.44531
7475.527,0.44559
7473.599,0.44547
7471.670,0.44487
7469.741,0.44424
7467.813,0.44398
7465.884,0.44393
7463.955,0.44374
7462.027,0.44347
7460.098,0.44330
7458.169,0.44323
7456.241,0.44310
7454.312,0.44285
7452.383,0.44269
7450.455,0.44266
7448.526,0.44267
7446.597,0.44259
7444.669,0.44231
7442.740,0.44196
7440.811,0.44179
7438.883,0.44190
7436.954,0.44201
7435.025,0.44169
7433.097,0.44112
7431.168,0.44080
7429.239,0.44071
7427.311,0.44058
7425.382,0.44045
7423.453,0.44032
7421.525,0.44014
7419.596,0.44001
7417.667,0.43986
7415.739,0.43964
7413.810,0.43944
7411.881,0.43924
7409.953,0.43892
7408.024,0.43863
7406.095,0.43847
7404.167,0.43820
7402.238,0.43792
7400.309,0.43784
7398.381,0.43778
7396.452,0.43759
7394.523,0.43749
7392.595,0.43753
7390.666,0.43752
7388.737,0.43729
7386.809,0.43701
7384.880,0.43706
7382.951,0.43727
7381.023,0.43709
7379.094,0.43663
7377.165,0.43631
7375.237,0.43617
7373.308,0.43601
7371.379,0.43576
7369.451,0.43547
7367.522,0.43514
7365.593,0.43481
7363.665,0.43465
7361.736,0.43460
7359.807,0.43454
7357.879,0.43453
7355.950,0.43454
7354.021,0.43442
7352.093,0.43418
7350.164,0.43393
7348.235,0.43368
7346.307,0.43348
7344.378,0.43343
7342.449,0.43343
7340.521,0.43329
7338.592,0.43307
7336.663,0.43287
7334.734,0.43270
7332.806,0.43255
7330.877,0.43245
7328.948,0.43235
7327.020,0.43212
7325.091,0.43197
7323.162,0.43203
7321.234,0.43196
7319.305,0.43171
7317.376,0.43150
7315.448,0.43129
7313.519,0.43091
7311.590,0.43049
7309.662,0.43032
7307.733,0.43038
7305.804,0.43033
7303.876,0.43008
7301.947,0.42983
7300.018,0.42968
7298.090,0.42959
7296.161,0.42959
7294.232,0.42968
7292.304,0.42960
7290.375,0.42924
7288.446,0.42875
7286.518,0.42838
7284.589,0.42820
7282.660,0.42815
7280.732,0.42821
7278.803,0.42825
7276.874,0.42808
7274.946,0.42779
7273.017,0.42759
7271.088,0.42748
7269.160,0.42742
7267.231,0.42733
7265.302,0.42713
7263.374,0.42675
7261.445,0.42636
7259.516,0.42616
7257.588,0.42603
7255.659,0.42590
7253.730,0.42587
7251.802,0.42584
7249.873,0.42565
7247.944,0.42541
7246.016,0.42532
7244.087,0.42532
7242.158,0.42534
7240.230,0.42536
7238.301,0.42528
7236.372,0.42500
7234.444,0.42460
7232.515,0.42430
7230.586,0.42424
7228.658,0.42430
7226.729,0.42426
7224.800,0.42397
7222.872,0.42358
7220.943,0.42333
7219.014,0.42318
7217.086,0.42306
7215.157,0.42293
7213.228,0.42279
7211.300,0.42260
7209.371,0.42233
7207.442,0.42201
7205.514,0.42177
7203.585,0.42177
7201.656,0.42179
7199.728,0.42164
7197.799,0.42147
7195.870,0.42127
7193.942,0.42092
7192.013,0.42070
7190.084,0.42073
7188.156,0.42064
7186.227,0.42039
7184.298,0.42029
7182.370,0.42023
7180.441,0.42002
7178.512,0.41987
7176.584,0.41989
7174.655,0.41994
7172.726,0.41996
7170.797,0.41992
7168.869,0.41974
7166.940,0.41937
7165.011,0.41890
7163.083,0.41854
7161.154,0.41834
7159.225,0.41830
7157.297,0.41840
7155.368,0.41850
7153.439,0.41841
7151.511,0.41819
7149.582,0.41796
7147.653,0.41762
7145.725,0.41723
7143.796,0.41709
7141.867,0.41714
7139.939,0.41709
7138.010,0.41694
7136.081,0.41676
7134.153,0.41660
7132.224,0.41651
7130.295,0.41654
7128.367,0.41647
7126.438,0.41617
7124.509,0.41591
7122.581,0.41579
7120.652,0.41558
7118.723,0.41523
7116.795,0.41496
7114.866,0.41486
7112.937,0.41485
7111.009,0.41471
7109.080,0.41450
7107.151,0.41429
7105.223,0.41407
7103.294,0.41394
7101.365,0.41380
7099.437,0.41354
7097.508,0.41331
7095.579,0.41322
7093.651,0.41312
7091.722,0.41297
7089.793,0.41290
7087.865,0.41288
7085.936,0.41278
7084.007,0.41261
7082.079,0.41247
7080.150,0.41241
7078.221,0.41241
7076.293,0.41236
7074.364,0.41222
7072.435,0.41205
7070.507,0.41194
7068.578,0.41178
7066.649,0.41156
7064.721,0.41141
7062.792,0.41133
7060.863,0.41113
7058.935,0.41084
7057.006,0.41061
7055.077,0.41048
7053.149,0.41038
7051.220,0.41029
7049.291,0.41015
7047.363,0.40998
7045.434,0.40994
7043.505,0.41000
7041.577,0.40983
7039.648,0.40939
7037.719,0.40904
7035.791,0.40893
7033.862,0.40884
7031.933,0.40872
7030.005,0.40864
7028.076,0.40846
7026.147,0.40820
7024.219,0.40811
7022.290,0.40815
7020.361,0.40810
7018.433,0.40793
7016.504,0.40773
7014.575,0.40762
7012.646,0.40752
7010.718,0.40736
7008.789,0.40718
7006.860,0.40697
7004.932,0.40669
7003.003,0.40655
7001.074,0.40653
6999.146,0.40638
6997.217,0.40615
6995.288,0.40606
6993.360,0.40593
6991.431,0.40559
6989.502,0.40529
6987.574,0.40528
6985.645,0.40536
6983.716,0.40527
6981.788,0.40510
6979.859,0.40496
6977.930,0.40473
6976.002,0.40445
6974.073,0.40431
6972.144,0.40433
6970.216,0.40436
6968.287,0.40433
6966.358,0.40419
6964.430,0.40393
6962.501,0.40361
6960.572,0.40335
6958.644,0.40319
6956.715,0.40311
6954.786,0.40305
6952.858,0.40294
6950.929,0.40278
6949.000,0.40260
6947.072,0.40235
6945.143,0.40199
6943.214,0.40165
6941.286,0.40154
6939.357,0.40155
6937.428,0.40149
6935.500,0.40132
6933.571,0.40114
6931.642,0.40098
6929.714,0.40080
6927.785,0.40066
6925.856,0.40058
6923.928,0.40053
6921.999,0.40040
6920.070,0.40004
6918.142,0.39962
6916.213,0.39948
6914.284,0.39957
6912.356,0.39955
6910.427,0.39934
6908.498,0.39915
6906.570,0.39895
6904.641,0.39867
6902.712,0.39841
6900.784,0.39826
6898.855,0.39811
6896.926,0.39797
6894.998,0.39784
6893.069,0.39772
6891.140,0.39757
6889.212,0.39741
6887.283,0.39729
6885.354,0.39719
6883.426,0.39703
6881.497,0.39684
6879.568,0.39665
6877.640,0.39647
6875.711,0.39631
6873.782,0.39612
6871.854,0.39590
6869.925,0.39569
6867.996,0.39549
6866.068,0.39531
6864.139,0.39514
6862.210,0.39493
6860.282,0.39467
6858.353,0.39445
6856.424,0.39437
6854.496,0.39433
6852.567,0.39422
6850.638,0.39409
6848.709,0.39400
6846.781,0.39388
6844.852,0.39361
6842.923,0.39325
6840.995,0.39299
6839.066,0.39283
6837.137,0.39266
6835.209,0.39243
6833.280,0.39221
6831.351,0.39203
6829.423,0.39186
6827.494,0.39171
6825.565,0.39154
6823.637,0.39134
6821.708,0.39110
6819.779,0.39085
6817.851,0.39064
6815.922,0.39049
6813.993,0.39035
6812.065,0.39024
6810.136,0.39010
6808.207,0.38990
6806.279,0.38976
6804.350,0.38966
6802.421,0.38941
6800.493,0.38906
6798.564,0.38884
6796.635,0.38872
6794.707,0.38859
6792.778,0.38838
6790.849,0.38811
6788.921,0.38789
6786.992,0.38783
6785.063,0.38783
6783.135,0.38773
6781.206,0.38753
6779.277,0.38737
6777.349,0.38725
6775.420,0.38711
6773.491,0.38689
6771.563,0.38667
6769.634,0.38657
6767.705,0.38650
6765.777,0.38634
6763.848,0.38605
6761.919,0.38564
6759.991,0.38524
6758.062,0.38501
6756.133,0.38492
6754.205,0.38484
6752.276,0.38468
6750.347,0.38450
6748.419,0.38431
6746.490,0.38402
6744.561,0.38369
6742.633,0.38362
6740.704,0.38373
6738.775,0.38373
6736.847,0.38358
6734.918,0.38340
6732.989,0.38318
6731.061,0.38298
6729.132,0.38290
6727.203,0.38285
6725.275,0.38270
6723.346,0.38246
6721.417,0.38214
6719.489,0.38185
6717.560,0.38174
6715.631,0.38175
6713.703,0.38168
6711.774,0.38149
6709.845,0.38127
6707.917,0.38111
6705.988,0.38101
6704.059,0.38096
6702.131,0.38086
6700.202,0.38061
6698.273,0.38031
6696.345,0.38006
6694.416,0.37988
6692.487,0.37972
6690.558,0.37954
6688.630,0.37934
6686.701,0.37913
6684.772,0.37894
6682.844,0.37878
6680.915,0.37869
6678.986,0.37862
6677.058,0.37850
6675.129,0.37840
6673.200,0.37832
6671.272,0.37817
6669.343,0.37794
6667.414,0.37770
6665.486,0.37752
6663.557,0.37738
6661.628,0.37721
6659.700,0.37703
6657.771,0.37688
6655.842,0.37669
6653.914,0.37635
6651.985,0.37598
6650.056,0.37578
6648.128,0.37571
6646.199,0.37561
6644.270,0.37549
6642.342,0.37535
6640.413,0.37515
6638.484,0.37500
6636.556,0.37497
6634.627,0.37490
6632.698,0.37471
6630.770,0.37449
6628.841,0.37425
6626.912,0.37397
6624.984,0.37376
6623.055,0.37366
6621.126,0.37366
6619.198,0.37368
6617.269,0.37356
6615.340,0.37325
6613.412,0.37295
6611.483,0.37280
6609.554,0.37271
6607.626,0.37260
6605.697,0.37244
6603.768,0.37221
6601.840,0.37197
6599.911,0.37177
6597.982,0.37163
6596.054,0.37148
6594.125,0.37126
6592.196,0.37097
6590.268,0.37072
6588.339,0.37056
6586.410,0.37044
6584.482,0.37028
6582.553,0.37015
6580.624,0.37009
6578.696,0.37000
6576.767,0.36978
6574.838,0.36950
6572.910,0.36929
6570.981,0.36915
6569.052,0.36902
6567.124,0.36886
6565.195,0.36866
6563.266,0.36847
6561.338,0.36835
6559.409,0.36821
6557.480,0.36799
6555.552,0.36778
6553.623,0.36764
6551.694,0.36749
6549.766,0.36732
6547.837,0.36717
6545.908,0.36700
6543.980,0.36681
6542.051,0.36668
6540.122,0.36657
6538.194,0.36639
6536.265,0.36617
6534.336,0.36603
6532.408,0.36592
6530.479,0.36579
6528.550,0.36565
6526.621,0.36548
6524.693,0.36530
6522.764,0.36519
6520.835,0.36506
6518.907,0.36480
6516.978,0.36453
6515.049,0.36439
6513.121,0.36436
6511.192,0.36431
6509.263,0.36416
6507.335,0.36398
6505.406,0.36382
6503.477,0.36365
6501.549,0.36347
6499.620,0.36331
6497.691,0.36315
6495.763,0.36297
6493.834,0.36283
6491.905,0.36274
6489.977,0.36258
6488.048,0.36233
6486.119,0.36206
6484.191,0.36184
6482.262,0.36170
6480.333,0.36163
6478.405,0.36152
6476.476,0.36137
6474.547,0.36121
6472.619,0.36103
6470.690,0.36079
6468.761,0.36058
6466.833,0.36044
6464.904,0.36030
6462.975,0.36019
6461.047,0.36007
6459.118,0.35996
6457.189,0.35990
6455.261,0.35983
6453.332,0.35967
6451.403,0.35947
6449.475,0.35925
6447.546,0.35903
6445.617,0.35886
6443.689,0.35871
6441.760,0.35857
6439.831,0.35838
6437.903,0.35815
6435.974,0.35799
6434.045,0.35793
6432.117,0.35787
6430.188,0.35769
6428.259,0.35741
6426.331,0.35713
6424.402,0.35698
6422.473,0.35693
6420.545,0.35684
6418.616,0.35667
6416.687,0.35650
6414.759,0.35637
6412.830,0.35619
6410.901,0.35599
6408.973,0.35583
6407.044,0.35571
6405.115,0.35552
6403.187,0.35526
6401.258,0.35497
6399.329,0.35472
6397.401,0.35460
6395.472,0.35452
6393.543,0.35437
6391.615,0.35421
6389.686,0.35405
6387.757,0.35391
6385.829,0.35377
6383.900,0.35359
6381.971,0.35343
6380.043,0.35331
6378.114,0.35319
6376.185,0.35304
6374.257,0.35289
6372.328,0.35278
6370.399,0.35268
6368.471,0.35257
6366.542,0.35241
6364.613,0.35218
6362.684,0.35193
6360.756,0.35171
6358.827,0.35156
6356.898,0.35144
6354.970,0.35130
6353.041,0.35116
6351.112,0.35102
6349.184,0.35086
6347.255,0.35070
6345.326,0.35058
6343.398,0.35047
6341.469,0.35034
6339.540,0.35018
6337.612,0.34999
6335.683,0.34977
6333.754,0.34956
6331.826,0.34937
6329.897,0.34922
6327.968,0.34910
6326.040,0.34899
6324.111,0.34884
6322.182,0.34872
6320.254,0.34866
6318.325,0.34860
6316.396,0.34848
6314.468,0.34827
6312.539,0.34801
6310.610,0.34781
6308.682,0.34767
6306.753,0.34752
6304.824,0.34736
6302.896,0.34718
6300.967,0.34696
6299.038,0.34676
6297.110,0.34663
6295.181,0.34652
6293.252,0.34644
6291.324,0.34633
6289.395,0.34617
6287.466,0.34596
6285.538,0.34578
6283.609,0.34566
6281.680,0.34557
6279.752,0.34544
6277.823,0.34525
6275.894,0.34507
6273.966,0.34492
6272.037,0.34485
6270.108,0.34482
6268.180,0.34471
6266.251,0.34451
6264.322,0.34431
6262.394,0.34415
6260.465,0.34400
6258.536,0.34384
6256.608,0.34366
6254.679,0.34351
6252.750,0.34341
6250.822,0.34327
6248.893,0.34302
6246.964,0.34276
6245.036,0.34255
6243.107,0.34241
6241.178,0.34230
6239.250,0.34213
6237.321,0.34194
6235.392,0.34181
6233.464,0.34175
6231.535,0.34168
6229.606,0.34155
6227.678,0.34139
6225.749,0.34129
6223.820,0.34122
6221.892,0.34109
6219.963,0.34090
6218.034,0.34072
6216.106,0.34059
6214.177,0.34044
6212.248,0.34031
6210.320,0.34021
6208.391,0.34009
6206.462,0.33995
6204.533,0.33985
6202.605,0.33976
6200.676,0.33960
6198.747,0.33943
6196.819,0.33934
6194.890,0.33923
6192.961,0.33906
6191.033,0.33898
6189.104,0.33899
6187.175,0.33897
6185.247,0.33890
6183.318,0.33879
6181.389,0.33868
6179.461,0.33857
6177.532,0.33847
6175.603,0.33846
6173.675,0.33858
6171.746,0.33872
6169.817,0.33884
6167.889,0.33907
6165.960,0.33945
6164.031,0.33997
6162.103,0.34061
6160.174,0.34134
6158.245,0.34215
6156.317,0.34313
6154.388,0.34413
6152.459,0.34483
6150.531,0.34495
6148.602,0.34443
6146.673,0.34348
6144.745,0.34250
6142.816,0.34178
6140.887,0.34136
6138.959,0.34123
6137.030,0.34144
6135.101,0.34199
6133.173,0.34256
6131.244,0.34265
6129.315,0.34198
6127.387,0.34078
6125.458,0.33944
6123.529,0.33816
6121.601,0.33703
6119.672,0.33612
6117.743,0.33539
6115.815,0.33478
6113.886,0.33431
6111.957,0.33397
6110.029,0.33360
6108.100,0.33310
6106.171,0.33267
6104.243,0.33240
6102.314,0.33221
6100.385,0.33207
6098.457,0.33195
6096.528,0.33175
6094.599,0.33147
6092.671,0.33119
6090.742,0.33091
6088.813,0.33063
6086.885,0.33035
6084.956,0.33010
6083.027,0.32989
6081.099,0.32970
6079.170,0.32957
6077.241,0.32950
6075.313,0.32941
6073.384,0.32930
6071.455,0.32921
6069.527,0.32919
6067.598,0.32919
6065.669,0.32921
6063.741,0.32932
6061.812,0.32947
6059.883,0.32948
6057.955,0.32925
6056.026,0.32891
6054.097,0.32860
6052.169,0.32830
6050.240,0.32800
6048.311,0.32775
6046.383,0.32759
6044.454,0.32751
6042.525,0.32749
6040.596,0.32745
6038.668,0.32732
6036.739,0.32710
6034.810,0.32686
6032.882,0.32656
6030.953,0.32624
6029.024,0.32603
6027.096,0.32596
6025.167,0.32597
6023.238,0.32598
6021.310,0.32595
6019.381,0.32594
6017.452,0.32603
6015.524,0.32627
6013.595,0.32659
6011.666,0.32700
6009.738,0.32752
6007.809,0.32793
6005.880,0.32809
6003.952,0.32797
6002.023,0.32761
6000.094,0.32707
5998.166,0.32644
5996.237,0.32578
5994.308,0.32514
5992.380,0.32456
5990.451,0.32406
5988.522,0.32361
5986.594,0.32319
5984.665,0.32279
5982.736,0.32242
5980.808,0.32210
5978.879,0.32184
5976.950,0.32157
5975.022,0.32126
5973.093,0.32097
5971.164,0.32071
5969.236,0.32049
5967.307,0.32030
5965.378,0.32010
5963.450,0.31993
5961.521,0.31979
5959.592,0.31960
5957.664,0.31942
5955.735,0.31928
5953.806,0.31910
5951.878,0.31888
5949.949,0.31870
5948.020,0.31859
5946.092,0.31851
5944.163,0.31838
5942.234,0.31820
5940.306,0.31803
5938.377,0.31789
5936.448,0.31773
5934.520,0.31760
5932.591,0.31749
5930.662,0.31740
5928.734,0.31730
5926.805,0.31719
5924.876,0.31708
5922.948,0.31691
5921.019,0.31672
5919.090,0.31660
5917.162,0.31660
5915.233,0.31660
5913.304,0.31654
5911.376,0.31641
5909.447,0.31629
5907.518,0.31621
5905.590,0.31619
5903.661,0.31617
5901.732,0.31606
5899.804,0.31591
5897.875,0.31579
5895.946,0.31567
5894.018,0.31551
5892.089,0.31529
5890.160,0.31502
5888.232,0.31477
5886.303,0.31460
5884.374,0.31450
5882.445,0.31440
5880.517,0.31429
5878.588,0.31415
5876.659,0.31400
5874.731,0.31386
5872.802,0.31376
5870.873,0.31367
5868.945,0.31361
5867.016,0.31357
5865.087,0.31356
5863.159,0.31354
5861.230,0.31350
5859.301,0.31344
5857.373,0.31335
5855.444,0.31331
5853.515,0.31336
5851.587,0.31340
5849.658,0.31341
5847.729,0.31340
5845.801,0.31337
5843.872,0.31336
5841.943,0.31341
5840.015,0.31348
5838.086,0.31347
5836.157,0.31331
5834.229,0.31303
5832.300,0.31270
5830.371,0.31234
5828.443,0.31196
5826.514,0.31159
5824.585,0.31120
5822.657,0.31084
5820.728,0.31052
5818.799,0.31021
5816.871,0.30990
5814.942,0.30962
5813.013,0.30939
5811.085,0.30917
5809.156,0.30898
5807.227,0.30886
5805.299,0.30872
5803.370,0.30851
5801.441,0.30827
5799.513,0.30803
5797.584,0.30778
5795.655,0.30757
5793.727,0.30745
5791.798,0.30733
5789.869,0.30713
5787.941,0.30692
5786.012,0.30674
5784.083,0.30660
5782.155,0.30647
5780.226,0.30631
5778.297,0.30611
5776.369,0.30590
5774.440,0.30571
5772.511,0.30552
5770.583,0.30533
5768.654,0.30509
5766.725,0.30479
5764.797,0.30454
5762.868,0.30436
5760.939,0.30417
5759.011,0.30395
5757.082,0.30370
5755.153,0.30345
5753.225,0.30326
5751.296,0.30310
5749.367,0.30295
5747.439,0.30281
5745.510,0.30267
5743.581,0.30251
5741.653,0.30234
5739.724,0.30218
5737.795,0.30204
5735.867,0.30191
5733.938,0.30178
5732.009,0.30163
5730.081,0.30149
5728.152,0.30135
5726.223,0.30124
5724.295,0.30118
5722.366,0.30117
5720.437,0.30113
5718.508,0.30103
5716.580,0.30097
5714.651,0.30100
5712.722,0.30107
5710.794,0.30113
5708.865,0.30118
5706.936,0.30128
5705.008,0.30145
5703.079,0.30165
5701.150,0.30179
5699.222,0.30178
5697.293,0.30160
5695.364,0.30119
5693.436,0.30064
5691.507,0.30011
5689.578,0.29960
5687.650,0.29917
5685.721,0.29885
5683.792,0.29857
5681.864,0.29831
5679.935,0.29812
5678.006,0.29794
5676.078,0.29775
5674.149,0.29755
5672.220,0.29737
5670.292,0.29718
5668.363,0.29695
5666.434,0.29669
5664.506,0.29643
5662.577,0.29622
5660.648,0.29603
5658.720,0.29581
5656.791,0.29557
5654.862,0.29535
5652.934,0.29515
5651.005,0.29491
5649.076,0.29465
5647.148,0.29442
5645.219,0.29427
5643.290,0.29413
5641.362,0.29391
5639.433,0.29366
5637.504,0.29348
5635.576,0.29334
5633.647,0.29316
5631.718,0.29294
5629.790,0.29275
5627.861,0.29258
5625.932,0.29244
5624.004,0.29230
5622.075,0.29213
5620.146,0.29193
5618.218,0.29177
5616.289,0.29166
5614.360,0.29152
5612.432,0.29136
5610.503,0.29118
5608.574,0.29101
5606.646,0.29088
5604.717,0.29077
5602.788,0.29060
5600.860,0.29039
5598.931,0.29019
5597.002,0.29001
5595.074,0.28986
5593.145,0.28966
5591.216,0.28941
5589.288,0.28919
5587.359,0.28900
5585.430,0.28879
5583.502,0.28857
5581.573,0.28840
5579.644,0.28826
5577.716,0.28809
5575.787,0.28786
5573.858,0.28761
5571.930,0.28743
5570.001,0.28732
5568.072,0.28721
5566.144,0.28709
5564.215,0.28694
5562.286,0.28678
5560.357,0.28660
5558.429,0.28643
5556.500,0.28627
5554.571,0.28610
5552.643,0.28594
5550.714,0.28577
5548.785,0.28558
5546.857,0.28541
5544.928,0.28527
5542.999,0.28516
5541.071,0.28502
5539.142,0.28484
5537.213,0.28464
5535.285,0.28443
5533.356,0.28429
5531.427,0.28417
5529.499,0.28401
5527.570,0.28383
5525.641,0.28371
5523.713,0.28361
5521.784,0.28347
5519.855,0.28330
5517.927,0.28314
5515.998,0.28300
5514.069,0.28283
5512.141,0.28265
5510.212,0.28252
5508.283,0.28242
5506.355,0.28232
5504.426,0.28221
5502.497,0.28210
5500.569,0.28202
5498.640,0.28191
5496.711,0.28174
5494.783,0.28154
5492.854,0.28136
5490.925,0.28119
5488.997,0.28098
5487.068,0.28074
5485.139,0.28051
5483.211,0.28028
5481.282,0.28006
5479.353,0.27986
5477.425,0.27967
5475.496,0.27949
5473.567,0.27932
5471.639,0.27915
5469.710,0.27897
5467.781,0.27877
5465.853,0.27856
5463.924,0.27837
5461.995,0.27822
5460.067,0.27810
5458.138,0.27798
5456.209,0.27782
5454.281,0.27763
5452.352,0.27743
5450.423,0.27726
5448.495,0.27711
5446.566,0.27694
5444.637,0.27677
5442.709,0.27662
5440.780,0.27649
5438.851,0.27637
5436.923,0.27621
5434.994,0.27601
5433.065,0.27584
5431.137,0.27568
5429.208,0.27552
5427.279,0.27540
5425.351,0.27530
5423.422,0.27517
5421.493,0.27498
5419.565,0.27481
5417.636,0.27466
5415.707,0.27451
5413.779,0.27439
5411.850,0.27430
5409.921,0.27419
5407.993,0.27402
5406.064,0.27383
5404.135,0.27366
5402.207,0.27350
5400.278,0.27333
5398.349,0.27316
5396.420,0.27299
5394.492,0.27283
5392.563,0.27267
5390.634,0.27253
5388.706,0.27238
5386.777,0.27222
5384.848,0.27208
5382.920,0.27194
5380.991,0.27176
5379.062,0.27158
5377.134,0.27142
5375.205,0.27129
5373.276,0.27118
5371.348,0.27107
5369.419,0.27092
5367.490,0.27073
5365.562,0.27055
5363.633,0.27040
5361.704,0.27026
5359.776,0.27009
5357.847,0.26991
5355.918,0.26976
5353.990,0.26965
5352.061,0.26956
5350.132,0.26943
5348.204,0.26926
5346.275,0.26910
5344.346,0.26897
5342.418,0.26883
5340.489,0.26865
5338.560,0.26848
5336.632,0.26834
5334.703,0.26818
5332.774,0.26800
5330.846,0.26784
5328.917,0.26772
5326.988,0.26759
5325.060,0.26744
5323.131,0.26725
5321.202,0.26704
5319.274,0.26688
5317.345,0.26677
5315.416,0.26666
5313.488,0.26652
5311.559,0.26634
5309.630,0.26611
5307.702,0.26591
5305.773,0.26580
5303.844,0.26571
5301.916,0.26555
5299.987,0.26536
5298.058,0.26519
5296.130,0.26503
5294.201,0.26487
5292.272,0.26471
5290.344,0.26458
5288.415,0.26449
5286.486,0.26436
5284.558,0.26418
5282.629,0.26401
5280.700,0.26387
5278.772,0.26373
5276.843,0.26359
5274.914,0.26345
5272.986,0.26331
5271.057,0.26317
5269.128,0.26302
5267.200,0.26288
5265.271,0.26274
5263.342,0.26259
5261.414,0.26244
5259.485,0.26230
5257.556,0.26216
5255.628,0.26202
5253.699,0.26186
5251.770,0.26174
5249.842,0.26164
5247.913,0.26149
5245.984,0.26133
5244.056,0.26120
5242.127,0.26107
5240.198,0.26092
5238.269,0.26077
5236.341,0.26063
5234.412,0.26048
5232.483,0.26035
5230.555,0.26021
5228.626,0.26009
5226.697,0.25997
5224.769,0.25985
5222.840,0.25968
5220.911,0.25949
5218.983,0.25932
5217.054,0.25915
5215.125,0.25899
5213.197,0.25886
5211.268,0.25873
5209.339,0.25859
5207.411,0.25846
5205.482,0.25834
5203.553,0.25821
5201.625,0.25805
5199.696,0.25784
5197.767,0.25761
5195.839,0.25743
5193.910,0.25730
5191.981,0.25718
5190.053,0.25705
5188.124,0.25690
5186.195,0.25674
5184.267,0.25660
5182.338,0.25645
5180.409,0.25630
5178.481,0.25618
5176.552,0.25604
5174.623,0.25587
5172.695,0.25571
5170.766,0.25561
5168.837,0.25552
5166.909,0.25540
5164.980,0.25524
5163.051,0.25504
5161.123,0.25482
5159.194,0.25466
5157.265,0.25452
5155.337,0.25437
5153.408,0.25424
5151.479,0.25411
5149.551,0.25394
5147.622,0.25375
5145.693,0.25359
5143.765,0.25344
5141.836,0.25327
5139.907,0.25310
5137.979,0.25293
5136.050,0.25277
5134.121,0.25262
5132.193,0.25248
5130.264,0.25232
5128.335,0.25214
5126.407,0.25199
5124.478,0.25187
5122.549,0.25176
5120.621,0.25165
5118.692,0.25150
5116.763,0.25133
5114.835,0.25115
5112.906,0.25097
5110.977,0.25080
5109.049,0.25064
5107.120,0.25049
5105.191,0.25036
5103.263,0.25023
5101.334,0.25013
5099.405,0.25001
5097.477,0.24982
5095.548,0.24963
5093.619,0.24950
5091.691,0.24939
5089.762,0.24926
5087.833,0.24911
5085.905,0.24895
5083.976,0.24884
5082.047,0.24874
5080.119,0.24858
5078.190,0.24840
5076.261,0.24826
5074.332,0.24814
5072.404,0.24800
5070.475,0.24782
5068.546,0.24763
5066.618,0.24746
5064.689,0.24729
5062.760,0.24713
5060.832,0.24695
5058.903,0.24680
5056.974,0.24665
5055.046,0.24650
5053.117,0.24637
5051.188,0.24624
5049.260,0.24610
5047.331,0.24595
5045.402,0.24579
5043.474,0.24560
5041.545,0.24544
5039.616,0.24531
5037.688,0.24516
5035.759,0.24499
5033.830,0.24482
5031.902,0.24467
5029.973,0.24451
5028.044,0.24439
5026.116,0.24429
5024.187,0.24418
5022.258,0.24407
5020.330,0.24394
5018.401,0.24379
5016.472,0.24361
5014.544,0.24344
5012.615,0.24330
5010.686,0.24318
5008.758,0.24306
5006.829,0.24292
5004.900,0.24277
5002.972,0.24263
5001.043,0.24252
4999.114,0.24240
4997.186,0.24225
4995.257,0.24204
4993.328,0.24183
4991.400,0.24167
4989.471,0.24153
4987.542,0.24139
4985.614,0.24128
4983.685,0.24115
4981.756,0.24098
4979.828,0.24083
4977.899,0.24071
4975.970,0.24061
4974.042,0.24052
4972.113,0.24041
4970.184,0.24027
4968.256,0.24009
4966.327,0.23991
4964.398,0.23977
4962.470,0.23968
4960.541,0.23957
4958.612,0.23941
4956.684,0.23924
4954.755,0.23910
4952.826,0.23898
4950.898,0.23887
4948.969,0.23875
4947.040,0.23860
4945.112,0.23843
4943.183,0.23829
4941.254,0.23816
4939.326,0.23802
4937.397,0.23785
4935.468,0.23767
4933.540,0.23750
4931.611,0.23738
4929.682,0.23729
4927.754,0.23716
4925.825,0.23700
4923.896,0.23680
4921.968,0.23663
4920.039,0.23648
4918.110,0.23632
4916.181,0.23617
4914.253,0.23607
4912.324,0.23595
4910.395,0.23580
4908.467,0.23563
4906.538,0.23547
4904.609,0.23533
4902.681,0.23521
4900.752,0.23507
4898.823,0.23488
4896.895,0.23468
4894.966,0.23453
4893.037,0.23440
4891.109,0.23424
4889.180,0.23411
4887.251,0.23399
4885.323,0.23382
4883.394,0.23365
4881.465,0.23352
4879.537,0.23340
4877.608,0.23326
4875.679,0.23314
4873.751,0.23301
4871.822,0.23283
4869.893,0.23266
4867.965,0.23252
4866.036,0.23240
4864.107,0.23229
4862.179,0.23215
4860.250,0.23201
4858.321,0.23188
4856.393,0.23174
4854.464,0.23159
4852.535,0.23144
4850.607,0.23128
4848.678,0.23111
4846.749,0.23097
4844.821,0.23084
4842.892,0.23072
4840.963,0.23061
4839.035,0.23047
4837.106,0.23025
4835.177,0.23003
4833.249,0.22985
4831.320,0.22971
4829.391,0.22958
4827.463,0.22946
4825.534,0.22931
4823.605,0.22913
4821.677,0.22898
4819.748,0.22886
4817.819,0.22873
4815.891,0.22858
4813.962,0.22841
4812.033,0.22821
4810.105,0.22805
4808.176,0.22792
4806.247,0.22777
4804.319,0.22761
4802.390,0.22746
4800.461,0.22731
4798.533,0.22718
4796.604,0.22709
4794.675,0.22696
4792.747,0.22679
4790.818,0.22661
4788.889,0.22643
4786.961,0.22629
4785.032,0.22617
4783.103,0.22604
4781.175,0.22591
4779.246,0.22581
4777.317,0.22568
4775.389,0.22552
4773.460,0.22539
4771.531,0.22530
4769.603,0.22517
4767.674,0.22500
4765.745,0.22486
4763.817,0.22473
4761.888,0.22461
4759.959,0.22450
4758.031,0.22439
4756.102,0.22425
4754.173,0.22410
4752.244,0.22395
4750.316,0.22378
4748.387,0.22360
4746.458,0.22345
4744.530,0.22333
4742.601,0.22321
4740.672,0.22307
4738.744,0.22289
4736.815,0.22269
4734.886,0.22251
4732.958,0.22237
4731.029,0.22227
4729.100,0.22216
4727.172,0.22203
4725.243,0.22190
4723.314,0.22179
4721.386,0.22167
4719.457,0.22152
4717.528,0.22135
4715.600,0.22119
4713.671,0.22105
4711.742,0.22095
4709.814,0.22085
4707.885,0.22074
4705.956,0.22058
4704.028,0.22040
4702.099,0.22025
4700.170,0.22011
4698.242,0.21999
4696.313,0.21989
4694.384,0.21977
4692.456,0.21963
4690.527,0.21949
4688.598,0.21937
4686.670,0.21925
4684.741,0.21913
4682.812,0.21902
4680.884,0.21890
4678.955,0.21873
4677.026,0.21855
4675.098,0.21839
4673.169,0.21827
4671.240,0.21818
4669.312,0.21806
4667.383,0.21791
4665.454,0.21774
4663.526,0.21756
4661.597,0.21739
4659.668,0.21722
4657.740,0.21708
4655.811,0.21698
4653.882,0.21685
4651.954,0.21672
4650.025,0.21659
4648.096,0.21646
4646.168,0.21633
4644.239,0.21617
4642.310,0.21599
4640.382,0.21583
4638.453,0.21570
4636.524,0.21557
4634.596,0.21542
4632.667,0.21525
4630.738,0.21506
4628.810,0.21489
4626.881,0.21475
4624.952,0.21465
4623.024,0.21453
4621.095,0.21440
4619.166,0.21429
4617.238,0.21423
4615.309,0.21415
4613.380,0.21405
4611.452,0.21398
4609.523,0.21394
4607.594,0.21387
4605.666,0.21375
4603.737,0.21361
4601.808,0.21345
4599.880,0.21329
4597.951,0.21313
4596.022,0.21296
4594.093,0.21278
4592.165,0.21259
4590.236,0.21241
4588.307,0.21227
4586.379,0.21216
4584.450,0.21203
4582.521,0.21189
4580.593,0.21176
4578.664,0.21165
4576.735,0.21153
4574.807,0.21141
4572.878,0.21130
4570.949,0.21117
4569.021,0.21103
4567.092,0.21089
4565.163,0.21075
4563.235,0.21061
4561.306,0.21048
4559.377,0.21033
4557.449,0.21016
4555.520,0.21001
4553.591,0.20991
4551.663,0.20984
4549.734,0.20973
4547.805,0.20962
4545.877,0.20954
4543.948,0.20946
4542.019,0.20934
4540.091,0.20923
4538.162,0.20918
4536.233,0.20921
4534.305,0.20923
4532.376,0.20922
4530.447,0.20916
4528.519,0.20905
4526.590,0.20889
4524.661,0.20875
4522.733,0.20868
4520.804,0.20867
4518.875,0.20869
4516.947,0.20867
4515.018,0.20859
4513.089,0.20845
4511.161,0.20833
4509.232,0.20828
4507.303,0.20834
4505.375,0.20854
4503.446,0.20888
4501.517,0.20932
4499.589,0.20992
4497.660,0.21083
4495.731,0.21200
4493.803,0.21312
4491.874,0.21374
4489.945,0.21369
4488.017,0.21322
4486.088,0.21272
4484.159,0.21240
4482.231,0.21210
4480.302,0.21153
4478.373,0.21058
4476.445,0.20948
4474.516,0.20857
4472.587,0.20799
4470.659,0.20775
4468.730,0.20780
4466.801,0.20805
4464.873,0.20846
4462.944,0.20892
4461.015,0.20930
4459.087,0.20949
4457.158,0.20949
4455.229,0.20935
4453.301,0.20911
4451.372,0.20882
4449.443,0.20846
4447.515,0.20802
4445.586,0.20754
4443.657,0.20704
4441.729,0.20655
4439.800,0.20614
4437.871,0.20586
4435.943,0.20570
4434.014,0.20568
4432.085,0.20579
4430.156,0.20605
4428.228,0.20648
4426.299,0.20698
4424.370,0.20750
4422.442,0.20807
4420.513,0.20879
4418.584,0.20962
4416.656,0.21039
4414.727,0.21086
4412.798,0.21095
4410.870,0.21086
4408.941,0.21085
4407.012,0.21096
4405.084,0.21110
4403.155,0.21122
4401.226,0.21120
4399.298,0.21090
4397.369,0.21032
4395.440,0.20962
4393.512,0.20896
4391.583,0.20850
4389.654,0.20827
4387.726,0.20825
4385.797,0.20837
4383.868,0.20856
4381.940,0.20874
4380.011,0.20881
4378.082,0.20859
4376.154,0.20797
4374.225,0.20705
4372.296,0.20603
4370.368,0.20503
4368.439,0.20413
4366.510,0.20334
4364.582,0.20268
4362.653,0.20217
4360.724,0.20179
4358.796,0.20156
4356.867,0.20151
4354.938,0.20162
4353.010,0.20188
4351.081,0.20231
4349.152,0.20292
4347.224,0.20366
4345.295,0.20445
4343.366,0.20517
4341.438,0.20574
4339.509,0.20615
4337.580,0.20641
4335.652,0.20647
4333.723,0.20633
4331.794,0.20605
4329.866,0.20573
4327.937,0.20565
4326.008,0.20606
4324.080,0.20701
4322.151,0.20828
4320.222,0.20930
4318.294,0.20946
4316.365,0.20873
4314.436,0.20778
4312.508,0.20721
4310.579,0.20692
4308.650,0.20643
4306.722,0.20552
4304.793,0.20443
4302.864,0.20350
4300.936,0.20291
4299.007,0.20263
4297.078,0.20258
4295.150,0.20273
4293.221,0.20302
4291.292,0.20331
4289.364,0.20343
4287.435,0.20329
4285.506,0.20296
4283.578,0.20253
4281.649,0.20203
4279.720,0.20140
4277.792,0.20066
4275.863,0.19982
4273.934,0.19894
4272.005,0.19812
4270.077,0.19739
4268.148,0.19671
4266.219,0.19610
4264.291,0.19557
4262.362,0.19513
4260.433,0.19478
4258.505,0.19455
4256.576,0.19441
4254.647,0.19431
4252.719,0.19418
4250.790,0.19391
4248.861,0.19347
4246.933,0.19296
4245.004,0.19246
4243.075,0.19202
4241.147,0.19169
4239.218,0.19143
4237.289,0.19119
4235.361,0.19099
4233.432,0.19084
4231.503,0.19074
4229.575,0.19068
4227.646,0.19069
4225.717,0.19077
4223.789,0.19084
4221.860,0.19090
4219.931,0.19098
4218.003,0.19107
4216.074,0.19115
4214.145,0.19114
4212.217,0.19102
4210.288,0.19088
4208.359,0.19079
4206.431,0.19077
4204.502,0.19082
4202.573,0.19084
4200.645,0.19078
4198.716,0.19066
4196.787,0.19051
4194.859,0.19029
4192.930,0.18998
4191.001,0.18960
4189.073,0.18922
4187.144,0.18887
4185.215,0.18853
4183.287,0.18820
4181.358,0.18793
4179.429,0.18768
4177.501,0.18741
4175.572,0.18713
4173.643,0.18690
4171.715,0.18669
4169.786,0.18647
4167.857,0.18626
4165.929,0.18604
4164.000,0.18583
4162.071,0.18565
4160.143,0.18546
4158.214,0.18527
4156.285,0.18509
4154.357,0.18492
4152.428,0.18474
4150.499,0.18455
4148.571,0.18438
4146.642,0.18419
4144.713,0.18400
4142.785,0.18385
4140.856,0.18373
4138.927,0.18361
4136.999,0.18351
4135.070,0.18340
4133.141,0.18330
4131.213,0.18320
4129.284,0.18309
4127.355,0.18297
4125.427,0.18286
4123.498,0.18278
4121.569,0.18276
4119.641,0.18280
4117.712,0.18287
4115.783,0.18300
4113.855,0.18319
4111.926,0.18338
4109.997,0.18356
4108.068,0.18374
4106.140,0.18386
4104.211,0.18387
4102.282,0.18384
4100.354,0.18382
4098.425,0.18383
4096.496,0.18383
4094.568,0.18377
4092.639,0.18358
4090.710,0.18330
4088.782,0.18296
4086.853,0.18256
4084.924,0.18214
4082.996,0.18175
4081.067,0.18138
4079.138,0.18103
4077.210,0.18070
4075.281,0.18035
4073.352,0.17998
4071.424,0.17961
4069.495,0.17926
4067.566,0.17892
4065.638,0.17861
4063.709,0.17833
4061.780,0.17806
4059.852,0.17782
4057.923,0.17760
4055.994,0.17740
4054.066,0.17722
4052.137,0.17705
4050.208,0.17689
4048.280,0.17675
4046.351,0.17667
4044.422,0.17661
4042.494,0.17654
4040.565,0.17648
4038.636,0.17644
4036.708,0.17642
4034.779,0.17644
4032.850,0.17647
4030.922,0.17655
4028.993,0.17669
4027.064,0.17688
4025.136,0.17707
4023.207,0.17724
4021.278,0.17731
4019.350,0.17724
4017.421,0.17708
4015.492,0.17690
4013.564,0.17672
4011.635,0.17658
4009.706,0.17644
4007.778,0.17625
4005.849,0.17605
4003.920,0.17589
4001.992,0.17581
4000.063,0.17581
3998.134,0.17591
3996.206,0.17604
3994.277,0.17613
3992.348,0.17615
3990.420,0.17607
3988.491,0.17589
3986.562,0.17565
3984.634,0.17535
3982.705,0.17499
3980.776,0.17463
3978.848,0.17423
3976.919,0.17378
3974.990,0.17330
3973.062,0.17287
3971.133,0.17252
3969.204,0.17223
3967.276,0.17200
3965.347,0.17181
3963.418,0.17167
3961.490,0.17154
3959.561,0.17142
3957.632,0.17127
3955.704,0.17110
3953.775,0.17091
3951.846,0.17071
3949.917,0.17053
3947.989,0.17033
3946.060,0.17010
3944.131,0.16986
3942.203,0.16963
3940.274,0.16948
3938.345,0.16937
3936.417,0.16930
3934.488,0.16925
3932.559,0.16924
3930.631,0.16921
3928.702,0.16915
3926.773,0.16907
3924.845,0.16899
3922.916,0.16892
3920.987,0.16881
3919.059,0.16862
3917.130,0.16835
3915.201,0.16808
3913.273,0.16785
3911.344,0.16763
3909.415,0.16738
3907.487,0.16709
3905.558,0.16677
3903.629,0.16650
3901.701,0.16632
3899.772,0.16618
3897.843,0.16607
3895.915,0.16596
3893.986,0.16583
3892.057,0.16571
3890.129,0.16562
3888.200,0.16549
3886.271,0.16536
3884.343,0.16525
3882.414,0.16511
3880.485,0.16494
3878.557,0.16478
3876.628,0.16461
3874.699,0.16443
3872.771,0.16426
3870.842,0.16408
3868.913,0.16393
3866.985,0.16384
3865.056,0.16376
3863.127,0.16369
3861.199,0.16361
3859.270,0.16347
3857.341,0.16322
3855.413,0.16293
3853.484,0.16272
3851.555,0.16263
3849.627,0.16257
3847.698,0.16245
3845.769,0.16225
3843.841,0.16204
3841.912,0.16187
3839.983,0.16172
3838.055,0.16164
3836.126,0.16160
3834.197,0.16157
3832.269,0.16153
3830.340,0.16146
3828.411,0.16131
3826.483,0.16113
3824.554,0.16095
3822.625,0.16073
3820.697,0.16055
3818.768,0.16045
3816.839,0.16037
3814.911,0.16033
3812.982,0.16028
3811.053,0.16012
3809.125,0.15987
3807.196,0.15968
3805.267,0.15956
3803.339,0.15942
3801.410,0.15930
3799.481,0.15923
3797.553,0.15914
3795.624,0.15903
3793.695,0.15895
3791.767,0.15883
3789.838,0.15869
3787.909,0.15852
3785.980,0.15831
3784.052,0.15808
3782.123,0.15787
3780.194,0.15768
3778.266,0.15753
3776.337,0.15742
3774.408,0.15729
3772.480,0.15711
3770.551,0.15696
3768.622,0.15686
3766.694,0.15676
3764.765,0.15667
3762.836,0.15659
3760.908,0.15648
3758.979,0.15639
3757.050,0.15632
3755.122,0.15619
3753.193,0.15600
3751.264,0.15586
3749.336,0.15576
3747.407,0.15564
3745.478,0.15549
3743.550,0.15543
3741.621,0.15540
3739.692,0.15528
3737.764,0.15507
3735.835,0.15489
3733.906,0.15479
3731.978,0.15471
3730.049,0.15460
3728.120,0.15448
3726.192,0.15436
3724.263,0.15424
3722.334,0.15414
3720.406,0.15406
3718.477,0.15398
3716.548,0.15390
3714.620,0.15381
3712.691,0.15369
3710.762,0.15362
3708.834,0.15363
3706.905,0.15365
3704.976,0.15363
3703.048,0.15355
3701.119,0.15345
3699.190,0.15335
3697.262,0.15327
3695.333,0.15316
3693.404,0.15303
3691.476,0.15291
3689.547,0.15284
3687.618,0.15286
3685.690,0.15296
3683.761,0.15303
3681.832,0.15307
3679.904,0.15313
3677.975,0.15317
3676.046,0.15320
3674.118,0.15328
3672.189,0.15336
3670.260,0.15340
3668.332,0.15346
3666.403,0.15349
3664.474,0.15344
3662.546,0.15337
3660.617,0.15330
3658.688,0.15322
3656.760,0.15312
3654.831,0.15303
3652.902,0.15289
3650.974,0.15272
3649.045,0.15262
3647.116,0.15257
3645.188,0.15252
3643.259,0.15249
3641.330,0.15244
3639.402,0.15235
3637.473,0.15228
3635.544,0.15223
3633.616,0.15217
3631.687,0.15211
3629.758,0.15206
3627.830,0.15205
3625.901,0.15211
3623.972,0.15218
3622.043,0.15219
3620.115,0.15220
3618.186,0.15224
3616.257,0.15228
3614.329,0.15230
3612.400,0.15235
3610.471,0.15240
3608.543,0.15247
3606.614,0.15258
3604.685,0.15264
3602.757,0.15262
3600.828,0.15259
3598.899,0.15258
3596.971,0.15257
3595.042,0.15259
3593.113,0.15263
3591.185,0.15261
3589.256,0.15258
3587.327,0.15259
3585.399,0.15262
3583.470,0.15265
3581.541,0.15266
3579.613,0.15261
3577.684,0.15256
3575.755,0.15257
3573.827,0.15261
3571.898,0.15263
3569.969,0.15263
3568.041,0.15264
3566.112,0.15267
3564.183,0.15277
3562.255,0.15285
3560.326,0.15292
3558.397,0.15300
3556.469,0.15308
3554.540,0.15312
3552.611,0.15317
3550.683,0.15325
3548.754,0.15333
3546.825,0.15343
3544.897,0.15357
3542.968,0.15372
3541.039,0.15387
3539.111,0.15401
3537.182,0.15409
3535.253,0.15410
3533.325,0.15406
3531.396,0.15395
3529.467,0.15381
3527.539,0.15370
3525.610,0.15363
3523.681,0.15356
3521.753,0.15351
3519.824,0.15345
3517.895,0.15336
3515.967,0.15329
3514.038,0.15328
3512.109,0.15328
3510.181,0.15326
3508.252,0.15324
3506.323,0.15323
3504.395,0.15322
3502.466,0.15324
3500.537,0.15329
3498.609,0.15335
3496.680,0.15344
3494.751,0.15355
3492.823,0.15365
3490.894,0.15376
3488.965,0.15387
3487.037,0.15395
3485.108,0.15400
3483.179,0.15405
3481.251,0.15407
3479.322,0.15410
3477.393,0.15413
3475.465,0.15416
3473.536,0.15419
3471.607,0.15423
3469.679,0.15429
3467.750,0.15434
3465.821,0.15442
3463.892,0.15446
3461.964,0.15442
3460.035,0.15432
3458.106,0.15418
3456.178,0.15401
3454.249,0.15388
3452.320,0.15381
3450.392,0.15377
3448.463,0.15373
3446.534,0.15365
3444.606,0.15353
3442.677,0.15343
3440.748,0.15336
3438.820,0.15325
3436.891,0.15312
3434.962,0.15299
3433.034,0.15283
3431.105,0.15265
3429.176,0.15253
3427.248,0.15247
3425.319,0.15244
3423.390,0.15249
3421.462,0.15257
3419.533,0.15261
3417.604,0.15261
3415.676,0.15254
3413.747,0.15234
3411.818,0.15205
3409.890,0.15167
3407.961,0.15121
3406.032,0.15076
3404.104,0.15034
3402.175,0.14993
3400.246,0.14954
3398.318,0.14917
3396.389,0.14879
3394.460,0.14843
3392.532,0.14815
3390.603,0.14789
3388.674,0.14762
3386.746,0.14738
3384.817,0.14717
3382.888,0.14697
3380.960,0.14680
3379.031,0.14666
3377.102,0.14644
3375.174,0.14618
3373.245,0.14591
3371.316,0.14564
3369.388,0.14537
3367.459,0.14512
3365.530,0.14486
3363.602,0.14458
3361.673,0.14433
3359.744,0.14407
3357.816,0.14383
3355.887,0.14363
3353.958,0.14345
3352.030,0.14324
3350.101,0.14302
3348.172,0.14277
3346.244,0.14246
3344.315,0.14213
3342.386,0.14177
3340.458,0.14139
3338.529,0.14105
3336.600,0.14077
3334.672,0.14052
3332.743,0.14031
3330.814,0.14013
3328.886,0.13995
3326.957,0.13980
3325.028,0.13971
3323.100,0.13962
3321.171,0.13952
3319.242,0.13939
3317.314,0.13920
3315.385,0.13896
3313.456,0.13869
3311.528,0.13840
3309.599,0.13812
3307.670,0.13785
3305.742,0.13762
3303.813,0.13742
3301.884,0.13724
3299.955,0.13704
3298.027,0.13684
3296.098,0.13665
3294.169,0.13645
3292.241,0.13621
3290.312,0.13596
3288.383,0.13573
3286.455,0.13551
3284.526,0.13531
3282.597,0.13514
3280.669,0.13497
3278.740,0.13479
3276.811,0.13461
3274.883,0.13443
3272.954,0.13426
3271.025,0.13413
3269.097,0.13398
3267.168,0.13382
3265.239,0.13365
3263.311,0.13347
3261.382,0.13330
3259.453,0.13314
3257.525,0.13301
3255.596,0.13290
3253.667,0.13280
3251.739,0.13270
3249.810,0.13257
3247.881,0.13241
3245.953,0.13224
3244.024,0.13206
3242.095,0.13190
3240.167,0.13174
3238.238,0.13156
3236.309,0.13143
3234.381,0.13131
3232.452,0.13118
3230.523,0.13106
3228.595,0.13095
3226.666,0.13085
3224.737,0.13077
3222.809,0.13070
3220.880,0.13060
3218.951,0.13051
3217.023,0.13045
3215.094,0.13038
3213.165,0.13029
3211.237,0.13022
3209.308,0.13014
3207.379,0.13005
3205.451,0.12997
3203.522,0.12991
3201.593,0.12987
3199.665,0.12989
3197.736,0.12994
3195.807,0.13005
3193.879,0.13025
3191.950,0.13052
3190.021,0.13083
3188.093,0.13120
3186.164,0.13163
3184.235,0.13208
3182.307,0.13248
3180.378,0.13272
3178.449,0.13275
3176.521,0.13270
3174.592,0.13267
3172.663,0.13271
3170.735,0.13285
3168.806,0.13308
3166.877,0.13336
3164.949,0.13372
3163.020,0.13413
3161.091,0.13453
3159.163,0.13491
3157.234,0.13530
3155.305,0.13566
3153.377,0.13595
3151.448,0.13622
3149.519,0.13649
3147.591,0.13685
3145.662,0.13737
3143.733,0.13805
3141.804,0.13883
3139.876,0.13967
3137.947,0.14045
3136.018,0.14105
3134.090,0.14145
3132.161,0.14162
3130.232,0.14155
3128.304,0.14140
3126.375,0.14132
3124.446,0.14138
3122.518,0.14164
3120.589,0.14218
3118.660,0.14294
3116.732,0.14393
3114.803,0.14518
3112.874,0.14664
3110.946,0.14823
3109.017,0.14983
3107.088,0.15129
3105.160,0.15259
3103.231,0.15391
3101.302,0.15540
3099.374,0.15718
3097.445,0.15932
3095.516,0.16190
3093.588,0.16506
3091.659,0.16917
3089.730,0.17491
3087.802,0.18353
3085.873,0.19731
3083.944,0.22046
3082.016,0.26146
3080.087,0.33454
3078.158,0.44759
3076.230,0.56068
3074.301,0.57565
3072.372,0.49889
3070.444,0.44460
3068.515,0.46137
3066.586,0.50337
3064.658,0.47523
3062.729,0.37974
3060.800,0.29219
3058.872,0.23813
3056.943,0.20797
3055.014,0.18941
3053.086,0.17631
3051.157,0.16701
3049.228,0.16083
3047.300,0.15681
3045.371,0.15407
3043.442,0.15226
3041.514,0.15150
3039.585,0.15171
3037.656,0.15189
3035.728,0.15078
3033.799,0.14869
3031.870,0.14721
3029.942,0.14710
3028.013,0.14768
3026.084,0.14797
3024.156,0.14771
3022.227,0.14730
3020.298,0.14731
3018.370,0.14813
3016.441,0.14994
3014.512,0.15298
3012.584,0.15762
3010.655,0.16448
3008.726,0.17478
3006.798,0.19000
3004.869,0.20896
3002.940,0.22460
3001.012,0.22752
2999.083,0.21596
2997.154,0.19757
2995.226,0.18046
2993.297,0.16764
2991.368,0.15869
2989.440,0.15257
2987.511,0.14848
2985.582,0.14579
2983.654,0.14410
2981.725,0.14315
2979.796,0.14272
2977.867,0.14269
2975.939,0.14305
2974.010,0.14371
2972.081,0.14462
2970.153,0.14582
2968.224,0.14729
2966.295,0.14896
2964.367,0.15082
2962.438,0.15281
2960.509,0.15484
2958.581,0.15693
2956.652,0.15915
2954.723,0.16174
2952.795,0.16510
2950.866,0.16907
2948.937,0.17217
2947.009,0.17282
2945.080,0.17137
2943.151,0.16972
2941.223,0.16951
2939.294,0.17111
2937.365,0.17428
2935.437,0.17889
2933.508,0.18483
2931.579,0.19196
2929.651,0.20028
2927.722,0.21008
2925.793,0.22168
2923.865,0.23490
2921.936,0.24840
2920.007,0.25897
2918.079,0.26173
2916.150,0.25338
2914.221,0.23669
2912.293,0.21876
2910.364,0.20444
2908.435,0.19434
2906.507,0.18728
2904.578,0.18220
2902.649,0.17830
2900.721,0.17502
2898.792,0.17206
2896.863,0.16928
2894.935,0.16658
2893.006,0.16396
2891.077,0.16143
2889.149,0.15891
2887.220,0.15638
2885.291,0.15383
2883.363,0.15126
2881.434,0.14873
2879.505,0.14643
2877.577,0.14462
2875.648,0.14351
2873.719,0.14316
2871.791,0.14334
2869.862,0.14388
2867.933,0.14495
2866.005,0.14692
2864.076,0.15006
2862.147,0.15451
2860.219,0.16036
2858.290,0.16806
2856.361,0.17883
2854.433,0.19430
2852.504,0.21370
2850.575,0.22938
2848.647,0.23015
2846.718,0.21536
2844.789,0.19645
2842.861,0.18225
2840.932,0.17368
2839.003,0.16854
2837.075,0.16488
2835.146,0.16157
2833.217,0.15812
2831.289,0.15445
2829.360,0.15049
2827.431,0.14637
2825.503,0.14243
2823.574,0.13900
2821.645,0.13630
2819.716,0.13452
2817.788,0.13359
2815.859,0.13329
2813.930,0.13339
2812.002,0.13365
2810.073,0.13390
2808.144,0.13411
2806.216,0.13413
2804.287,0.13370
2802.358,0.13269
2800.430,0.13102
2798.501,0.12870
2796.572,0.12599
2794.644,0.12327
2792.715,0.12079
2790.786,0.11874
2788.858,0.11716
2786.929,0.11590
2785.000,0.11486
2783.072,0.11408
2781.143,0.11349
2779.214,0.11306
2777.286,0.11281
2775.357,0.11266
2773.428,0.11254
2771.500,0.11247
2769.571,0.11239
2767.642,0.11227
2765.714,0.11227
2763.785,0.11248
2761.856,0.11292
2759.928,0.11367
2757.999,0.11472
2756.070,0.11588
2754.142,0.11714
2752.213,0.11855
2750.284,0.11992
2748.356,0.12079
2746.427,0.12065
2744.498,0.11935
2742.570,0.11727
2740.641,0.11501
2738.712,0.11289
2736.784,0.11105
2734.855,0.10958
2732.926,0.10839
2730.998,0.10737
2729.069,0.10651
2727.140,0.10576
2725.212,0.10502
2723.283,0.10436
2721.354,0.10385
2719.426,0.10344
2717.497,0.10318
2715.568,0.10308
2713.640,0.10307
2711.711,0.10316
2709.782,0.10338
2707.854,0.10367
2705.925,0.10395
2703.996,0.10413
2702.068,0.10408
2700.139,0.10385
2698.210,0.10361
2696.282,0.10343
2694.353,0.10333
2692.424,0.10337
2690.496,0.10353
2688.567,0.10371
2686.638,0.10389
2684.710,0.10398
2682.781,0.10393
2680.852,0.10386
2678.924,0.10392
2676.995,0.10410
2675.066,0.10435
2673.138,0.10454
2671.209,0.10450
2669.280,0.10424
2667.352,0.10382
2665.423,0.10328
2663.494,0.10269
2661.566,0.10212
2659.637,0.10158
2657.708,0.10107
2655.779,0.10063
2653.851,0.10022
2651.922,0.09985
2649.993,0.09963
2648.065,0.09953
2646.136,0.09951
2644.207,0.09956
2642.279,0.09964
2640.350,0.09968
2638.421,0.09975
2636.493,0.09986
2634.564,0.10000
2632.635,0.10020
2630.707,0.10053
2628.778,0.10098
2626.849,0.10157
2624.921,0.10222
2622.992,0.10278
2621.063,0.10318
2619.135,0.10343
2617.206,0.10349
2615.277,0.10342
2613.349,0.10331
2611.420,0.10322
2609.491,0.10324
2607.563,0.10339
2605.634,0.10355
2603.705,0.10359
2601.777,0.10348
2599.848,0.10321
2597.919,0.10285
2595.991,0.10257
2594.062,0.10246
2592.133,0.10253
2590.205,0.10273
2588.276,0.10296
2586.347,0.10320
2584.419,0.10339
2582.490,0.10342
2580.561,0.10321
2578.633,0.10275
2576.704,0.10207
2574.775,0.10128
2572.847,0.10052
2570.918,0.09985
2568.989,0.09927
2567.061,0.09877
2565.132,0.09832
2563.203,0.09786
2561.275,0.09742
2559.346,0.09704
2557.417,0.09678
2555.489,0.09669
2553.560,0.09685
2551.631,0.09721
2549.703,0.09775
2547.774,0.09837
2545.845,0.09893
2543.917,0.09934
2541.988,0.09954
2540.059,0.09950
2538.131,0.09923
2536.202,0.09877
2534.273,0.09817
2532.345,0.09748
2530.416,0.09675
2528.487,0.09604
2526.559,0.09539
2524.630,0.09485
2522.701,0.09443
2520.773,0.09412
2518.844,0.09396
2516.915,0.09399
2514.987,0.09420
2513.058,0.09459
2511.129,0.09512
2509.201,0.09570
2507.272,0.09631
2505.343,0.09691
2503.415,0.09744
2501.486,0.09789
2499.557,0.09819
2497.628,0.09833
2495.700,0.09837
2493.771,0.09847
2491.842,0.09869
2489.914,0.09908
2487.985,0.09965
2486.056,0.10033
2484.128,0.10101
2482.199,0.10160
2480.270,0.10199
2478.342,0.10219
2476.413,0.10237
2474.484,0.10261
2472.556,0.10290
2470.627,0.10314
2468.698,0.10318
2466.770,0.10295
2464.841,0.10251
2462.912,0.10198
2460.984,0.10144
2459.055,0.10103
2457.126,0.10080
2455.198,0.10067
2453.269,0.10051
2451.340,0.10023
2449.412,0.09975
2447.483,0.09917
2445.554,0.09862
2443.626,0.09807
2441.697,0.09750
2439.768,0.09701
2437.840,0.09668
2435.911,0.09660
2433.982,0.09681
2432.054,0.09719
2430.125,0.09766
2428.196,0.09819
2426.268,0.09874
2424.339,0.09918
2422.410,0.09939
2420.482,0.09921
2418.553,0.09860
2416.624,0.09777
2414.696,0.09700
2412.767,0.09647
2410.838,0.09626
2408.910,0.09627
2406.981,0.09630
2405.052,0.09623
2403.124,0.09603
2401.195,0.09576
2399.266,0.09553
2397.338,0.09547
2395.409,0.09558
2393.480,0.09586
2391.552,0.09635
2389.623,0.09707
2387.694,0.09801
2385.766,0.09913
2383.837,0.10028
2381.908,0.10130
2379.980,0.10208
2378.051,0.10250
2376.122,0.10246
2374.194,0.10196
2372.265,0.10117
2370.336,0.10037
2368.408,0.09977
2366.479,0.09938
2364.550,0.09919
2362.622,0.09918
2360.693,0.09929
2358.764,0.09946
2356.836,0.09969
2354.907,0.09995
2352.978,0.10017
2351.050,0.10032
2349.121,0.10032
2347.192,0.10010
2345.264,0.09959
2343.335,0.09874
2341.406,0.09753
2339.478,0.09607
2337.549,0.09454
2335.620,0.09309
2333.691,0.09188
2331.763,0.09099
2329.834,0.09033
2327.905,0.08988
2325.977,0.08962
2324.048,0.08950
2322.119,0.08952
2320.191,0.08966
2318.262,0.08988
2316.333,0.09020
2314.405,0.09069
2312.476,0.09133
2310.547,0.09211
2308.619,0.09307
2306.690,0.09411
2304.761,0.09509
2302.833,0.09599
2300.904,0.09670
2298.975,0.09703
2297.047,0.09694
2295.118,0.09642
2293.189,0.09555
2291.261,0.09463
2289.332,0.09381
2287.403,0.09307
2285.475,0.09251
2283.546,0.09217
2281.617,0.09190
2279.689,0.09168
2277.760,0.09151
2275.831,0.09133
2273.903,0.09119
2271.974,0.09119
2270.045,0.09121
2268.117,0.09118
2266.188,0.09112
2264.259,0.09094
2262.331,0.09062
2260.402,0.09032
2258.473,0.09005
2256.545,0.08974
2254.616,0.08948
2252.687,0.08926
2250.759,0.08895
2248.830,0.08861
2246.901,0.08826
2244.973,0.08779
2243.044,0.08733
2241.115,0.08698
2239.187,0.08665
2237.258,0.08636
2235.329,0.08619
2233.401,0.08596
2231.472,0.08563
2229.543,0.08533
2227.615,0.08503
2225.686,0.08474
2223.757,0.08463
2221.829,0.08457
2219.900,0.08446
2217.971,0.08441
2216.043,0.08440
2214.114,0.08433
2212.185,0.08436
2210.257,0.08448
2208.328,0.08458
2206.399,0.08484
2204.471,0.08534
2202.542,0.08593
2200.613,0.08663
2198.685,0.08743
2196.756,0.08805
2194.827,0.08845
2192.899,0.08870
2190.970,0.08869
2189.041,0.08847
2187.113,0.08826
2185.184,0.08796
2183.255,0.08764
2181.327,0.08751
2179.398,0.08745
2177.469,0.08733
2175.540,0.08735
2173.612,0.08748
2171.683,0.08761
2169.754,0.08786
2167.826,0.08820
2165.897,0.08840
2163.968,0.08857
2162.040,0.08870
2160.111,0.08860
2158.182,0.08833
2156.254,0.08803
2154.325,0.08761
2152.396,0.08718
2150.468,0.08691
2148.539,0.08668
2146.610,0.08645
2144.682,0.08637
2142.753,0.08629
2140.824,0.08616
2138.896,0.08616
2136.967,0.08624
2135.038,0.08633
2133.110,0.08659
2131.181,0.08693
2129.252,0.08707
2127.324,0.08710
2125.395,0.08702
2123.466,0.08673
2121.538,0.08644
2119.609,0.08627
2117.680,0.08612
2115.752,0.08607
2113.823,0.08619
2111.894,0.08622
2109.966,0.08617
2108.037,0.08621
2106.108,0.08630
2104.180,0.08638
2102.251,0.08654
2100.322,0.08659
2098.394,0.08648
2096.465,0.08637
2094.536,0.08619
2092.608,0.08583
2090.679,0.08544
2088.750,0.08506
2086.822,0.08465
2084.893,0.08440
2082.964,0.08441
2081.036,0.08454
2079.107,0.08490
2077.178,0.08551
2075.250,0.08623
2073.321,0.08707
2071.392,0.08805
2069.464,0.08893
2067.535,0.08958
2065.606,0.08997
2063.678,0.08996
2061.749,0.08963
2059.820,0.08925
2057.892,0.08882
2055.963,0.08834
2054.034,0.08793
2052.106,0.08754
2050.177,0.08709
2048.248,0.08673
2046.320,0.08648
2044.391,0.08631
2042.462,0.08631
2040.534,0.08651
2038.605,0.08679
2036.676,0.08721
2034.748,0.08780
2032.819,0.08841
2030.890,0.08907
2028.962,0.08975
2027.033,0.09021
2025.104,0.09041
2023.176,0.09040
2021.247,0.09015
2019.318,0.08982
2017.390,0.08960
2015.461,0.08950
2013.532,0.08951
2011.603,0.08972
2009.675,0.09006
2007.746,0.09042
2005.817,0.09077
2003.889,0.09096
2001.960,0.09093
2000.031,0.09081
1998.103,0.09068
1996.174,0.09056
1994.245,0.09058
1992.317,0.09077
1990.388,0.09107
1988.459,0.09156
1986.531,0.09222
1984.602,0.09290
1982.673,0.09354
1980.745,0.09412
1978.816,0.09452
1976.887,0.09482
1974.959,0.09512
1973.030,0.09537
1971.101,0.09559
1969.173,0.09583
1967.244,0.09603
1965.315,0.09623
1963.387,0.09654
1961.458,0.09683
1959.529,0.09703
1957.601,0.09718
1955.672,0.09725
1953.743,0.09727
1951.815,0.09739
1949.886,0.09760
1947.957,0.09782
1946.029,0.09811
1944.100,0.09840
1942.171,0.09856
1940.243,0.09864
1938.314,0.09867
1936.385,0.09856
1934.457,0.09843
1932.528,0.09840
1930.599,0.09845
1928.671,0.09862
1926.742,0.09897
1924.813,0.09937
1922.885,0.09982
1920.956,0.10036
1919.027,0.10085
1917.099,0.10121
1915.170,0.10151
1913.241,0.10167
1911.313,0.10167
1909.384,0.10165
1907.455,0.10161
1905.527,0.10151
1903.598,0.10146
1901.669,0.10146
1899.741,0.10143
1897.812,0.10146
1895.883,0.10161
1893.955,0.10183
1892.026,0.10219
1890.097,0.10271
1888.169,0.10328
1886.240,0.10389
1884.311,0.10456
1882.383,0.10522
1880.454,0.10588
1878.525,0.10658
1876.597,0.10718
1874.668,0.10758
1872.739,0.10788
1870.811,0.10811
1868.882,0.10831
1866.953,0.10861
1865.025,0.10895
1863.096,0.10923
1861.167,0.10949
1859.239,0.10967
1857.310,0.10970
1855.381,0.10969
1853.452,0.10972
1851.524,0.10981
1849.595,0.11006
1847.666,0.11052
1845.738,0.11110
1843.809,0.11178
1841.880,0.11258
1839.952,0.11333
1838.023,0.11399
1836.094,0.11461
1834.166,0.11519
1832.237,0.11573
1830.308,0.11634
1828.380,0.11703
1826.451,0.11775
1824.522,0.11855
1822.594,0.11941
1820.665,0.12029
1818.736,0.12124
1816.808,0.12230
1814.879,0.12343
1812.950,0.12465
1811.022,0.12593
1809.093,0.12712
1807.164,0.12812
1805.236,0.12889
1803.307,0.12939
1801.378,0.12974
1799.450,0.13008
1797.521,0.13045
1795.592,0.13084
1793.664,0.13133
1791.735,0.13198
1789.806,0.13280
1787.878,0.13379
1785.949,0.13501
1784.020,0.13649
1782.092,0.13826
1780.163,0.14027
1778.234,0.14245
1776.306,0.14466
1774.377,0.14668
1772.448,0.14832
1770.520,0.14948
1768.591,0.15014
1766.662,0.15044
1764.734,0.15061
1762.805,0.15089
1760.876,0.15142
1758.948,0.15224
1757.019,0.15330
1755.090,0.15454
1753.162,0.15590
1751.233,0.15741
1749.304,0.15911
1747.376,0.16099
1745.447,0.16302
1743.518,0.16517
1741.590,0.16741
1739.661,0.16968
1737.732,0.17188
1735.804,0.17400
1733.875,0.17609
1731.946,0.17826
1730.018,0.18046
1728.089,0.18263
1726.160,0.18479
1724.232,0.18703
1722.303,0.18943
1720.374,0.19207
1718.446,0.19498
1716.517,0.19811
1714.588,0.20123
1712.660,0.20420
1710.731,0.20712
1708.802,0.21025
1706.874,0.21370
1704.945,0.21707
1703.016,0.21950
1701.088,0.22095
1699.159,0.22245
1697.230,0.22434
1695.302,0.22623
1693.373,0.22816
1691.444,0.23046
1689.515,0.23311
1687.587,0.23574
1685.658,0.23800
1683.729,0.24001
1681.801,0.24222
1679.872,0.24482
1677.943,0.24773
1676.015,0.25087
1674.086,0.25423
1672.157,0.25781
1670.229,0.26163
1668.300,0.26571
1666.371,0.27004
1664.443,0.27466
1662.514,0.27963
1660.585,0.28500
1658.657,0.29080
1656.728,0.29704
1654.799,0.30381
1652.871,0.31129
1650.942,0.31944
1649.013,0.32799
1647.085,0.33666
1645.156,0.34529
1643.227,0.35375
1641.299,0.36213
1639.370,0.37079
1637.441,0.38021
1635.513,0.39082
1633.584,0.40291
1631.655,0.41661
1629.727,0.43199
1627.798,0.44917
1625.869,0.46819
1623.941,0.48912
1622.012,0.51230
1620.083,0.53828
1618.155,0.56767
1616.226,0.60102
1614.297,0.63902
1612.369,0.68315
1610.440,0.73651
1608.511,0.80402
1606.583,0.89182
1604.654,1.00521
1602.725,1.14356
1600.797,1.29189
1598.868,1.41743
1596.939,1.49454
1595.011,1.53401
1593.082,1.54399
1591.153,1.48487
1589.225,1.34176
1587.296,1.18154
1585.367,1.06546
1583.439,1.01388
1581.510,1.02601
1579.581,1.09105
1577.653,1.18759
1575.724,1.28024
1573.795,1.32543
1571.867,1.29355
1569.938,1.18901
1568.009,1.04464
1566.081,0.89560
1564.152,0.76182
1562.223,0.64928
1560.295,0.55772
1558.366,0.48653
1556.437,0.43597
1554.509,0.40594
1552.580,0.39523
1550.651,0.40267
1548.723,0.42990
1546.794,0.48251
1544.865,0.56714
1542.937,0.68269
1541.008,0.80589
1539.079,0.89785
1537.151,0.95437
1535.222,1.00586
1533.293,1.04641
1531.364,1.02508
1529.436,0.92908
1527.507,0.80519
1525.578,0.69191
1523.650,0.60063
1521.721,0.52997
1519.792,0.47559
1517.864,0.43291
1515.935,0.39837
1514.006,0.37024
1512.078,0.34779
1510.149,0.32983
1508.220,0.31436
1506.292,0.29964
1504.363,0.28535
1502.434,0.27237
1500.506,0.26162
1498.577,0.25341
1496.648,0.24727
1494.720,0.24201
1492.791,0.23652
1490.862,0.23066
1488.934,0.22516
1487.005,0.22111
1485.076,0.21964
1483.148,0.22137
1481.219,0.22637
1479.290,0.23504
1477.362,0.24865
1475.433,0.26741
1473.504,0.28735
1471.576,0.30628
1469.647,0.33240
1467.718,0.37915
1465.790,0.45814
1463.861,0.57610
1461.932,0.71657
1460.004,0.80693
1458.075,0.76220
1456.146,0.62321
1454.218,0.48412
1452.289,0.38476
1450.360,0.32702
1448.432,0.30209
1446.503,0.30200
1444.574,0.32274
1442.646,0.36429
1440.717,0.42877
1438.788,0.51525
1436.860,0.60924
1434.931,0.67397
1433.002,0.67833
1431.074,0.64237
1429.145,0.61183
1427.216,0.61337
1425.288,0.64199
1423.359,0.65210
1421.430,0.59236
1419.502,0.48744
1417.573,0.39625
1415.644,0.34107
1413.716,0.31669
1411.787,0.31286
1409.858,0.32229
1407.930,0.34138
1406.001,0.36984
1404.072,0.40927
1402.144,0.46215
1400.215,0.53273
1398.286,0.62590
1396.358,0.73953
1394.429,0.85694
1392.500,0.95334
1390.572,1.00708
1388.643,0.99506
1386.714,0.90939
1384.786,0.78178
1382.857,0.65475
1380.928,0.55495
1379.000,0.49094
1377.071,0.44911
1375.142,0.40141
1373.214,0.34096
1371.285,0.28844
1369.356,0.25843
1367.427,0.24983
1365.499,0.25744
1363.570,0.27877
1361.641,0.31421
1359.713,0.36612
1357.784,0.43761
1355.855,0.52726
1353.927,0.61817
1351.998,0.67197
1350.069,0.65796
1348.141,0.59461
1346.212,0.52392
1344.283,0.46955
1342.355,0.43599
1340.426,0.42190
1338.497,0.42434
1336.569,0.43614
1334.640,0.44989
1332.711,0.46634
1330.783,0.49298
1328.854,0.53531
1326.925,0.59227
1324.997,0.65570
1323.068,0.71241
1321.139,0.75142
1319.211,0.77379
1317.282,0.79291
1315.353,0.82080
1313.425,0.85289
1311.496,0.86403
1309.567,0.82893
1307.639,0.75365
1305.710,0.66836
1303.781,0.59700
1301.853,0.54741
1299.924,0.51713
1297.995,0.50127
1296.067,0.49699
1294.138,0.50365
1292.209,0.52123
1290.281,0.54996
1288.352,0.59126
1286.423,0.64907
1284.495,0.73088
1282.566,0.84721
1280.637,1.00826
1278.709,1.21450
1276.780,1.43988
1274.851,1.62672
1272.923,1.74962
1270.994,1.84915
1269.065,1.92068
1267.137,1.86427
1265.208,1.65366
1263.279,1.40157
1261.351,1.18178
1259.422,1.00767
1257.493,0.87315
1255.565,0.77130
1253.636,0.69873
1251.707,0.65384
1249.779,0.63078
1247.850,0.61685
1245.921,0.60408
1243.993,0.60023
1242.064,0.61888
1240.135,0.66598
1238.207,0.73470
1236.278,0.80326
1234.349,0.84219
1232.421,0.83729
1230.492,0.80088
1228.563,0.75542
1226.635,0.71938
1224.706,0.70561
1222.777,0.72002
1220.849,0.75533
1218.920,0.78553
1216.991,0.77880
1215.063,0.72961
1213.134,0.66054
1211.205,0.59319
1209.277,0.53663
1207.348,0.49215
1205.419,0.45732
1203.490,0.42796
1201.562,0.40094
1199.633,0.37584
1197.704,0.35343
1195.776,0.33417
1193.847,0.31801
1191.918,0.30431
1189.990,0.29229
1188.061,0.28164
1186.132,0.27200
1184.204,0.26288
1182.275,0.25416
1180.346,0.24572
1178.418,0.23738
1176.489,0.22955
1174.560,0.22245
1172.632,0.21575
1170.703,0.20952
1168.774,0.20390
1166.846,0.19863
1164.917,0.19377
1162.988,0.18958
1161.060,0.18583
1159.131,0.18264
1157.202,0.18036
1155.274,0.17883
1153.345,0.17813
1151.416,0.17833
1149.488,0.17848
1147.559,0.17747
1145.630,0.17513
1143.702,0.17150
1141.773,0.16699
1139.844,0.16246
1137.916,0.15824
1135.987,0.15446
1134.058,0.15181
1132.130,0.15005
1130.201,0.14779
1128.272,0.14414
1126.344,0.13905
1124.415,0.13315
1122.486,0.12768
1120.558,0.12314
1118.629,0.11907
1116.700,0.11560
1114.772,0.11284
1112.843,0.11028
1110.914,0.10798
1108.986,0.10618
1107.057,0.10437
1105.128,0.10250
1103.200,0.10095
1101.271,0.09953
1099.342,0.09835
1097.414,0.09797
1095.485,0.09842
1093.556,0.10001
1091.628,0.10349
1089.699,0.10819
1087.770,0.11234
1085.842,0.11470
1083.913,0.11490
1081.984,0.11356
1080.056,0.11205
1078.127,0.11100
1076.198,0.11048
1074.270,0.11104
1072.341,0.11286
1070.412,0.11582
1068.484,0.12041
1066.555,0.12689
1064.626,0.13498
1062.698,0.14497
1060.769,0.15715
1058.840,0.17144
1056.912,0.18853
1054.983,0.20984
1053.054,0.23732
1051.126,0.27462
1049.197,0.32725
1047.268,0.40270
1045.339,0.51120
1043.411,0.65898
1041.482,0.81914
1039.553,0.89281
1037.625,0.81581
1035.696,0.67699
1033.767,0.55275
1031.839,0.46049
1029.910,0.40033
1027.981,0.36875
1026.053,0.36030
1024.124,0.36871
1022.195,0.38597
1020.267,0.40161
1018.338,0.40487
1016.409,0.39015
1014.481,0.36067
1012.552,0.32420
1010.623,0.28674
1008.695,0.25163
1006.766,0.22059
1004.837,0.19389
1002.909,0.17147
1000.980,0.15363
999.051,0.13996
997.123,0.12967
995.194,0.12240
993.265,0.11751
991.337,0.11424
989.408,0.11267
987.479,0.11280
985.551,0.11435
983.622,0.11762
981.693,0.12283
979.765,0.12991
977.836,0.13935
975.907,0.15152
973.979,0.16617
972.050,0.18355
970.121,0.20383
968.193,0.22586
966.264,0.24839
964.335,0.27142
962.407,0.29580
960.478,0.32298
958.549,0.35539
956.621,0.39570
954.692,0.44618
952.763,0.50835
950.835,0.58006
948.906,0.64804
946.977,0.68766
945.049,0.68566
943.120,0.65808
941.191,0.63155
939.263,0.62348
937.334,0.64205
935.405,0.69230
933.477,0.77889
931.548,0.90427
929.619,1.06260
927.691,1.22744
925.762,1.34188
923.833,1.35973
921.905,1.31247
919.976,1.26152
918.047,1.23429
916.119,1.22542
914.190,1.21446
912.261,1.18103
910.333,1.11648
908.404,1.02795
906.475,0.93023
904.547,0.83555
902.618,0.75006
900.689,0.67541
898.761,0.61140
896.832,0.55748
894.903,0.51300
892.975,0.47825
891.046,0.45677
889.117,0.45724
887.189,0.49161
885.260,0.56129
883.331,0.63326
881.402,0.64919
879.474,0.60062
877.545,0.53191
875.616,0.47158
873.688,0.42431
871.759,0.38716
869.830,0.35666
867.902,0.33095
865.973,0.30940
864.044,0.29140
862.116,0.27696
860.187,0.26753
858.258,0.26809
856.330,0.28799
854.401,0.32551
852.472,0.35366
850.544,0.35780
848.615,0.36639
846.686,0.40144
844.758,0.44198
842.829,0.44501
840.900,0.40185
838.972,0.34504
837.043,0.29903
835.114,0.26757
833.186,0.24714
831.257,0.23338
829.328,0.22256
827.400,0.21296
825.471,0.20469
823.542,0.19804
821.614,0.19274
819.685,0.18832
817.756,0.18458
815.828,0.18118
813.899,0.17766
811.970,0.17404
810.042,0.17060
808.113,0.16770
806.184,0.16609
804.256,0.16689
802.327,0.17156
800.398,0.18227
798.470,0.20226
796.541,0.23620
794.612,0.29116
792.684,0.37642
790.755,0.49846
788.826,0.64944
786.898,0.79622
784.969,0.89694
783.040,0.93224
781.112,0.89029
779.183,0.77727
777.254,0.64084
775.326,0.52299
773.397,0.43493
771.468,0.37129
769.540,0.32453
767.611,0.28992
765.682,0.26551
763.754,0.25160
761.825,0.25084
759.896,0.27276
757.968,0.33614
756.039,0.44384
754.110,0.53177
752.182,0.51043
750.253,0.42184
748.324,0.34589
746.396,0.30147
744.467,0.28251
742.538,0.28345
740.610,0.29789
738.681,0.31098
736.752,0.30728
734.824,0.28841
732.895,0.26784
730.966,0.25170
729.038,0.23726
727.109,0.22332
725.180,0.21235
723.251,0.20631
721.323,0.20429
719.394,0.20144
717.465,0.19408
715.537,0.18496
713.608,0.17790
711.679,0.17298
709.751,0.16896
707.822,0.16531
705.893,0.16199
703.965,0.15884
702.036,0.15582
700.107,0.15307
698.179,0.15055
696.250,0.14819
694.321,0.14613
692.393,0.14427
690.464,0.14243
688.535,0.14083
686.607,0.13964
684.678,0.13888
682.749,0.13905
680.821,0.14081
678.892,0.14487
676.963,0.15219
675.035,0.16262
673.106,0.17282
671.177,0.17740
669.249,0.17358
667.320,0.16393
665.391,0.15352
663.463,0.14573
661.534,0.14095
659.605,0.13770
657.677,0.13402
655.748,0.12921
653.819,0.12435
651.891,0.12075
649.962,0.11839
648.033,0.11672
646.105,0.11564
644.176,0.11479
642.247,0.11382
640.319,0.11296
638.390,0.11225
636.461,0.11186
634.533,0.11282
632.604,0.11623
630.675,0.12271
628.747,0.13177
626.818,0.14042
624.889,0.14656
622.961,0.15272
621.032,0.16271
619.103,0.17816
617.175,0.20029
615.246,0.23102
613.317,0.27238
611.389,0.32549
609.460,0.38657
607.531,0.44371
605.603,0.48145
603.674,0.49090
601.745,0.47504
599.817,0.44612
597.888,0.42150
595.959,0.41838
594.031,0.44138
592.102,0.47189
590.173,0.48623
588.245,0.48147
586.316,0.46000
584.387,0.41992
582.459,0.36997
580.530,0.32365
578.601,0.28668
576.673,0.25852
574.744,0.23720
572.815,0.22067
570.887,0.20739
568.958,0.19676
567.029,0.18804
565.101,0.18044
563.172,0.17400
561.243,0.16864
559.314,0.16384
557.386,0.15959
555.457,0.15596
553.528,0.15256
551.600,0.14944
549.671,0.14670
547.742,0.14391
545.814,0.14123
543.885,0.13900
541.956,0.13691
540.028,0.13494
538.099,0.13336
536.170,0.13184
534.242,0.13039
532.313,0.12924
530.384,0.12801
528.456,0.12674
526.527,0.12580
524.598,0.12489
522.670,0.12387
520.741,0.12309
518.812,0.12258
516.884,0.12238
514.955,0.12282
513.026,0.12381
511.098,0.12541
509.169,0.12805
507.240,0.13172
505.312,0.13655
503.383,0.14308
501.454,0.15147
499.526,0.16186
497.597,0.17432
495.668,0.18799
493.740,0.20195
491.811,0.21549
489.882,0.22694
487.954,0.23466
486.025,0.23811
484.096,0.23751
482.168,0.23382
480.239,0.22815
478.310,0.22132
476.382,0.21521
474.453,0.21188
472.524,0.21242
470.596,0.21886
468.667,0.23416
466.738,0.25876
464.810,0.28830
462.881,0.31355
460.952,0.32394
459.024,0.31677
457.095,0.29904
455.166,0.27854
453.238,0.25985
451.309,0.24449
449.380,0.23155
447.452,0.22045
445.523,0.21103
443.594,0.20224
441.666,0.19420
439.737,0.18759
437.808,0.18120
435.880,0.17453
433.951,0.16860
432.022,0.16293
430.094,0.15724
428.165,0.15292
426.236,0.14987
424.308,0.14819
422.379,0.15043
420.450,0.15775
418.522,0.17103
416.593,0.19348
414.664,0.22308
412.736,0.25049
410.807,0.26719
408.878,0.27117
406.950,0.26688
405.021,0.25925
403.092,0.25450
401.163,0.25892
399.235,0.26570
