7600.891,0.45554
7598.962,0.45560
7597.034,0.45551
7595.105,0.45489
7593.176,0.45425
7591.248,0.45414
7589.319,0.45441
7587.390,0.45448
7585.462,0.45405
7583.533,0.45353
7581.604,0.45328
7579.676,0.45312
7577.747,0.45292
7575.818,0.45280
7573.890,0.45290
7571.961,0.45307
7570.032,0.45300
7568.104,0.45258
7566.175,0.45201
7564.246,0.45171
7562.318,0.45185
7560.389,0.45214
7558.460,0.45219
7556.532,0.45206
7554.603,0.45184
7552.674,0.45134
7550.746,0.45078
7548.817,0.45067
7546.888,0.45086
7544.960,0.45082
7543.031,0.45058
7541.102,0.45044
7539.174,0.45041
7537.245,0.45025
7535.316,0.44996
7533.388,0.44979
7531.459,0.44981
7529.530,0.44989
7527.602,0.44984
7525.673,0.44955
7523.744,0.44927
7521.816,0.44918
7519.887,0.44900
7517.958,0.44863
7516.030,0.44828
7514.101,0.44809
7512.172,0.44803
7510.244,0.44806
7508.315,0.44809
7506.386,0.44787
7504.458,0.44741
7502.529,0.44703
7500.600,0.44685
7498.672,0.44687
7496.743,0.44704
7494.814,0.44707
7492.885,0.44683
7490.957,0.44644
7489.028,0.44613
7487.099,0.44606
7485.171,0.44599
7483.242,0.44568
7481.313,0.44530
7479.385,0.44509
7477.456,0.44511
7475.527,0.44513
7473.599,0.44490
7471.670,0.44447
7469.741,0.44407
7467.813,0.44383
7465.884,0.44379
7463.955,0.44380
7462.027,0.44376
7460.098,0.44365
7458.169,0.44341
7456.241,0.44307
7454.312,0.44283
7452.383,0.44283
7450.455,0.44294
7448.526,0.44292
7446.597,0.44268
7444.669,0.44237
7442.740,0.44208
7440.811,0.44177
7438.883,0.44166
7436.954,0.44168
7435.025,0.44143
7433.097,0.44098
7431.168,0.44074
7429.239,0.44078
7427.311,0.44072
7425.382,0.44040
7423.453,0.44006
7421.525,0.43981
7419.596,0.43972
7417.667,0.43983
7415.739,0.43981
7413.810,0.43953
7411.881,0.43918
7409.953,0.43897
7408.024,0.43885
7406.095,0.43855
7404.167,0.43810
7402.238,0.43784
7400.309,0.43789
7398.381,0.43801
7396.452,0.43806
7394.523,0.43802
7392.595,0.43778
7390.666,0.43746
7388.737,0.43721
7386.809,0.43704
7384.880,0.43689
7382.951,0.43676
7381.023,0.43670
7379.094,0.43658
7377.165,0.43619
7375.237,0.43582
7373.308,0.43580
7371.379,0.43593
7369.451,0.43582
7367.522,0.43545
7365.593,0.43517
7363.665,0.43497
7361.736,0.43469
7359.807,0.43444
7357.879,0.43439
7355.950,0.43447
7354.021,0.43449
7352.093,0.43427
7350.164,0.43392
7348.235,0.43374
7346.307,0.43378
7344.378,0.43376
7342.449,0.43362
7340.521,0.43342
7338.592,0.43315
7336.663,0.43286
7334.734,0.43264
7332.806,0.43245
7330.877,0.43219
7328.948,0.43193
7327.020,0.43180
7325.091,0.43182
7323.162,0.43188
7321.234,0.43183
7319.305,0.43166
7317.376,0.43150
7315.448,0.43142
7313.519,0.43142
7311.590,0.43135
7309.662,0.43113
7307.733,0.43091
7305.804,0.43081
7303.876,0.43064
7301.947,0.43030
7300.018,0.42994
7298.090,0.42971
7296.161,0.42968
7294.232,0.42978
7292.304,0.42973
7290.375,0.42936
7288.446,0.42882
7286.518,0.42843
7284.589,0.42842
7282.660,0.42853
7280.732,0.42843
7278.803,0.42826
7276.874,0.42822
7274.946,0.42814
7273.017,0.42781
7271.088,0.42746
7269.160,0.42736
7267.231,0.42739
7265.302,0.42738
7263.374,0.42738
7261.445,0.42725
7259.516,0.42690
7257.588,0.42654
7255.659,0.42628
7253.730,0.42611
7251.802,0.42595
7249.873,0.42572
7247.944,0.42548
7246.016,0.42534
7244.087,0.42525
7242.158,0.42520
7240.230,0.42516
7238.301,0.42498
7236.372,0.42475
7234.444,0.42461
7232.515,0.42444
7230.586,0.42421
7228.658,0.42407
7226.729,0.42413
7224.800,0.42428
7222.872,0.42429
7220.943,0.42403
7219.014,0.42357
7217.086,0.42321
7215.157,0.42299
7213.228,0.42271
7211.300,0.42235
7209.371,0.42212
7207.442,0.42213
7205.514,0.42227
7203.585,0.42231
7201.656,0.42206
7199.728,0.42166
7197.799,0.42140
7195.870,0.42123
7193.942,0.42106
7192.013,0.42100
7190.084,0.42101
7188.156,0.42100
7186.227,0.42089
7184.298,0.42068
7182.370,0.42041
7180.441,0.42015
7178.512,0.41989
7176.584,0.41977
7174.655,0.41988
7172.726,0.41993
7170.797,0.41974
7168.869,0.41954
7166.940,0.41941
7165.011,0.41924
7163.083,0.41898
7161.154,0.41881
7159.225,0.41876
7157.297,0.41860
7155.368,0.41828
7153.439,0.41802
7151.511,0.41781
7149.582,0.41767
7147.653,0.41759
7145.725,0.41749
7143.796,0.41735
7141.867,0.41724
7139.939,0.41713
7138.010,0.41691
7136.081,0.41664
7134.153,0.41655
7132.224,0.41655
7130.295,0.41636
7128.367,0.41603
7126.438,0.41582
7124.509,0.41571
7122.581,0.41549
7120.652,0.41525
7118.723,0.41514
7116.795,0.41508
7114.866,0.41494
7112.937,0.41477
7111.009,0.41469
7109.080,0.41463
7107.151,0.41442
7105.223,0.41421
7103.294,0.41406
7101.365,0.41380
7099.437,0.41351
7097.508,0.41334
7095.579,0.41323
7093.651,0.41312
7091.722,0.41305
7089.793,0.41298
7087.865,0.41284
7085.936,0.41272
7084.007,0.41268
7082.079,0.41266
7080.150,0.41261
7078.221,0.41248
7076.293,0.41232
7074.364,0.41219
7072.435,0.41205
7070.507,0.41193
7068.578,0.41182
7066.649,0.41163
7064.721,0.41137
7062.792,0.41115
7060.863,0.41100
7058.935,0.41090
7057.006,0.41075
7055.077,0.41048
7053.149,0.41029
7051.220,0.41019
7049.291,0.41003
7047.363,0.40987
7045.434,0.40975
7043.505,0.40953
7041.577,0.40929
7039.648,0.40922
7037.719,0.40930
7035.791,0.40935
7033.862,0.40918
7031.933,0.40889
7030.005,0.40867
7028.076,0.40857
7026.147,0.40853
7024.219,0.40845
7022.290,0.40829
7020.361,0.40809
7018.433,0.40792
7016.504,0.40786
7014.575,0.40780
7012.646,0.40759
7010.718,0.40732
7008.789,0.40712
7006.860,0.40693
7004.932,0.40667
7003.003,0.40653
7001.074,0.40658
6999.146,0.40655
6997.217,0.40626
6995.288,0.40595
6993.360,0.40581
6991.431,0.40581
6989.502,0.40582
6987.574,0.40578
6985.645,0.40577
6983.716,0.40571
6981.788,0.40546
6979.859,0.40511
6977.930,0.40484
6976.002,0.40469
6974.073,0.40454
6972.144,0.40432
6970.216,0.40411
6968.287,0.40399
6966.358,0.40395
6964.430,0.40382
6962.501,0.40358
6960.572,0.40339
6958.644,0.40331
6956.715,0.40321
6954.786,0.40302
6952.858,0.40274
6950.929,0.40248
6949.000,0.40240
6947.072,0.40239
6945.143,0.40222
6943.214,0.40197
6941.286,0.40189
6939.357,0.40193
6937.428,0.40190
6935.500,0.40170
6933.571,0.40141
6931.642,0.40113
6929.714,0.40095
6927.785,0.40082
6925.856,0.40073
6923.928,0.40069
6921.999,0.40063
6920.070,0.40039
6918.142,0.40001
6916.213,0.39971
6914.284,0.39958
6912.356,0.39952
6910.427,0.39942
6908.498,0.39929
6906.570,0.39914
6904.641,0.39892
6902.712,0.39865
6900.784,0.39845
6898.855,0.39833
6896.926,0.39819
6894.998,0.39799
6893.069,0.39783
6891.140,0.39780
6889.212,0.39782
6887.283,0.39767
6885.354,0.39734
6883.426,0.39703
6881.497,0.39687
6879.568,0.39678
6877.640,0.39662
6875.711,0.39639
6873.782,0.39618
6871.854,0.39606
6869.925,0.39599
6867.996,0.39587
6866.068,0.39569
6864.139,0.39547
6862.210,0.39521
6860.282,0.39496
6858.353,0.39478
6856.424,0.39457
6854.496,0.39432
6852.567,0.39417
6850.638,0.39406
6848.709,0.39384
6846.781,0.39353
6844.852,0.39328
6842.923,0.39313
6840.995,0.39297
6839.066,0.39277
6837.137,0.39256
6835.209,0.39227
6833.280,0.39195
6831.351,0.39182
6829.423,0.39191
6827.494,0.39190
6825.565,0.39168
6823.637,0.39149
6821.708,0.39137
6819.779,0.39116
6817.851,0.39088
6815.922,0.39064
6813.993,0.39048
6812.065,0.39033
6810.136,0.39013
6808.207,0.38992
6806.279,0.38979
6804.350,0.38965
6802.421,0.38937
6800.493,0.38910
6798.564,0.38899
6796.635,0.38895
6794.707,0.38884
6792.778,0.38865
6790.849,0.38844
6788.921,0.38820
6786.992,0.38799
6785.063,0.38783
6783.135,0.38769
6781.206,0.38755
6779.277,0.38744
6777.349,0.38729
6775.420,0.38703
6773.491,0.38676
6771.563,0.38656
6769.634,0.38653
6767.705,0.38655
6765.777,0.38645
6763.848,0.38623
6761.919,0.38592
6759.991,0.38564
6758.062,0.38548
6756.133,0.38531
6754.205,0.38507
6752.276,0.38491
6750.347,0.38479
6748.419,0.38463
6746.490,0.38449
6744.561,0.38442
6742.633,0.38430
6740.704,0.38417
6738.775,0.38406
6736.847,0.38386
6734.918,0.38354
6732.989,0.38327
6731.061,0.38317
6729.132,0.38309
6727.203,0.38295
6725.275,0.38281
6723.346,0.38263
6721.417,0.38242
6719.489,0.38225
6717.560,0.38212
6715.631,0.38203
6713.703,0.38194
6711.774,0.38180
6709.845,0.38162
6707.917,0.38137
6705.988,0.38112
6704.059,0.38102
6702.131,0.38095
6700.202,0.38074
6698.273,0.38052
6696.345,0.38038
6694.416,0.38022
6692.487,0.38006
6690.558,0.37989
6688.630,0.37968
6686.701,0.37940
6684.772,0.37911
6682.844,0.37896
6680.915,0.37886
6678.986,0.37872
6677.058,0.37858
6675.129,0.37850
6673.200,0.37842
6671.272,0.37827
6669.343,0.37807
6667.414,0.37784
6665.486,0.37763
6663.557,0.37744
6661.628,0.37722
6659.700,0.37701
6657.771,0.37690
6655.842,0.37680
6653.914,0.37662
6651.985,0.37646
6650.056,0.37636
6648.128,0.37629
6646.199,0.37621
6644.270,0.37603
6642.342,0.37577
6640.413,0.37558
6638.484,0.37544
6636.556,0.37532
6634.627,0.37515
6632.698,0.37483
6630.770,0.37451
6628.841,0.37437
6626.912,0.37430
6624.984,0.37417
6623.055,0.37401
6621.126,0.37383
6619.198,0.37364
6617.269,0.37346
6615.340,0.37325
6613.412,0.37309
6611.483,0.37299
6609.554,0.37284
6607.626,0.37266
6605.697,0.37252
6603.768,0.37230
6601.840,0.37203
6599.911,0.37187
6597.982,0.37177
6596.054,0.37160
6594.125,0.37142
6592.196,0.37128
6590.268,0.37111
6588.339,0.37087
6586.410,0.37066
6584.482,0.37051
6582.553,0.37037
6580.624,0.37024
6578.696,0.37011
6576.767,0.36995
6574.838,0.36982
6572.910,0.36972
6570.981,0.36956
6569.052,0.36932
6567.124,0.36910
6565.195,0.36899
6563.266,0.36890
6561.338,0.36872
6559.409,0.36847
6557.480,0.36823
6555.552,0.36802
6553.623,0.36783
6551.694,0.36765
6549.766,0.36747
6547.837,0.36732
6545.908,0.36721
6543.980,0.36709
6542.051,0.36700
6540.122,0.36689
6538.194,0.36674
6536.265,0.36651
6534.336,0.36626
6532.408,0.36600
6530.479,0.36578
6528.550,0.36566
6526.621,0.36555
6524.693,0.36541
6522.764,0.36528
6520.835,0.36514
6518.907,0.36489
6516.978,0.36464
6515.049,0.36456
6513.121,0.36456
6511.192,0.36449
6509.263,0.36436
6507.335,0.36422
6505.406,0.36403
6503.477,0.36376
6501.549,0.36352
6499.620,0.36340
6497.691,0.36325
6495.763,0.36305
6493.834,0.36287
6491.905,0.36276
6489.977,0.36268
6488.048,0.36263
6486.119,0.36250
6484.191,0.36227
6482.262,0.36202
6480.333,0.36181
6478.405,0.36162
6476.476,0.36144
6474.547,0.36132
6472.619,0.36127
6470.690,0.36126
6468.761,0.36115
6466.833,0.36091
6464.904,0.36070
6462.975,0.36053
6461.047,0.36033
6459.118,0.36011
6457.189,0.35996
6455.261,0.35990
6453.332,0.35984
6451.403,0.35969
6449.475,0.35944
6447.546,0.35918
6445.617,0.35892
6443.689,0.35874
6441.760,0.35860
6439.831,0.35840
6437.903,0.35822
6435.974,0.35814
6434.045,0.35805
6432.117,0.35791
6430.188,0.35775
6428.259,0.35757
6426.331,0.35741
6424.402,0.35730
6422.473,0.35721
6420.545,0.35709
6418.616,0.35692
6416.687,0.35676
6414.759,0.35660
6412.830,0.35639
6410.901,0.35614
6408.973,0.35591
6407.044,0.35578
6405.115,0.35574
6403.187,0.35565
6401.258,0.35547
6399.329,0.35528
6397.401,0.35507
6395.472,0.35479
6393.543,0.35449
6391.615,0.35431
6389.686,0.35423
6387.757,0.35415
6385.829,0.35406
6383.900,0.35398
6381.971,0.35384
6380.043,0.35368
6378.114,0.35356
6376.185,0.35345
6374.257,0.35326
6372.328,0.35304
6370.399,0.35289
6368.471,0.35274
6366.542,0.35253
6364.613,0.35233
6362.684,0.35214
6360.756,0.35199
6358.827,0.35188
6356.898,0.35176
6354.970,0.35165
6353.041,0.35154
6351.112,0.35135
6349.184,0.35109
6347.255,0.35088
6345.326,0.35073
6343.398,0.35056
6341.469,0.35040
6339.540,0.35028
6337.612,0.35018
6335.683,0.35008
6333.754,0.35003
6331.826,0.34999
6329.897,0.34982
6327.968,0.34955
6326.040,0.34931
6324.111,0.34916
6322.182,0.34900
6320.254,0.34884
6318.325,0.34874
6316.396,0.34862
6314.468,0.34840
6312.539,0.34814
6310.610,0.34798
6308.682,0.34786
6306.753,0.34769
6304.824,0.34748
6302.896,0.34726
6300.967,0.34705
6299.038,0.34692
6297.110,0.34686
6295.181,0.34676
6293.252,0.34655
6291.324,0.34632
6289.395,0.34614
6287.466,0.34602
6285.538,0.34594
6283.609,0.34586
6281.680,0.34575
6279.752,0.34557
6277.823,0.34542
6275.894,0.34532
6273.966,0.34516
6272.037,0.34495
6270.108,0.34477
6268.180,0.34466
6266.251,0.34457
6264.322,0.34445
6262.394,0.34432
6260.465,0.34418
6258.536,0.34402
6256.608,0.34385
6254.679,0.34368
6252.750,0.34349
6250.822,0.34329
6248.893,0.34309
6246.964,0.34289
6245.036,0.34273
6243.107,0.34259
6241.178,0.34241
6239.250,0.34221
6237.321,0.34207
6235.392,0.34199
6233.464,0.34189
6231.535,0.34177
6229.606,0.34164
6227.678,0.34154
6225.749,0.34150
6223.820,0.34146
6221.892,0.34130
6219.963,0.34108
6218.034,0.34090
6216.106,0.34079
6214.177,0.34074
6212.248,0.34070
6210.320,0.34062
6208.391,0.34045
6206.462,0.34023
6204.533,0.34004
6202.605,0.33990
6200.676,0.33976
6198.747,0.33961
6196.819,0.33951
6194.890,0.33941
6192.961,0.33927
6191.033,0.33918
6189.104,0.33916
6187.175,0.33916
6185.247,0.33911
6183.318,0.33898
6181.389,0.33884
6179.461,0.33874
6177.532,0.33872
6175.603,0.33878
6173.675,0.33885
6171.746,0.33893
6169.817,0.33905
6167.889,0.33927
6165.960,0.33962
6164.031,0.34008
6162.103,0.34068
6160.174,0.34146
6158.245,0.34240
6156.317,0.34345
6154.388,0.34449
6152.459,0.34520
6150.531,0.34528
6148.602,0.34473
6146.673,0.34379
6144.745,0.34279
6142.816,0.34199
6140.887,0.34147
6138.959,0.34131
6137.030,0.34164
6135.101,0.34229
6133.173,0.34285
6131.244,0.34289
6129.315,0.34222
6127.387,0.34106
6125.458,0.33977
6123.529,0.33853
6121.601,0.33740
6119.672,0.33646
6117.743,0.33567
6115.815,0.33503
6113.886,0.33452
6111.957,0.33407
6110.029,0.33363
6108.100,0.33324
6106.171,0.33293
6104.243,0.33266
6102.314,0.33240
6100.385,0.33221
6098.457,0.33213
6096.528,0.33207
6094.599,0.33192
6092.671,0.33166
6090.742,0.33130
6088.813,0.33096
6086.885,0.33069
6084.956,0.33039
6083.027,0.33010
6081.099,0.32993
6079.170,0.32988
6077.241,0.32983
6075.313,0.32969
6073.384,0.32949
6071.455,0.32934
6069.527,0.32926
6067.598,0.32922
6065.669,0.32929
6063.741,0.32944
6061.812,0.32957
6059.883,0.32957
6057.955,0.32940
6056.026,0.32911
6054.097,0.32877
6052.169,0.32847
6050.240,0.32825
6048.311,0.32806
6046.383,0.32789
6044.454,0.32780
6042.525,0.32775
6040.596,0.32765
6038.668,0.32748
6036.739,0.32724
6034.810,0.32698
6032.882,0.32672
6030.953,0.32649
6029.024,0.32633
6027.096,0.32629
6025.167,0.32631
6023.238,0.32631
6021.310,0.32629
6019.381,0.32634
6017.452,0.32647
6015.524,0.32663
6013.595,0.32684
6011.666,0.32722
6009.738,0.32772
6007.809,0.32812
6005.880,0.32829
6003.952,0.32820
6002.023,0.32791
6000.094,0.32744
5998.166,0.32677
5996.237,0.32601
5994.308,0.32529
5992.380,0.32468
5990.451,0.32416
5988.522,0.32371
5986.594,0.32327
5984.665,0.32285
5982.736,0.32247
5980.808,0.32216
5978.879,0.32188
5976.950,0.32158
5975.022,0.32127
5973.093,0.32102
5971.164,0.32081
5969.236,0.32062
5967.307,0.32049
5965.378,0.32040
5963.450,0.32024
5961.521,0.32002
5959.592,0.31981
5957.664,0.31965
5955.735,0.31947
5953.806,0.31928
5951.878,0.31912
5949.949,0.31899
5948.020,0.31884
5946.092,0.31865
5944.163,0.31847
5942.234,0.31833
5940.306,0.31823
5938.377,0.31817
5936.448,0.31808
5934.520,0.31793
5932.591,0.31776
5930.662,0.31761
5928.734,0.31748
5926.805,0.31736
5924.876,0.31726
5922.948,0.31715
5921.019,0.31703
5919.090,0.31694
5917.162,0.31692
5915.233,0.31688
5913.304,0.31675
5911.376,0.31658
5909.447,0.31649
5907.518,0.31647
5905.590,0.31645
5903.661,0.31638
5901.732,0.31625
5899.804,0.31611
5897.875,0.31598
5895.946,0.31586
5894.018,0.31577
5892.089,0.31562
5890.160,0.31541
5888.232,0.31516
5886.303,0.31492
5884.374,0.31475
5882.445,0.31460
5880.517,0.31445
5878.588,0.31434
5876.659,0.31423
5874.731,0.31409
5872.802,0.31397
5870.873,0.31390
5868.945,0.31387
5867.016,0.31388
5865.087,0.31387
5863.159,0.31385
5861.230,0.31382
5859.301,0.31375
5857.373,0.31367
5855.444,0.31364
5853.515,0.31364
5851.587,0.31365
5849.658,0.31368
5847.729,0.31369
5845.801,0.31372
5843.872,0.31374
5841.943,0.31372
5840.015,0.31367
5838.086,0.31361
5836.157,0.31352
5834.229,0.31333
5832.300,0.31299
5830.371,0.31255
5828.443,0.31211
5826.514,0.31171
5824.585,0.31136
5822.657,0.31108
5820.728,0.31080
5818.799,0.31048
5816.871,0.31014
5814.942,0.30985
5813.013,0.30965
5811.085,0.30948
5809.156,0.30927
5807.227,0.30907
5805.299,0.30887
5803.370,0.30870
5801.441,0.30854
5799.513,0.30834
5797.584,0.30811
5795.655,0.30792
5793.727,0.30775
5791.798,0.30755
5789.869,0.30735
5787.941,0.30715
5786.012,0.30698
5784.083,0.30684
5782.155,0.30667
5780.226,0.30645
5778.297,0.30625
5776.369,0.30610
5774.440,0.30598
5772.511,0.30584
5770.583,0.30559
5768.654,0.30528
5766.725,0.30502
5764.797,0.30483
5762.868,0.30461
5760.939,0.30434
5759.011,0.30407
5757.082,0.30384
5755.153,0.30368
5753.225,0.30353
5751.296,0.30336
5749.367,0.30321
5747.439,0.30308
5745.510,0.30293
5743.581,0.30276
5741.653,0.30257
5739.724,0.30239
5737.795,0.30227
5735.867,0.30218
5733.938,0.30205
5732.009,0.30188
5730.081,0.30175
5728.152,0.30166
5726.223,0.30160
5724.295,0.30150
5722.366,0.30139
5720.437,0.30131
5718.508,0.30125
5716.580,0.30123
5714.651,0.30129
5712.722,0.30138
5710.794,0.30143
5708.865,0.30146
5706.936,0.30154
5705.008,0.30168
5703.079,0.30182
5701.150,0.30192
5699.222,0.30191
5697.293,0.30172
5695.364,0.30136
5693.436,0.30087
5691.507,0.30036
5689.578,0.29988
5687.650,0.29947
5685.721,0.29914
5683.792,0.29886
5681.864,0.29860
5679.935,0.29839
5678.006,0.29819
5676.078,0.29799
5674.149,0.29777
5672.220,0.29754
5670.292,0.29733
5668.363,0.29715
5666.434,0.29695
5664.506,0.29670
5662.577,0.29648
5660.648,0.29630
5658.720,0.29608
5656.791,0.29582
5654.862,0.29557
5652.934,0.29536
5651.005,0.29515
5649.076,0.29490
5647.148,0.29465
5645.219,0.29443
5643.290,0.29426
5641.362,0.29410
5639.433,0.29390
5637.504,0.29370
5635.576,0.29354
5633.647,0.29341
5631.718,0.29325
5629.790,0.29304
5627.861,0.29283
5625.932,0.29270
5624.004,0.29261
5622.075,0.29247
5620.146,0.29226
5618.218,0.29205
5616.289,0.29190
5614.360,0.29176
5612.432,0.29161
5610.503,0.29147
5608.574,0.29131
5606.646,0.29115
5604.717,0.29099
5602.788,0.29079
5600.860,0.29058
5598.931,0.29041
5597.002,0.29023
5595.074,0.29006
5593.145,0.28987
5591.216,0.28965
5589.288,0.28943
5587.359,0.28916
5585.430,0.28886
5583.502,0.28865
5581.573,0.28853
5579.644,0.28841
5577.716,0.28826
5575.787,0.28808
5573.858,0.28790
5571.930,0.28774
5570.001,0.28761
5568.072,0.28750
5566.144,0.28737
5564.215,0.28721
5562.286,0.28703
5560.357,0.28685
5558.429,0.28668
5556.500,0.28652
5554.571,0.28637
5552.643,0.28621
5550.714,0.28602
5548.785,0.28583
5546.857,0.28565
5544.928,0.28547
5542.999,0.28532
5541.071,0.28518
5539.142,0.28504
5537.213,0.28488
5535.285,0.28472
5533.356,0.28456
5531.427,0.28439
5529.499,0.28422
5527.570,0.28406
5525.641,0.28391
5523.713,0.28376
5521.784,0.28362
5519.855,0.28351
5517.927,0.28338
5515.998,0.28322
5514.069,0.28302
5512.141,0.28284
5510.212,0.28274
5508.283,0.28268
5506.355,0.28256
5504.426,0.28244
5502.497,0.28235
5500.569,0.28226
5498.640,0.28212
5496.711,0.28193
5494.783,0.28173
5492.854,0.28154
5490.925,0.28135
5488.997,0.28117
5487.068,0.28097
5485.139,0.28076
5483.211,0.28051
5481.282,0.28029
5479.353,0.28012
5477.425,0.27998
5475.496,0.27981
5473.567,0.27963
5471.639,0.27945
5469.710,0.27927
5467.781,0.27905
5465.853,0.27881
5463.924,0.27861
5461.995,0.27847
5460.067,0.27837
5458.138,0.27825
5456.209,0.27812
5454.281,0.27797
5452.352,0.27776
5450.423,0.27752
5448.495,0.27731
5446.566,0.27713
5444.637,0.27695
5442.709,0.27678
5440.780,0.27664
5438.851,0.27653
5436.923,0.27642
5434.994,0.27630
5433.065,0.27615
5431.137,0.27598
5429.208,0.27582
5427.279,0.27568
5425.351,0.27555
5423.422,0.27538
5421.493,0.27519
5419.565,0.27504
5417.636,0.27488
5415.707,0.27470
5413.779,0.27456
5411.850,0.27449
5409.921,0.27440
5407.993,0.27426
5406.064,0.27409
5404.135,0.27389
5402.207,0.27371
5400.278,0.27354
5398.349,0.27340
5396.420,0.27327
5394.492,0.27313
5392.563,0.27299
5390.634,0.27284
5388.706,0.27271
5386.777,0.27253
5384.848,0.27232
5382.920,0.27213
5380.991,0.27197
5379.062,0.27182
5377.134,0.27167
5375.205,0.27153
5373.276,0.27140
5371.348,0.27125
5369.419,0.27108
5367.490,0.27090
5365.562,0.27073
5363.633,0.27059
5361.704,0.27047
5359.776,0.27034
5357.847,0.27019
5355.918,0.27004
5353.990,0.26992
5352.061,0.26983
5350.132,0.26971
5348.204,0.26956
5346.275,0.26937
5344.346,0.26920
5342.418,0.26903
5340.489,0.26885
5338.560,0.26869
5336.632,0.26858
5334.703,0.26847
5332.774,0.26835
5330.846,0.26817
5328.917,0.26795
5326.988,0.26774
5325.060,0.26755
5323.131,0.26738
5321.202,0.26720
5319.274,0.26703
5317.345,0.26693
5315.416,0.26686
5313.488,0.26675
5311.559,0.26659
5309.630,0.26641
5307.702,0.26623
5305.773,0.26607
5303.844,0.26592
5301.916,0.26577
5299.987,0.26563
5298.058,0.26547
5296.130,0.26528
5294.201,0.26509
5292.272,0.26492
5290.344,0.26477
5288.415,0.26463
5286.486,0.26451
5284.558,0.26438
5282.629,0.26424
5280.700,0.26412
5278.772,0.26400
5276.843,0.26384
5274.914,0.26367
5272.986,0.26353
5271.057,0.26341
5269.128,0.26325
5267.200,0.26306
5265.271,0.26291
5263.342,0.26281
5261.414,0.26269
5259.485,0.26253
5257.556,0.26237
5255.628,0.26222
5253.699,0.26209
5251.770,0.26197
5249.842,0.26185
5247.913,0.26172
5245.984,0.26158
5244.056,0.26145
5242.127,0.26131
5240.198,0.26115
5238.269,0.26101
5236.341,0.26088
5234.412,0.26075
5232.483,0.26064
5230.555,0.26050
5228.626,0.26030
5226.697,0.26012
5224.769,0.25998
5222.840,0.25984
5220.911,0.25969
5218.983,0.25954
5217.054,0.25938
5215.125,0.25924
5213.197,0.25911
5211.268,0.25896
5209.339,0.25878
5207.411,0.25861
5205.482,0.25848
5203.553,0.25837
5201.625,0.25823
5199.696,0.25806
5197.767,0.25790
5195.839,0.25778
5193.910,0.25764
5191.981,0.25746
5190.053,0.25727
5188.124,0.25710
5186.195,0.25693
5184.267,0.25678
5182.338,0.25667
5180.409,0.25655
5178.481,0.25645
5176.552,0.25633
5174.623,0.25613
5172.695,0.25592
5170.766,0.25576
5168.837,0.25562
5166.909,0.25546
5164.980,0.25530
5163.051,0.25516
5161.123,0.25500
5159.194,0.25483
5157.265,0.25467
5155.337,0.25454
5153.408,0.25444
5151.479,0.25430
5149.551,0.25412
5147.622,0.25394
5145.693,0.25377
5143.765,0.25360
5141.836,0.25345
5139.907,0.25329
5137.979,0.25311
5136.050,0.25293
5134.121,0.25280
5132.193,0.25266
5130.264,0.25250
5128.335,0.25234
5126.407,0.25220
5124.478,0.25209
5122.549,0.25198
5120.621,0.25185
5118.692,0.25166
5116.763,0.25146
5114.835,0.25131
5112.906,0.25118
5110.977,0.25102
5109.049,0.25084
5107.120,0.25068
5105.191,0.25054
5103.263,0.25041
5101.334,0.25028
5099.405,0.25017
5097.477,0.25004
5095.548,0.24990
5093.619,0.24977
5091.691,0.24966
5089.762,0.24956
5087.833,0.24944
5085.905,0.24928
5083.976,0.24912
5082.047,0.24895
5080.119,0.24876
5078.190,0.24856
5076.261,0.24841
5074.332,0.24830
5072.404,0.24818
5070.475,0.24803
5068.546,0.24783
5066.618,0.24763
5064.689,0.24747
5062.760,0.24736
5060.832,0.24724
5058.903,0.24709
5056.974,0.24691
5055.046,0.24671
5053.117,0.24652
5051.188,0.24636
5049.260,0.24622
5047.331,0.24608
5045.402,0.24593
5043.474,0.24576
5041.545,0.24562
5039.616,0.24549
5037.688,0.24536
5035.759,0.24523
5033.830,0.24510
5031.902,0.24496
5029.973,0.24482
5028.044,0.24466
5026.116,0.24447
5024.187,0.24428
5022.258,0.24412
5020.330,0.24399
5018.401,0.24387
5016.472,0.24373
5014.544,0.24360
5012.615,0.24351
5010.686,0.24341
5008.758,0.24328
5006.829,0.24312
5004.900,0.24298
5002.972,0.24287
5001.043,0.24277
4999.114,0.24262
4997.186,0.24243
4995.257,0.24224
4993.328,0.24207
4991.400,0.24195
4989.471,0.24183
4987.542,0.24168
4985.614,0.24153
4983.685,0.24135
4981.756,0.24117
4979.828,0.24101
4977.899,0.24089
4975.970,0.24078
4974.042,0.24066
4972.113,0.24054
4970.184,0.24041
4968.256,0.24029
4966.327,0.24017
4964.398,0.24004
4962.470,0.23991
4960.541,0.23976
4958.612,0.23961
4956.684,0.23947
4954.755,0.23937
4952.826,0.23927
4950.898,0.23914
4948.969,0.23899
4947.040,0.23884
4945.112,0.23869
4943.183,0.23852
4941.254,0.23835
4939.326,0.23818
4937.397,0.23803
4935.468,0.23786
4933.540,0.23768
4931.611,0.23754
4929.682,0.23743
4927.754,0.23728
4925.825,0.23710
4923.896,0.23693
4921.968,0.23678
4920.039,0.23667
4918.110,0.23655
4916.181,0.23636
4914.253,0.23617
4912.324,0.23602
4910.395,0.23589
4908.467,0.23576
4906.538,0.23562
4904.609,0.23551
4902.681,0.23541
4900.752,0.23526
4898.823,0.23506
4896.895,0.23486
4894.966,0.23472
4893.037,0.23458
4891.109,0.23443
4889.180,0.23429
4887.251,0.23414
4885.323,0.23400
4883.394,0.23387
4881.465,0.23374
4879.537,0.23356
4877.608,0.23338
4875.679,0.23323
4873.751,0.23310
4871.822,0.23299
4869.893,0.23287
4867.965,0.23274
4866.036,0.23262
4864.107,0.23250
4862.179,0.23234
4860.250,0.23217
4858.321,0.23204
4856.393,0.23192
4854.464,0.23179
4852.535,0.23162
4850.607,0.23144
4848.678,0.23125
4846.749,0.23108
4844.821,0.23095
4842.892,0.23085
4840.963,0.23074
4839.035,0.23057
4837.106,0.23037
4835.177,0.23019
4833.249,0.23003
4831.320,0.22989
4829.391,0.22974
4827.463,0.22960
4825.534,0.22945
4823.605,0.22930
4821.677,0.22915
4819.748,0.22900
4817.819,0.22883
4815.891,0.22867
4813.962,0.22854
4812.033,0.22840
4810.105,0.22826
4808.176,0.22813
4806.247,0.22797
4804.319,0.22780
4802.390,0.22763
4800.461,0.22746
4798.533,0.22730
4796.604,0.22717
4794.675,0.22704
4792.747,0.22689
4790.818,0.22674
4788.889,0.22657
4786.961,0.22641
4785.032,0.22628
4783.103,0.22618
4781.175,0.22609
4779.246,0.22599
4777.317,0.22584
4775.389,0.22567
4773.460,0.22553
4771.531,0.22542
4769.603,0.22531
4767.674,0.22517
4765.745,0.22502
4763.817,0.22488
4761.888,0.22476
4759.959,0.22467
4758.031,0.22457
4756.102,0.22446
4754.173,0.22432
4752.244,0.22413
4750.316,0.22395
4748.387,0.22380
4746.458,0.22364
4744.530,0.22349
4742.601,0.22335
4740.672,0.22320
4738.744,0.22303
4736.815,0.22285
4734.886,0.22268
4732.958,0.22252
4731.029,0.22239
4729.100,0.22228
4727.172,0.22213
4725.243,0.22198
4723.314,0.22185
4721.386,0.22174
4719.457,0.22166
4717.528,0.22154
4715.600,0.22135
4713.671,0.22118
4711.742,0.22107
4709.814,0.22096
4707.885,0.22081
4705.956,0.22066
4704.028,0.22053
4702.099,0.22041
4700.170,0.22030
4698.242,0.22020
4696.313,0.22009
4694.384,0.21995
4692.456,0.21979
4690.527,0.21966
4688.598,0.21953
4686.670,0.21938
4684.741,0.21924
4682.812,0.21913
4680.884,0.21902
4678.955,0.21887
4677.026,0.21872
4675.098,0.21857
4673.169,0.21844
4671.240,0.21832
4669.312,0.21821
4667.383,0.21808
4665.454,0.21794
4663.526,0.21777
4661.597,0.21759
4659.668,0.21744
4657.740,0.21733
4655.811,0.21721
4653.882,0.21705
4651.954,0.21690
4650.025,0.21677
4648.096,0.21664
4646.168,0.21648
4644.239,0.21632
4642.310,0.21616
4640.382,0.21601
4638.453,0.21586
4636.524,0.21569
4634.596,0.21550
4632.667,0.21534
4630.738,0.21520
4628.810,0.21504
4626.881,0.21487
4624.952,0.21474
4623.024,0.21464
4621.095,0.21456
4619.166,0.21449
4617.238,0.21442
4615.309,0.21433
4613.380,0.21419
4611.452,0.21408
4609.523,0.21404
4607.594,0.21399
4605.666,0.21389
4603.737,0.21376
4601.808,0.21360
4599.880,0.21344
4597.951,0.21328
4596.022,0.21311
4594.093,0.21292
4592.165,0.21276
4590.236,0.21261
4588.307,0.21247
4586.379,0.21232
4584.450,0.21216
4582.521,0.21202
4580.593,0.21189
4578.664,0.21178
4576.735,0.21170
4574.807,0.21163
4572.878,0.21153
4570.949,0.21137
4569.021,0.21120
4567.092,0.21105
4565.163,0.21093
4563.235,0.21078
4561.306,0.21061
4559.377,0.21044
4557.449,0.21028
4555.520,0.21014
4553.591,0.21002
4551.663,0.20991
4549.734,0.20984
4547.805,0.20977
4545.877,0.20969
4543.948,0.20959
4542.019,0.20951
4540.091,0.20944
4538.162,0.20938
4536.233,0.20936
4534.305,0.20939
4532.376,0.20940
4530.447,0.20935
4528.519,0.20922
4526.590,0.20906
4524.661,0.20891
4522.733,0.20885
4520.804,0.20885
4518.875,0.20886
4516.947,0.20884
4515.018,0.20876
4513.089,0.20863
4511.161,0.20850
4509.232,0.20843
4507.303,0.20849
4505.375,0.20870
4503.446,0.20903
4501.517,0.20948
4499.589,0.21007
4497.660,0.21094
4495.731,0.21210
4493.803,0.21324
4491.874,0.21390
4489.945,0.21387
4488.017,0.21339
4486.088,0.21288
4484.159,0.21258
4482.231,0.21231
4480.302,0.21172
4478.373,0.21074
4476.445,0.20965
4474.516,0.20874
4472.587,0.20816
4470.659,0.20792
4468.730,0.20797
4466.801,0.20823
4464.873,0.20863
4462.944,0.20909
4461.015,0.20944
4459.087,0.20958
4457.158,0.20957
4455.229,0.20948
4453.301,0.20930
4451.372,0.20902
4449.443,0.20865
4447.515,0.20821
4445.586,0.20772
4443.657,0.20720
4441.729,0.20674
4439.800,0.20636
4437.871,0.20605
4435.943,0.20585
4434.014,0.20580
4432.085,0.20590
4430.156,0.20616
4428.228,0.20658
4426.299,0.20710
4424.370,0.20765
4422.442,0.20825
4420.513,0.20897
4418.584,0.20979
4416.656,0.21055
4414.727,0.21100
4412.798,0.21110
4410.870,0.21100
4408.941,0.21097
4407.012,0.21107
4405.084,0.21123
4403.155,0.21134
4401.226,0.21132
4399.298,0.21104
4397.369,0.21046
4395.440,0.20973
4393.512,0.20908
4391.583,0.20865
4389.654,0.20847
4387.726,0.20844
4385.797,0.20852
4383.868,0.20868
4381.940,0.20889
4380.011,0.20898
4378.082,0.20874
4376.154,0.20811
4374.225,0.20721
4372.296,0.20617
4370.368,0.20514
4368.439,0.20423
4366.510,0.20345
4364.582,0.20282
4362.653,0.20234
4360.724,0.20198
4358.796,0.20172
4356.867,0.20160
4354.938,0.20169
4353.010,0.20197
4351.081,0.20242
4349.152,0.20304
4347.224,0.20380
4345.295,0.20458
4343.366,0.20530
4341.438,0.20588
4339.509,0.20629
4337.580,0.20654
4335.652,0.20660
4333.723,0.20647
4331.794,0.20618
4329.866,0.20587
4327.937,0.20578
4326.008,0.20619
4324.080,0.20715
4322.151,0.20841
4320.222,0.20943
4318.294,0.20958
4316.365,0.20885
4314.436,0.20791
4312.508,0.20738
4310.579,0.20713
4308.650,0.20664
4306.722,0.20569
4304.793,0.20455
4302.864,0.20363
4300.936,0.20307
4299.007,0.20278
4297.078,0.20270
4295.150,0.20283
4293.221,0.20313
4291.292,0.20346
4289.364,0.20363
4287.435,0.20348
4285.506,0.20312
4283.578,0.20269
4281.649,0.20221
4279.720,0.20162
4277.792,0.20087
4275.863,0.20000
4273.934,0.19910
4272.005,0.19826
4270.077,0.19750
4268.148,0.19682
4266.219,0.19622
4264.291,0.19572
4262.362,0.19530
4260.433,0.19496
4258.505,0.19471
4256.576,0.19452
4254.647,0.19438
4252.719,0.19424
4250.790,0.19398
4248.861,0.19355
4246.933,0.19305
4245.004,0.19256
4243.075,0.19213
4241.147,0.19179
4239.218,0.19153
4237.289,0.19131
4235.361,0.19113
4233.432,0.19098
4231.503,0.19087
4229.575,0.19080
4227.646,0.19081
4225.717,0.19089
4223.789,0.19098
4221.860,0.19106
4219.931,0.19114
4218.003,0.19122
4216.074,0.19127
4214.145,0.19123
4212.217,0.19114
4210.288,0.19102
4208.359,0.19092
4206.431,0.19089
4204.502,0.19092
4202.573,0.19094
4200.645,0.19090
4198.716,0.19083
4196.787,0.19070
4194.859,0.19045
4192.930,0.19012
4191.001,0.18973
4189.073,0.18935
4187.144,0.18900
4185.215,0.18868
4183.287,0.18838
4181.358,0.18811
4179.429,0.18784
4177.501,0.18754
4175.572,0.18727
4173.643,0.18703
4171.715,0.18679
4169.786,0.18657
4167.857,0.18638
4165.929,0.18619
4164.000,0.18598
4162.071,0.18579
4160.143,0.18558
4158.214,0.18538
4156.285,0.18521
4154.357,0.18504
4152.428,0.18484
4150.499,0.18466
4148.571,0.18451
4146.642,0.18434
4144.713,0.18418
4142.785,0.18404
4140.856,0.18390
4138.927,0.18376
4136.999,0.18363
4135.070,0.18351
4133.141,0.18340
4131.213,0.18330
4129.284,0.18319
4127.355,0.18309
4125.427,0.18299
4123.498,0.18291
4121.569,0.18287
4119.641,0.18291
4117.712,0.18297
4115.783,0.18308
4113.855,0.18326
4111.926,0.18350
4109.997,0.18373
4108.068,0.18393
4106.140,0.18406
4104.211,0.18406
4102.282,0.18400
4100.354,0.18395
4098.425,0.18394
4096.496,0.18395
4094.568,0.18390
4092.639,0.18372
4090.710,0.18344
4088.782,0.18309
4086.853,0.18268
4084.924,0.18228
4082.996,0.18190
4081.067,0.18153
4079.138,0.18116
4077.210,0.18082
4075.281,0.18048
4073.352,0.18010
4071.424,0.17972
4069.495,0.17937
4067.566,0.17905
4065.638,0.17873
4063.709,0.17843
4061.780,0.17816
4059.852,0.17793
4057.923,0.17773
4055.994,0.17754
4054.066,0.17736
4052.137,0.17721
4050.208,0.17708
4048.280,0.17695
4046.351,0.17683
4044.422,0.17673
4042.494,0.17667
4040.565,0.17665
4038.636,0.17664
4036.708,0.17661
4034.779,0.17660
4032.850,0.17661
4030.922,0.17666
4028.993,0.17679
4027.064,0.17697
4025.136,0.17718
4023.207,0.17735
4021.278,0.17741
4019.350,0.17734
4017.421,0.17719
4015.492,0.17703
4013.564,0.17688
4011.635,0.17673
4009.706,0.17656
4007.778,0.17634
4005.849,0.17614
4003.920,0.17600
4001.992,0.17592
4000.063,0.17593
3998.134,0.17604
3996.206,0.17618
3994.277,0.17627
3992.348,0.17628
3990.420,0.17619
3988.491,0.17602
3986.562,0.17578
3984.634,0.17550
3982.705,0.17517
3980.776,0.17479
3978.848,0.17434
3976.919,0.17386
3974.990,0.17343
3973.062,0.17303
3971.133,0.17266
3969.204,0.17236
3967.276,0.17214
3965.347,0.17194
3963.418,0.17178
3961.490,0.17164
3959.561,0.17151
3957.632,0.17136
3955.704,0.17118
3953.775,0.17100
3951.846,0.17085
3949.917,0.17069
3947.989,0.17049
3946.060,0.17026
3944.131,0.17003
3942.203,0.16982
3940.274,0.16963
3938.345,0.16950
3936.417,0.16941
3934.488,0.16939
3932.559,0.16939
3930.631,0.16936
3928.702,0.16930
3926.773,0.16921
3924.845,0.16914
3922.916,0.16908
3920.987,0.16898
3919.059,0.16877
3917.130,0.16848
3915.201,0.16822
3913.273,0.16800
3911.344,0.16777
3909.415,0.16752
3907.487,0.16724
3905.558,0.16696
3903.629,0.16671
3901.701,0.16650
3899.772,0.16632
3897.843,0.16621
3895.915,0.16611
3893.986,0.16597
3892.057,0.16585
3890.129,0.16576
3888.200,0.16565
3886.271,0.16552
3884.343,0.16541
3882.414,0.16527
3880.485,0.16510
3878.557,0.16494
3876.628,0.16478
3874.699,0.16461
3872.771,0.16445
3870.842,0.16428
3868.913,0.16412
3866.985,0.16400
3865.056,0.16390
3863.127,0.16382
3861.199,0.16375
3859.270,0.16364
3857.341,0.16345
3855.413,0.16320
3853.484,0.16298
3851.555,0.16281
3849.627,0.16269
3847.698,0.16255
3845.769,0.16236
3843.841,0.16217
3841.912,0.16202
3839.983,0.16190
3838.055,0.16183
3836.126,0.16180
3834.197,0.16176
3832.269,0.16168
3830.340,0.16158
3828.411,0.16145
3826.483,0.16129
3824.554,0.16112
3822.625,0.16092
3820.697,0.16074
3818.768,0.16062
3816.839,0.16054
3814.911,0.16047
3812.982,0.16041
3811.053,0.16025
3809.125,0.16002
3807.196,0.15983
3805.267,0.15972
3803.339,0.15959
3801.410,0.15947
3799.481,0.15938
3797.553,0.15928
3795.624,0.15918
3793.695,0.15909
3791.767,0.15897
3789.838,0.15881
3787.909,0.15863
3785.980,0.15842
3784.052,0.15819
3782.123,0.15797
3780.194,0.15780
3778.266,0.15766
3776.337,0.15755
3774.408,0.15742
3772.480,0.15724
3770.551,0.15708
3768.622,0.15697
3766.694,0.15688
3764.765,0.15679
3762.836,0.15668
3760.908,0.15654
3758.979,0.15644
3757.050,0.15640
3755.122,0.15632
3753.193,0.15619
3751.264,0.15607
3749.336,0.15595
3747.407,0.15583
3745.478,0.15570
3743.550,0.15561
3741.621,0.15554
3739.692,0.15544
3737.764,0.15529
3735.835,0.15512
3733.906,0.15495
3731.978,0.15482
3730.049,0.15470
3728.120,0.15461
3726.192,0.15449
3724.263,0.15436
3722.334,0.15425
3720.406,0.15418
3718.477,0.15411
3716.548,0.15404
3714.620,0.15396
3712.691,0.15385
3710.762,0.15379
3708.834,0.15377
3706.905,0.15375
3704.976,0.15373
3703.048,0.15370
3701.119,0.15362
3699.190,0.15351
3697.262,0.15340
3695.333,0.15328
3693.404,0.15316
3691.476,0.15305
3689.547,0.15298
3687.618,0.15297
3685.690,0.15305
3683.761,0.15315
3681.832,0.15322
3679.904,0.15329
3677.975,0.15334
3676.046,0.15337
3674.118,0.15345
3672.189,0.15353
3670.260,0.15360
3668.332,0.15367
3666.403,0.15369
3664.474,0.15362
3662.546,0.15355
3660.617,0.15351
3658.688,0.15344
3656.760,0.15334
3654.831,0.15326
3652.902,0.15315
3650.974,0.15301
3649.045,0.15290
3647.116,0.15283
3645.188,0.15278
3643.259,0.15275
3641.330,0.15271
3639.402,0.15262
3637.473,0.15254
3635.544,0.15249
3633.616,0.15245
3631.687,0.15242
3629.758,0.15240
3627.830,0.15240
3625.901,0.15243
3623.972,0.15248
3622.043,0.15249
3620.115,0.15250
3618.186,0.15254
3616.257,0.15257
3614.329,0.15261
3612.400,0.15270
3610.471,0.15278
3608.543,0.15285
3606.614,0.15293
3604.685,0.15298
3602.757,0.15296
3600.828,0.15293
3598.899,0.15291
3596.971,0.15290
3595.042,0.15293
3593.113,0.15297
3591.185,0.15297
3589.256,0.15296
3587.327,0.15298
3585.399,0.15298
3583.470,0.15298
3581.541,0.15299
3579.613,0.15298
3577.684,0.15294
3575.755,0.15293
3573.827,0.15296
3571.898,0.15299
3569.969,0.15303
3568.041,0.15306
3566.112,0.15310
3564.183,0.15319
3562.255,0.15329
3560.326,0.15337
3558.397,0.15344
3556.469,0.15350
3554.540,0.15354
3552.611,0.15358
3550.683,0.15366
3548.754,0.15373
3546.825,0.15383
3544.897,0.15398
3542.968,0.15413
3541.039,0.15428
3539.111,0.15442
3537.182,0.15450
3535.253,0.15450
3533.325,0.15446
3531.396,0.15439
3529.467,0.15427
3527.539,0.15416
3525.610,0.15406
3523.681,0.15398
3521.753,0.15392
3519.824,0.15388
3517.895,0.15381
3515.967,0.15373
3514.038,0.15370
3512.109,0.15367
3510.181,0.15366
3508.252,0.15369
3506.323,0.15370
3504.395,0.15369
3502.466,0.15371
3500.537,0.15374
3498.609,0.15381
3496.680,0.15391
3494.751,0.15403
3492.823,0.15413
3490.894,0.15425
3488.965,0.15437
3487.037,0.15444
3485.108,0.15449
3483.179,0.15454
3481.251,0.15457
3479.322,0.15460
3477.393,0.15464
3475.465,0.15468
3473.536,0.15472
3471.607,0.15477
3469.679,0.15482
3467.750,0.15487
3465.821,0.15494
3463.892,0.15495
3461.964,0.15487
3460.035,0.15476
3458.106,0.15463
3456.178,0.15448
3454.249,0.15435
3452.320,0.15427
3450.392,0.15421
3448.463,0.15416
3446.534,0.15410
3444.606,0.15399
3442.677,0.15388
3440.748,0.15378
3438.820,0.15368
3436.891,0.15355
3434.962,0.15341
3433.034,0.15325
3431.105,0.15309
3429.176,0.15299
3427.248,0.15293
3425.319,0.15289
3423.390,0.15291
3421.462,0.15296
3419.533,0.15300
3417.604,0.15302
3415.676,0.15297
3413.747,0.15278
3411.818,0.15247
3409.890,0.15208
3407.961,0.15161
3406.032,0.15116
3404.104,0.15074
3402.175,0.15032
3400.246,0.14989
3398.318,0.14948
3396.389,0.14909
3394.460,0.14875
3392.532,0.14848
3390.603,0.14823
3388.674,0.14796
3386.746,0.14773
3384.817,0.14753
3382.888,0.14734
3380.960,0.14718
3379.031,0.14702
3377.102,0.14678
3375.174,0.14651
3373.245,0.14624
3371.316,0.14596
3369.388,0.14570
3367.459,0.14547
3365.530,0.14521
3363.602,0.14491
3361.673,0.14463
3359.744,0.14437
3357.816,0.14414
3355.887,0.14395
3353.958,0.14376
3352.030,0.14354
3350.101,0.14332
3348.172,0.14307
3346.244,0.14275
3344.315,0.14238
3342.386,0.14201
3340.458,0.14165
3338.529,0.14131
3336.600,0.14100
3334.672,0.14073
3332.743,0.14050
3330.814,0.14031
3328.886,0.14015
3326.957,0.14001
3325.028,0.13992
3323.100,0.13982
3321.171,0.13971
3319.242,0.13958
3317.314,0.13940
3315.385,0.13917
3313.456,0.13890
3311.528,0.13859
3309.599,0.13828
3307.670,0.13802
3305.742,0.13778
3303.813,0.13757
3301.884,0.13736
3299.955,0.13715
3298.027,0.13694
3296.098,0.13675
3294.169,0.13655
3292.241,0.13630
3290.312,0.13604
3288.383,0.13583
3286.455,0.13562
3284.526,0.13539
3282.597,0.13519
3280.669,0.13500
3278.740,0.13482
3276.811,0.13466
3274.883,0.13451
3272.954,0.13434
3271.025,0.13418
3269.097,0.13402
3267.168,0.13386
3265.239,0.13371
3263.311,0.13355
3261.382,0.13337
3259.453,0.13321
3257.525,0.13308
3255.596,0.13297
3253.667,0.13288
3251.739,0.13277
3249.810,0.13262
3247.881,0.13244
3245.953,0.13224
3244.024,0.13205
3242.095,0.13190
3240.167,0.13176
3238.238,0.13160
3236.309,0.13146
3234.381,0.13132
3232.452,0.13118
3230.523,0.13107
3228.595,0.13096
3226.666,0.13085
3224.737,0.13077
3222.809,0.13071
3220.880,0.13063
3218.951,0.13054
3217.023,0.13046
3215.094,0.13040
3213.165,0.13033
3211.237,0.13027
3209.308,0.13018
3207.379,0.13007
3205.451,0.13000
3203.522,0.12994
3201.593,0.12990
3199.665,0.12992
3197.736,0.12999
3195.807,0.13010
3193.879,0.13028
3191.950,0.13053
3190.021,0.13083
3188.093,0.13122
3186.164,0.13166
3184.235,0.13211
3182.307,0.13249
3180.378,0.13271
3178.449,0.13275
3176.521,0.13270
3174.592,0.13267
3172.663,0.13271
3170.735,0.13286
3168.806,0.13309
3166.877,0.13338
3164.949,0.13374
3163.020,0.13415
3161.091,0.13455
3159.163,0.13495
3157.234,0.13535
3155.305,0.13570
3153.377,0.13598
3151.448,0.13627
3149.519,0.13657
3147.591,0.13693
3145.662,0.13744
3143.733,0.13812
3141.804,0.13891
3139.876,0.13975
3137.947,0.14053
3136.018,0.14114
3134.090,0.14153
3132.161,0.14167
3130.232,0.14160
3128.304,0.14146
3126.375,0.14139
3124.446,0.14145
3122.518,0.14172
3120.589,0.14225
3118.660,0.14301
3116.732,0.14402
3114.803,0.14529
3112.874,0.14676
3110.946,0.14834
3109.017,0.14995
3107.088,0.15140
3105.160,0.15269
3103.231,0.15402
3101.302,0.15551
3099.374,0.15729
3097.445,0.15945
3095.516,0.16202
3093.588,0.16515
3091.659,0.16926
3089.730,0.17502
3087.802,0.18365
3085.873,0.19744
3083.944,0.22061
3082.016,0.26164
3080.087,0.33476
3078.158,0.44785
3076.230,0.56096
3074.301,0.57587
3072.372,0.49906
3070.444,0.44480
3068.515,0.46163
3066.586,0.50365
3064.658,0.47543
3062.729,0.37987
3060.800,0.29229
3058.872,0.23826
3056.943,0.20816
3055.014,0.18963
3053.086,0.17649
3051.157,0.16715
3049.228,0.16098
3047.300,0.15700
3045.371,0.15429
3043.442,0.15248
3041.514,0.15169
3039.585,0.15186
3037.656,0.15202
3035.728,0.15092
3033.799,0.14885
3031.870,0.14739
3029.942,0.14728
3028.013,0.14783
3026.084,0.14810
3024.156,0.14784
3022.227,0.14743
3020.298,0.14745
3018.370,0.14828
3016.441,0.15010
3014.512,0.15314
3012.584,0.15780
3010.655,0.16465
3008.726,0.17495
3006.798,0.19018
3004.869,0.20915
3002.940,0.22477
3001.012,0.22766
2999.083,0.21609
2997.154,0.19770
2995.226,0.18060
2993.297,0.16780
2991.368,0.15888
2989.440,0.15277
2987.511,0.14866
2985.582,0.14596
2983.654,0.14426
2981.725,0.14330
2979.796,0.14286
2977.867,0.14283
2975.939,0.14319
2974.010,0.14383
2972.081,0.14473
2970.153,0.14594
2968.224,0.14742
2966.295,0.14908
2964.367,0.15092
2962.438,0.15292
2960.509,0.15495
2958.581,0.15705
2956.652,0.15929
2954.723,0.16189
2952.795,0.16527
2950.866,0.16923
2948.937,0.17230
2947.009,0.17294
2945.080,0.17148
2943.151,0.16983
2941.223,0.16960
2939.294,0.17121
2937.365,0.17441
2935.437,0.17903
2933.508,0.18498
2931.579,0.19210
2929.651,0.20041
2927.722,0.21020
2925.793,0.22178
2923.865,0.23498
2921.936,0.24850
2920.007,0.25908
2918.079,0.26183
2916.150,0.25347
2914.221,0.23679
2912.293,0.21887
2910.364,0.20456
2908.435,0.19447
2906.507,0.18741
2904.578,0.18234
2902.649,0.17845
2900.721,0.17517
2898.792,0.17221
2896.863,0.16942
2894.935,0.16671
2893.006,0.16408
2891.077,0.16155
2889.149,0.15904
2887.220,0.15651
2885.291,0.15396
2883.363,0.15139
2881.434,0.14886
2879.505,0.14656
2877.577,0.14473
2875.648,0.14362
2873.719,0.14327
2871.791,0.14346
2869.862,0.14400
2867.933,0.14508
2866.005,0.14705
2864.076,0.15019
2862.147,0.15463
2860.219,0.16046
2858.290,0.16815
2856.361,0.17894
2854.433,0.19443
2852.504,0.21383
2850.575,0.22951
2848.647,0.23028
2846.718,0.21551
2844.789,0.19660
2842.861,0.18239
2840.932,0.17381
2839.003,0.16865
2837.075,0.16500
2835.146,0.16169
2833.217,0.15824
2831.289,0.15455
2829.360,0.15058
2827.431,0.14648
2825.503,0.14256
2823.574,0.13911
2821.645,0.13640
2819.716,0.13462
2817.788,0.13369
2815.859,0.13339
2813.930,0.13349
2812.002,0.13377
2810.073,0.13404
2808.144,0.13425
2806.216,0.13427
2804.287,0.13385
2802.358,0.13284
2800.430,0.13116
2798.501,0.12883
2796.572,0.12610
2794.644,0.12337
2792.715,0.12089
2790.786,0.11883
2788.858,0.11725
2786.929,0.11600
2785.000,0.11498
2783.072,0.11421
2781.143,0.11362
2779.214,0.11317
2777.286,0.11291
2775.357,0.11276
2773.428,0.11264
2771.500,0.11257
2769.571,0.11252
2767.642,0.11242
2765.714,0.11240
2763.785,0.11259
2761.856,0.11303
2759.928,0.11378
2757.999,0.11481
2756.070,0.11597
2754.142,0.11723
2752.213,0.11864
2750.284,0.12001
2748.356,0.12088
2746.427,0.12075
2744.498,0.11945
2742.570,0.11740
2740.641,0.11517
2738.712,0.11304
2736.784,0.11117
2734.855,0.10968
2732.926,0.10850
2730.998,0.10748
2729.069,0.10663
2727.140,0.10588
2725.212,0.10515
2723.283,0.10450
2721.354,0.10398
2719.426,0.10355
2717.497,0.10329
2715.568,0.10319
2713.640,0.10318
2711.711,0.10327
2709.782,0.10351
2707.854,0.10382
2705.925,0.10408
2703.996,0.10424
2702.068,0.10419
2700.139,0.10397
2698.210,0.10374
2696.282,0.10356
2694.353,0.10345
2692.424,0.10349
2690.496,0.10365
2688.567,0.10384
2686.638,0.10401
2684.710,0.10409
2682.781,0.10405
2680.852,0.10399
2678.924,0.10403
2676.995,0.10420
2675.066,0.10445
2673.138,0.10464
2671.209,0.10460
2669.280,0.10435
2667.352,0.10394
2665.423,0.10340
2663.494,0.10279
2661.566,0.10223
2659.637,0.10169
2657.708,0.10119
2655.779,0.10075
2653.851,0.10034
2651.922,0.09996
2649.993,0.09972
2648.065,0.09962
2646.136,0.09962
2644.207,0.09969
2642.279,0.09975
2640.350,0.09979
2638.421,0.09986
2636.493,0.09997
2634.564,0.10010
2632.635,0.10031
2630.707,0.10065
2628.778,0.10110
2626.849,0.10168
2624.921,0.10231
2622.992,0.10287
2621.063,0.10328
2619.135,0.10352
2617.206,0.10358
2615.277,0.10351
2613.349,0.10340
2611.420,0.10333
2609.491,0.10337
2607.563,0.10351
2605.634,0.10366
2603.705,0.10369
2601.777,0.10357
2599.848,0.10330
2597.919,0.10294
2595.991,0.10266
2594.062,0.10256
2592.133,0.10263
2590.205,0.10281
2588.276,0.10305
2586.347,0.10329
2584.419,0.10349
2582.490,0.10354
2580.561,0.10332
2578.633,0.10285
2576.704,0.10217
2574.775,0.10138
2572.847,0.10061
2570.918,0.09994
2568.989,0.09937
2567.061,0.09887
2565.132,0.09841
2563.203,0.09795
2561.275,0.09751
2559.346,0.09713
2557.417,0.09686
2555.489,0.09679
2553.560,0.09694
2551.631,0.09729
2549.703,0.09781
2547.774,0.09844
2545.845,0.09902
2543.917,0.09944
2541.988,0.09964
2540.059,0.09960
2538.131,0.09933
2536.202,0.09888
2534.273,0.09828
2532.345,0.09759
2530.416,0.09686
2528.487,0.09615
2526.559,0.09550
2524.630,0.09497
2522.701,0.09455
2520.773,0.09423
2518.844,0.09406
2516.915,0.09407
2514.987,0.09426
2513.058,0.09465
2511.129,0.09520
2509.201,0.09581
2507.272,0.09643
2505.343,0.09703
2503.415,0.09756
2501.486,0.09798
2499.557,0.09828
2497.628,0.09841
2495.700,0.09846
2493.771,0.09855
2491.842,0.09877
2489.914,0.09916
2487.985,0.09975
2486.056,0.10044
2484.128,0.10113
2482.199,0.10171
2480.270,0.10208
2478.342,0.10226
2476.413,0.10244
2474.484,0.10270
2472.556,0.10299
2470.627,0.10323
2468.698,0.10329
2466.770,0.10307
2464.841,0.10264
2462.912,0.10209
2460.984,0.10154
2459.055,0.10112
2457.126,0.10089
2455.198,0.10076
2453.269,0.10060
2451.340,0.10032
2449.412,0.09986
2447.483,0.09929
2445.554,0.09871
2443.626,0.09813
2441.697,0.09757
2439.768,0.09710
2437.840,0.09678
2435.911,0.09670
2433.982,0.09690
2432.054,0.09730
2430.125,0.09776
2428.196,0.09828
2426.268,0.09883
2424.339,0.09930
2422.410,0.09952
2420.482,0.09934
2418.553,0.09872
2416.624,0.09787
2414.696,0.09708
2412.767,0.09655
2410.838,0.09636
2408.910,0.09638
2406.981,0.09641
2405.052,0.09633
2403.124,0.09613
2401.195,0.09585
2399.266,0.09564
2397.338,0.09560
2395.409,0.09571
2393.480,0.09598
2391.552,0.09646
2389.623,0.09718
2387.694,0.09812
2385.766,0.09924
2383.837,0.10038
2381.908,0.10140
2379.980,0.10219
2378.051,0.10262
2376.122,0.10257
2374.194,0.10207
2372.265,0.10130
2370.336,0.10051
2368.408,0.09990
2366.479,0.09950
2364.550,0.09928
2362.622,0.09927
2360.693,0.09939
2358.764,0.09957
2356.836,0.09980
2354.907,0.10005
2352.978,0.10027
2351.050,0.10041
2349.121,0.10041
2347.192,0.10018
2345.264,0.09967
2343.335,0.09884
2341.406,0.09765
2339.478,0.09620
2337.549,0.09465
2335.620,0.09318
2333.691,0.09198
2331.763,0.09108
2329.834,0.09042
2327.905,0.08998
2325.977,0.08974
2324.048,0.08963
2322.119,0.08964
2320.191,0.08979
2318.262,0.09001
2316.333,0.09033
2314.405,0.09080
2312.476,0.09143
2310.547,0.09221
2308.619,0.09318
2306.690,0.09421
2304.761,0.09518
2302.833,0.09609
2300.904,0.09681
2298.975,0.09716
2297.047,0.09706
2295.118,0.09652
2293.189,0.09566
2291.261,0.09473
2289.332,0.09390
2287.403,0.09316
2285.475,0.09261
2283.546,0.09227
2281.617,0.09201
2279.689,0.09178
2277.760,0.09163
2275.831,0.09144
2273.903,0.09129
2271.974,0.09128
2270.045,0.09130
2268.117,0.09126
2266.188,0.09119
2264.259,0.09102
2262.331,0.09072
2260.402,0.09043
2258.473,0.09016
2256.545,0.08986
2254.616,0.08960
2252.687,0.08937
2250.759,0.08905
2248.830,0.08871
2246.901,0.08834
2244.973,0.08787
2243.044,0.08742
2241.115,0.08708
2239.187,0.08674
2237.258,0.08645
2235.329,0.08628
2233.401,0.08606
2231.472,0.08574
2229.543,0.08545
2227.615,0.08515
2225.686,0.08486
2223.757,0.08474
2221.829,0.08466
2219.900,0.08454
2217.971,0.08450
2216.043,0.08450
2214.114,0.08445
2212.185,0.08447
2210.257,0.08457
2208.328,0.08467
2206.399,0.08494
2204.471,0.08543
2202.542,0.08602
2200.613,0.08672
2198.685,0.08752
2196.756,0.08814
2194.827,0.08854
2192.899,0.08880
2190.970,0.08880
2189.041,0.08858
2187.113,0.08835
2185.184,0.08807
2183.255,0.08777
2181.327,0.08763
2179.398,0.08754
2177.469,0.08742
2175.540,0.08746
2173.612,0.08762
2171.683,0.08774
2169.754,0.08797
2167.826,0.08829
2165.897,0.08851
2163.968,0.08868
2162.040,0.08882
2160.111,0.08872
2158.182,0.08844
2156.254,0.08814
2154.325,0.08771
2152.396,0.08728
2150.468,0.08703
2148.539,0.08679
2146.610,0.08655
2144.682,0.08645
2142.753,0.08639
2140.824,0.08627
2138.896,0.08626
2136.967,0.08633
2135.038,0.08642
2133.110,0.08668
2131.181,0.08702
2129.252,0.08717
2127.324,0.08719
2125.395,0.08711
2123.466,0.08683
2121.538,0.08654
2119.609,0.08638
2117.680,0.08622
2115.752,0.08617
2113.823,0.08628
2111.894,0.08630
2109.966,0.08623
2108.037,0.08629
2106.108,0.08639
2104.180,0.08648
2102.251,0.08663
2100.322,0.08669
2098.394,0.08658
2096.465,0.08646
2094.536,0.08628
2092.608,0.08593
2090.679,0.08555
2088.750,0.08517
2086.822,0.08474
2084.893,0.08450
2082.964,0.08452
2081.036,0.08466
2079.107,0.08501
2077.178,0.08561
2075.250,0.08633
2073.321,0.08717
2071.392,0.08816
2069.464,0.08902
2067.535,0.08967
2065.606,0.09007
2063.678,0.09007
2061.749,0.08974
2059.820,0.08934
2057.892,0.08890
2055.963,0.08842
2054.034,0.08801
2052.106,0.08762
2050.177,0.08718
2048.248,0.08682
2046.320,0.08658
2044.391,0.08640
2042.462,0.08641
2040.534,0.08661
2038.605,0.08689
2036.676,0.08732
2034.748,0.08790
2032.819,0.08851
2030.890,0.08917
2028.962,0.08983
2027.033,0.09029
2025.104,0.09050
2023.176,0.09048
2021.247,0.09023
2019.318,0.08990
2017.390,0.08968
2015.461,0.08957
2013.532,0.08958
2011.603,0.08980
2009.675,0.09014
2007.746,0.09050
2005.817,0.09085
2003.889,0.09106
2001.960,0.09102
2000.031,0.09090
1998.103,0.09076
1996.174,0.09064
1994.245,0.09068
1992.317,0.09089
1990.388,0.09120
1988.459,0.09168
1986.531,0.09233
1984.602,0.09300
1982.673,0.09364
1980.745,0.09421
1978.816,0.09462
1976.887,0.09492
1974.959,0.09522
1973.030,0.09547
1971.101,0.09568
1969.173,0.09592
1967.244,0.09613
1965.315,0.09633
1963.387,0.09663
1961.458,0.09693
1959.529,0.09712
1957.601,0.09726
1955.672,0.09733
1953.743,0.09736
1951.815,0.09749
1949.886,0.09770
1947.957,0.09792
1946.029,0.09820
1944.100,0.09851
1942.171,0.09868
1940.243,0.09877
1938.314,0.09880
1936.385,0.09868
1934.457,0.09854
1932.528,0.09849
1930.599,0.09854
1928.671,0.09872
1926.742,0.09908
1924.813,0.09950
1922.885,0.09995
1920.956,0.10047
1919.027,0.10094
1917.099,0.10130
1915.170,0.10161
1913.241,0.10178
1911.313,0.10177
1909.384,0.10174
1907.455,0.10169
1905.527,0.10159
1903.598,0.10154
1901.669,0.10154
1899.741,0.10151
1897.812,0.10154
1895.883,0.10171
1893.955,0.10196
1892.026,0.10231
1890.097,0.10283
1888.169,0.10340
1886.240,0.10400
1884.311,0.10466
1882.383,0.10533
1880.454,0.10601
1878.525,0.10671
1876.597,0.10729
1874.668,0.10768
1872.739,0.10797
1870.811,0.10822
1868.882,0.10843
1866.953,0.10872
1865.025,0.10904
1863.096,0.10932
1861.167,0.10959
1859.239,0.10979
1857.310,0.10982
1855.381,0.10978
1853.452,0.10981
1851.524,0.10991
1849.595,0.11016
1847.666,0.11064
1845.738,0.11124
1843.809,0.11193
1841.880,0.11271
1839.952,0.11344
1838.023,0.11409
1836.094,0.11472
1834.166,0.11529
1832.237,0.11583
1830.308,0.11643
1828.380,0.11713
1826.451,0.11786
1824.522,0.11865
1822.594,0.11950
1820.665,0.12036
1818.736,0.12130
1816.808,0.12236
1814.879,0.12350
1812.950,0.12473
1811.022,0.12602
1809.093,0.12721
1807.164,0.12820
1805.236,0.12897
1803.307,0.12949
1801.378,0.12983
1799.450,0.13016
1797.521,0.13053
1795.592,0.13094
1793.664,0.13145
1791.735,0.13209
1789.806,0.13290
1787.878,0.13390
1785.949,0.13513
1784.020,0.13663
1782.092,0.13839
1780.163,0.14042
1778.234,0.14261
1776.306,0.14482
1774.377,0.14684
1772.448,0.14847
1770.520,0.14960
1768.591,0.15025
1766.662,0.15055
1764.734,0.15073
1762.805,0.15102
1760.876,0.15156
1758.948,0.15236
1757.019,0.15340
1755.090,0.15464
1753.162,0.15602
1751.233,0.15753
1749.304,0.15923
1747.376,0.16111
1745.447,0.16313
1743.518,0.16528
1741.590,0.16753
1739.661,0.16982
1737.732,0.17205
1735.804,0.17418
1733.875,0.17629
1731.946,0.17843
1730.018,0.18059
1728.089,0.18273
1726.160,0.18489
1724.232,0.18713
1722.303,0.18953
1720.374,0.19219
1718.446,0.19515
1716.517,0.19829
1714.588,0.20140
1712.660,0.20434
1710.731,0.20726
1708.802,0.21038
1706.874,0.21385
1704.945,0.21723
1703.016,0.21966
1701.088,0.22111
1699.159,0.22260
1697.230,0.22451
1695.302,0.22642
1693.373,0.22834
1691.444,0.23062
1689.515,0.23326
1687.587,0.23590
1685.658,0.23819
1683.729,0.24023
1681.801,0.24241
1679.872,0.24499
1677.943,0.24788
1676.015,0.25101
1674.086,0.25438
1672.157,0.25797
1670.229,0.26180
1668.300,0.26589
1666.371,0.27025
1664.443,0.27489
1662.514,0.27987
1660.585,0.28523
1658.657,0.29100
1656.728,0.29726
1654.799,0.30408
1652.871,0.31158
1650.942,0.31969
1649.013,0.32820
1647.085,0.33688
1645.156,0.34553
1643.227,0.35400
1641.299,0.36240
1639.370,0.37106
1637.441,0.38045
1635.513,0.39105
1633.584,0.40316
1631.655,0.41685
1629.727,0.43222
1627.798,0.44938
1625.869,0.46842
1623.941,0.48939
1622.012,0.51256
1620.083,0.53854
1618.155,0.56796
1616.226,0.60132
1614.297,0.63931
1612.369,0.68343
1610.440,0.73673
1608.511,0.80420
1606.583,0.89204
1604.654,1.00549
1602.725,1.14389
1600.797,1.29212
1598.868,1.41755
1596.939,1.49480
1595.011,1.53442
1593.082,1.54453
1591.153,1.48558
1589.225,1.34227
1587.296,1.18186
1585.367,1.06583
1583.439,1.01433
1581.510,1.02643
1579.581,1.09147
1577.653,1.18811
1575.724,1.28079
1573.795,1.32586
1571.867,1.29387
1569.938,1.18925
1568.009,1.04490
1566.081,0.89596
1564.152,0.76221
1562.223,0.64960
1560.295,0.55799
1558.366,0.48676
1556.437,0.43613
1554.509,0.40604
1552.580,0.39532
1550.651,0.40276
1548.723,0.42997
1546.794,0.48258
1544.865,0.56725
1542.937,0.68284
1541.008,0.80600
1539.079,0.89790
1537.151,0.95444
1535.222,1.00588
1533.293,1.04630
1531.364,1.02507
1529.436,0.92930
1527.507,0.80546
1525.578,0.69214
1523.650,0.60083
1521.721,0.53019
1519.792,0.47580
1517.864,0.43308
1515.935,0.39850
1514.006,0.37039
1512.078,0.34799
1510.149,0.33007
1508.220,0.31461
1506.292,0.29987
1504.363,0.28554
1502.434,0.27251
1500.506,0.26172
1498.577,0.25349
1496.648,0.24733
1494.720,0.24209
1492.791,0.23664
1490.862,0.23081
1488.934,0.22533
1487.005,0.22126
1485.076,0.21976
1483.148,0.22147
1481.219,0.22646
1479.290,0.23513
1477.362,0.24878
1475.433,0.26756
1473.504,0.28751
1471.576,0.30643
1469.647,0.33253
1467.718,0.37928
1465.790,0.45830
1463.861,0.57628
1461.932,0.71674
1460.004,0.80707
1458.075,0.76234
1456.146,0.62335
1454.218,0.48423
1452.289,0.38481
1450.360,0.32705
1448.432,0.30213
1446.503,0.30204
1444.574,0.32279
1442.646,0.36437
1440.717,0.42889
1438.788,0.51545
1436.860,0.60958
1434.931,0.67438
1433.002,0.67866
1431.074,0.64266
1429.145,0.61209
1427.216,0.61353
1425.288,0.64209
1423.359,0.65227
1421.430,0.59265
1419.502,0.48773
1417.573,0.39645
1415.644,0.34118
1413.716,0.31677
1411.787,0.31294
1409.858,0.32236
1407.930,0.34149
1406.001,0.37001
1404.072,0.40947
1402.144,0.46233
1400.215,0.53287
1398.286,0.62605
1396.358,0.73981
1394.429,0.85746
1392.500,0.95398
1390.572,1.00763
1388.643,0.99549
1386.714,0.90985
1384.786,0.78224
1382.857,0.65511
1380.928,0.55522
1379.000,0.49116
1377.071,0.44930
1375.142,0.40155
1373.214,0.34108
1371.285,0.28855
1369.356,0.25852
1367.427,0.24990
1365.499,0.25752
1363.570,0.27889
1361.641,0.31438
1359.713,0.36632
1357.784,0.43780
1355.855,0.52747
1353.927,0.61844
1351.998,0.67226
1350.069,0.65815
1348.141,0.59470
1346.212,0.52397
1344.283,0.46965
1342.355,0.43619
1340.426,0.42214
1338.497,0.42452
1336.569,0.43627
1334.640,0.45000
1332.711,0.46647
1330.783,0.49315
1328.854,0.53554
1326.925,0.59249
1324.997,0.65583
1323.068,0.71251
1321.139,0.75155
1319.211,0.77392
1317.282,0.79299
1315.353,0.82084
1313.425,0.85293
1311.496,0.86416
1309.567,0.82911
1307.639,0.75377
1305.710,0.66844
1303.781,0.59704
1301.853,0.54738
1299.924,0.51711
1297.995,0.50132
1296.067,0.49707
1294.138,0.50370
1292.209,0.52127
1290.281,0.55003
1288.352,0.59136
1286.423,0.64919
1284.495,0.73099
1282.566,0.84738
1280.637,1.00854
1278.709,1.21498
1276.780,1.44066
1274.851,1.62737
1272.923,1.74972
1270.994,1.84964
1269.065,1.92201
1267.137,1.86439
1265.208,1.65267
1263.279,1.40102
1261.351,1.18186
1259.422,1.00799
1257.493,0.87338
1255.565,0.77135
1253.636,0.69870
1251.707,0.65381
1249.779,0.63077
1247.850,0.61684
1245.921,0.60409
1243.993,0.60024
1242.064,0.61892
1240.135,0.66612
1238.207,0.73498
1236.278,0.80360
1234.349,0.84252
1232.421,0.83764
1230.492,0.80121
1228.563,0.75565
1226.635,0.71952
1224.706,0.70579
1222.777,0.72027
1220.849,0.75559
1218.920,0.78575
1216.991,0.77897
1215.063,0.72972
1213.134,0.66065
1211.205,0.59334
1209.277,0.53681
1207.348,0.49232
1205.419,0.45750
1203.490,0.42813
1201.562,0.40109
1199.633,0.37596
1197.704,0.35354
1195.776,0.33427
1193.847,0.31811
1191.918,0.30440
1189.990,0.29238
1188.061,0.28173
1186.132,0.27211
1184.204,0.26301
1182.275,0.25427
1180.346,0.24578
1178.418,0.23740
1176.489,0.22957
1174.560,0.22248
1172.632,0.21581
1170.703,0.20959
1168.774,0.20399
1166.846,0.19875
1164.917,0.19392
1162.988,0.18974
1161.060,0.18598
1159.131,0.18275
1157.202,0.18043
1155.274,0.17890
1153.345,0.17822
1151.416,0.17847
1149.488,0.17864
1147.559,0.17761
1145.630,0.17522
1143.702,0.17158
1141.773,0.16707
1139.844,0.16253
1137.916,0.15830
1135.987,0.15456
1134.058,0.15192
1132.130,0.15016
1130.201,0.14789
1128.272,0.14421
1126.344,0.13911
1124.415,0.13322
1122.486,0.12777
1120.558,0.12324
1118.629,0.11919
1116.700,0.11571
1114.772,0.11293
1112.843,0.11037
1110.914,0.10807
1108.986,0.10626
1107.057,0.10444
1105.128,0.10257
1103.200,0.10103
1101.271,0.09964
1099.342,0.09848
1097.414,0.09811
1095.485,0.09858
1093.556,0.10017
1091.628,0.10360
1089.699,0.10827
1087.770,0.11242
1085.842,0.11483
1083.913,0.11503
1081.984,0.11366
1080.056,0.11213
1078.127,0.11106
1076.198,0.11053
1074.270,0.11110
1072.341,0.11295
1070.412,0.11591
1068.484,0.12046
1066.555,0.12692
1064.626,0.13504
1062.698,0.14507
1060.769,0.15724
1058.840,0.17149
1056.912,0.18859
1054.983,0.20994
1053.054,0.23747
1051.126,0.27480
1049.197,0.32742
1047.268,0.40285
1045.339,0.51140
1043.411,0.65935
1041.482,0.81974
1039.553,0.89348
1037.625,0.81624
1035.696,0.67714
1033.767,0.55271
1031.839,0.46036
1029.910,0.40022
1027.981,0.36870
1026.053,0.36032
1024.124,0.36877
1022.195,0.38602
1020.267,0.40164
1018.338,0.40490
1016.409,0.39021
1014.481,0.36072
1012.552,0.32422
1010.623,0.28676
1008.695,0.25167
1006.766,0.22065
1004.837,0.19393
1002.909,0.17150
1000.980,0.15367
999.051,0.14002
997.123,0.12972
995.194,0.12244
993.265,0.11754
991.337,0.11426
989.408,0.11269
987.479,0.11283
985.551,0.11440
983.622,0.11768
981.693,0.12288
979.765,0.12995
977.836,0.13938
975.907,0.15154
973.979,0.16620
972.050,0.18361
970.121,0.20390
968.193,0.22592
966.264,0.24842
964.335,0.27142
962.407,0.29581
960.478,0.32304
958.549,0.35545
956.621,0.39576
954.692,0.44622
952.763,0.50840
950.835,0.58020
948.906,0.64833
946.977,0.68792
945.049,0.68574
943.120,0.65810
941.191,0.63160
939.263,0.62353
937.334,0.64203
935.405,0.69226
933.477,0.77888
931.548,0.90428
929.619,1.06258
927.691,1.22741
925.762,1.34207
923.833,1.36030
921.905,1.31321
919.976,1.26209
918.047,1.23463
916.119,1.22571
914.190,1.21491
912.261,1.18173
910.333,1.11736
908.404,1.02879
906.475,0.93082
904.547,0.83586
902.618,0.75021
900.689,0.67553
898.761,0.61155
896.832,0.55758
894.903,0.51303
892.975,0.47826
891.046,0.45680
889.117,0.45732
887.189,0.49177
885.260,0.56155
883.331,0.63359
881.402,0.64947
879.474,0.60072
877.545,0.53191
875.616,0.47155
873.688,0.42429
871.759,0.38719
869.830,0.35678
867.902,0.33113
865.973,0.30955
864.044,0.29150
862.116,0.27701
860.187,0.26756
858.258,0.26811
856.330,0.28804
854.401,0.32560
852.472,0.35374
850.544,0.35789
848.615,0.36654
846.686,0.40161
844.758,0.44213
842.829,0.44515
840.900,0.40197
838.972,0.34513
837.043,0.29913
835.114,0.26771
833.186,0.24729
831.257,0.23349
829.328,0.22266
827.400,0.21309
825.471,0.20486
823.542,0.19821
821.614,0.19290
819.685,0.18851
817.756,0.18478
815.828,0.18137
813.899,0.17781
811.970,0.17413
810.042,0.17066
808.113,0.16774
806.184,0.16611
804.256,0.16692
802.327,0.17162
800.398,0.18234
798.470,0.20235
796.541,0.23633
794.612,0.29137
792.684,0.37664
790.755,0.49871
788.826,0.64996
786.898,0.79717
784.969,0.89804
783.040,0.93320
781.112,0.89103
779.183,0.77777
777.254,0.64109
775.326,0.52301
773.397,0.43493
771.468,0.37140
769.540,0.32463
767.611,0.28996
765.682,0.26559
763.754,0.25173
761.825,0.25091
759.896,0.27272
757.968,0.33604
756.039,0.44374
754.110,0.53171
752.182,0.51041
750.253,0.42187
748.324,0.34599
746.396,0.30165
744.467,0.28275
742.538,0.28373
740.610,0.29817
738.681,0.31122
736.752,0.30744
734.824,0.28853
732.895,0.26796
730.966,0.25180
729.038,0.23731
727.109,0.22338
725.180,0.21250
723.251,0.20651
721.323,0.20448
719.394,0.20164
717.465,0.19426
715.537,0.18505
713.608,0.17794
711.679,0.17305
709.751,0.16905
707.822,0.16537
705.893,0.16201
703.965,0.15889
702.036,0.15596
700.107,0.15330
698.179,0.15081
696.250,0.14846
694.321,0.14640
692.393,0.14451
690.464,0.14263
688.535,0.14100
686.607,0.13975
684.678,0.13893
682.749,0.13908
680.821,0.14087
678.892,0.14495
676.963,0.15231
675.035,0.16279
673.106,0.17293
671.177,0.17746
669.249,0.17373
667.320,0.16410
665.391,0.15366
663.463,0.14590
661.534,0.14124
659.605,0.13803
657.677,0.13432
655.748,0.12946
653.819,0.12456
651.891,0.12097
649.962,0.11863
648.033,0.11695
646.105,0.11584
644.176,0.11498
642.247,0.11397
640.319,0.11302
638.390,0.11228
636.461,0.11194
634.533,0.11296
632.604,0.11641
630.675,0.12294
628.747,0.13201
626.818,0.14069
624.889,0.14687
622.961,0.15303
621.032,0.16299
619.103,0.17836
617.175,0.20036
615.246,0.23099
613.317,0.27235
611.389,0.32549
609.460,0.38661
607.531,0.44382
605.603,0.48150
603.674,0.49085
601.745,0.47510
599.817,0.44641
597.888,0.42188
595.959,0.41876
594.031,0.44180
592.102,0.47235
590.173,0.48657
588.245,0.48156
586.316,0.45998
584.387,0.41991
582.459,0.36992
580.530,0.32356
578.601,0.28659
576.673,0.25845
574.744,0.23716
572.815,0.22068
570.887,0.20741
568.958,0.19674
567.029,0.18810
565.101,0.18066
563.172,0.17421
561.243,0.16874
559.314,0.16388
557.386,0.15963
555.457,0.15601
553.528,0.15262
551.600,0.14949
549.671,0.14671
547.742,0.14395
545.814,0.14132
543.885,0.13905
541.956,0.13692
540.028,0.13498
538.099,0.13337
536.170,0.13182
534.242,0.13041
532.313,0.12926
530.384,0.12803
528.456,0.12679
526.527,0.12585
524.598,0.12493
522.670,0.12394
520.741,0.12326
518.812,0.12286
516.884,0.12277
514.955,0.12316
513.026,0.12394
511.098,0.12540
509.169,0.12804
507.240,0.13179
505.312,0.13668
503.383,0.14322
501.454,0.15158
499.526,0.16193
497.597,0.17427
495.668,0.18780
493.740,0.20175
491.811,0.21531
489.882,0.22668
487.954,0.23440
486.025,0.23800
484.096,0.23740
482.168,0.23353
480.239,0.22781
478.310,0.22119
476.382,0.21525
474.453,0.21183
472.524,0.21226
470.596,0.21886
468.667,0.23432
466.738,0.25880
464.810,0.28819
462.881,0.31338
460.952,0.32381
459.024,0.31687
457.095,0.29924
455.166,0.27871
453.238,0.25989
451.309,0.24439
449.380,0.23152
447.452,0.22053
445.523,0.21106
443.594,0.20224
441.666,0.19408
439.737,0.18737
437.808,0.18119
435.880,0.17470
433.951,0.16862
432.022,0.16251
430.094,0.15633
428.165,0.15190
426.236,0.14944
424.308,0.14832
422.379,0.15037
420.450,0.15731
418.522,0.16976
416.593,0.19021
414.664,0.21972
412.736,0.25170
410.807,0.27248
408.878,0.27333
406.950,0.26306
405.021,0.25501
403.092,0.25443
401.163,0.26180
399.235,0.26984
