7600.891,0.58893
7598.962,0.58808
7597.034,0.58748
7595.105,0.58744
7593.176,0.58777
7591.248,0.58802
7589.319,0.58778
7587.390,0.58712
7585.462,0.58654
7583.533,0.58614
7581.604,0.58574
7579.676,0.58547
7577.747,0.58532
7575.818,0.58527
7573.890,0.58560
7571.961,0.58596
7570.032,0.58586
7568.104,0.58556
7566.175,0.58526
7564.246,0.58476
7562.318,0.58430
7560.389,0.58419
7558.460,0.58409
7556.532,0.58376
7554.603,0.58361
7552.674,0.58381
7550.746,0.58388
7548.817,0.58359
7546.888,0.58326
7544.960,0.58321
7543.031,0.58329
7541.102,0.58327
7539.174,0.58307
7537.245,0.58259
7535.316,0.58202
7533.388,0.58173
7531.459,0.58175
7529.530,0.58178
7527.602,0.58181
7525.673,0.58192
7523.744,0.58186
7521.816,0.58134
7519.887,0.58058
7517.958,0.58008
7516.030,0.57999
7514.101,0.58017
7512.172,0.58038
7510.244,0.58035
7508.315,0.57997
7506.386,0.57960
7504.458,0.57947
7502.529,0.57920
7500.600,0.57859
7498.672,0.57802
7496.743,0.57791
7494.814,0.57805
7492.885,0.57804
7490.957,0.57801
7489.028,0.57808
7487.099,0.57797
7485.171,0.57758
7483.242,0.57709
7481.313,0.57665
7479.385,0.57631
7477.456,0.57623
7475.527,0.57641
7473.599,0.57654
7471.670,0.57638
7469.741,0.57607
7467.813,0.57578
7465.884,0.57566
7463.955,0.57563
7462.027,0.57548
7460.098,0.57511
7458.169,0.57462
7456.241,0.57411
7454.312,0.57375
7452.383,0.57383
7450.455,0.57419
7448.526,0.57432
7446.597,0.57411
7444.669,0.57371
7442.740,0.57328
7440.811,0.57305
7438.883,0.57309
7436.954,0.57302
7435.025,0.57249
7433.097,0.57179
7431.168,0.57158
7429.239,0.57196
7427.311,0.57228
7425.382,0.57220
7423.453,0.57192
7421.525,0.57148
7419.596,0.57101
7417.667,0.57073
7415.739,0.57052
7413.810,0.57032
7411.881,0.57024
7409.953,0.57020
7408.024,0.57011
7406.095,0.56994
7404.167,0.56966
7402.238,0.56931
7400.309,0.56917
7398.381,0.56919
7396.452,0.56910
7394.523,0.56902
7392.595,0.56901
7390.666,0.56899
7388.737,0.56887
7386.809,0.56861
7384.880,0.56825
7382.951,0.56787
7381.023,0.56754
7379.094,0.56729
7377.165,0.56707
7375.237,0.56699
7373.308,0.56710
7371.379,0.56712
7369.451,0.56689
7367.522,0.56647
7365.593,0.56605
7363.665,0.56583
7361.736,0.56580
7359.807,0.56573
7357.879,0.56551
7355.950,0.56528
7354.021,0.56523
7352.093,0.56531
7350.164,0.56528
7348.235,0.56506
7346.307,0.56480
7344.378,0.56458
7342.449,0.56440
7340.521,0.56431
7338.592,0.56422
7336.663,0.56394
7334.734,0.56365
7332.806,0.56353
7330.877,0.56336
7328.948,0.56305
7327.020,0.56271
7325.091,0.56241
7323.162,0.56212
7321.234,0.56176
7319.305,0.56156
7317.376,0.56179
7315.448,0.56211
7313.519,0.56202
7311.590,0.56151
7309.662,0.56123
7307.733,0.56141
7305.804,0.56156
7303.876,0.56147
7301.947,0.56144
7300.018,0.56140
7298.090,0.56108
7296.161,0.56048
7294.232,0.55994
7292.304,0.55972
7290.375,0.55958
7288.446,0.55931
7286.518,0.55922
7284.589,0.55933
7282.660,0.55919
7280.732,0.55887
7278.803,0.55880
7276.874,0.55877
7274.946,0.55847
7273.017,0.55808
7271.088,0.55786
7269.160,0.55786
7267.231,0.55785
7265.302,0.55781
7263.374,0.55777
7261.445,0.55757
7259.516,0.55732
7257.588,0.55709
7255.659,0.55690
7253.730,0.55694
7251.802,0.55710
7249.873,0.55690
7247.944,0.55634
7246.016,0.55587
7244.087,0.55548
7242.158,0.55528
7240.230,0.55543
7238.301,0.55549
7236.372,0.55526
7234.444,0.55508
7232.515,0.55491
7230.586,0.55461
7228.658,0.55451
7226.729,0.55459
7224.800,0.55449
7222.872,0.55425
7220.943,0.55409
7219.014,0.55404
7217.086,0.55383
7215.157,0.55336
7213.228,0.55296
7211.300,0.55287
7209.371,0.55295
7207.442,0.55314
7205.514,0.55325
7203.585,0.55295
7201.656,0.55225
7199.728,0.55160
7197.799,0.55139
7195.870,0.55142
7193.942,0.55132
7192.013,0.55107
7190.084,0.55076
7188.156,0.55052
7186.227,0.55041
7184.298,0.55025
7182.370,0.55004
7180.441,0.54999
7178.512,0.55003
7176.584,0.54988
7174.655,0.54963
7172.726,0.54951
7170.797,0.54947
7168.869,0.54941
7166.940,0.54939
7165.011,0.54936
7163.083,0.54912
7161.154,0.54874
7159.225,0.54846
7157.297,0.54831
7155.368,0.54832
7153.439,0.54839
7151.511,0.54815
7149.582,0.54766
7147.653,0.54739
7145.725,0.54720
7143.796,0.54688
7141.867,0.54675
7139.939,0.54673
7138.010,0.54659
7136.081,0.54654
7134.153,0.54654
7132.224,0.54633
7130.295,0.54602
7128.367,0.54589
7126.438,0.54587
7124.509,0.54577
7122.581,0.54551
7120.652,0.54514
7118.723,0.54485
7116.795,0.54477
7114.866,0.54477
7112.937,0.54465
7111.009,0.54437
7109.080,0.54405
7107.151,0.54384
7105.223,0.54376
7103.294,0.54367
7101.365,0.54350
7099.437,0.54323
7097.508,0.54293
7095.579,0.54270
7093.651,0.54257
7091.722,0.54249
7089.793,0.54243
7087.865,0.54238
7085.936,0.54232
7084.007,0.54225
7082.079,0.54201
7080.150,0.54168
7078.221,0.54148
7076.293,0.54140
7074.364,0.54129
7072.435,0.54104
7070.507,0.54074
7068.578,0.54064
7066.649,0.54076
7064.721,0.54081
7062.792,0.54050
7060.863,0.54003
7058.935,0.53971
7057.006,0.53952
7055.077,0.53939
7053.149,0.53942
7051.220,0.53956
7049.291,0.53959
7047.363,0.53928
7045.434,0.53878
7043.505,0.53847
7041.577,0.53838
7039.648,0.53831
7037.719,0.53833
7035.791,0.53846
7033.862,0.53844
7031.933,0.53819
7030.005,0.53788
7028.076,0.53777
7026.147,0.53782
7024.219,0.53765
7022.290,0.53727
7020.361,0.53705
7018.433,0.53707
7016.504,0.53715
7014.575,0.53706
7012.646,0.53683
7010.718,0.53661
7008.789,0.53641
7006.860,0.53628
7004.932,0.53620
7003.003,0.53596
7001.074,0.53558
6999.146,0.53532
6997.217,0.53523
6995.288,0.53516
6993.360,0.53511
6991.431,0.53506
6989.502,0.53490
6987.574,0.53462
6985.645,0.53433
6983.716,0.53418
6981.788,0.53415
6979.859,0.53411
6977.930,0.53392
6976.002,0.53359
6974.073,0.53326
6972.144,0.53305
6970.216,0.53298
6968.287,0.53305
6966.358,0.53314
6964.430,0.53305
6962.501,0.53274
6960.572,0.53236
6958.644,0.53193
6956.715,0.53146
6954.786,0.53129
6952.858,0.53140
6950.929,0.53137
6949.000,0.53113
6947.072,0.53094
6945.143,0.53092
6943.214,0.53092
6941.286,0.53072
6939.357,0.53045
6937.428,0.53023
6935.500,0.53009
6933.571,0.52993
6931.642,0.52967
6929.714,0.52952
6927.785,0.52957
6925.856,0.52949
6923.928,0.52921
6921.999,0.52891
6920.070,0.52872
6918.142,0.52867
6916.213,0.52866
6914.284,0.52849
6912.356,0.52807
6910.427,0.52766
6908.498,0.52754
6906.570,0.52760
6904.641,0.52748
6902.712,0.52717
6900.784,0.52686
6898.855,0.52664
6896.926,0.52649
6894.998,0.52647
6893.069,0.52649
6891.140,0.52640
6889.212,0.52624
6887.283,0.52605
6885.354,0.52576
6883.426,0.52546
6881.497,0.52527
6879.568,0.52511
6877.640,0.52491
6875.711,0.52469
6873.782,0.52452
6871.854,0.52445
6869.925,0.52441
6867.996,0.52422
6866.068,0.52389
6864.139,0.52355
6862.210,0.52319
6860.282,0.52277
6858.353,0.52252
6856.424,0.52257
6854.496,0.52260
6852.567,0.52243
6850.638,0.52222
6848.709,0.52205
6846.781,0.52185
6844.852,0.52166
6842.923,0.52143
6840.995,0.52109
6839.066,0.52078
6837.137,0.52057
6835.209,0.52037
6833.280,0.52019
6831.351,0.52007
6829.423,0.51996
6827.494,0.51979
6825.565,0.51955
6823.637,0.51934
6821.708,0.51922
6819.779,0.51915
6817.851,0.51906
6815.922,0.51885
6813.993,0.51867
6812.065,0.51860
6810.136,0.51837
6808.207,0.51796
6806.279,0.51759
6804.350,0.51736
6802.421,0.51731
6800.493,0.51738
6798.564,0.51738
6796.635,0.51719
6794.707,0.51683
6792.778,0.51646
6790.849,0.51621
6788.921,0.51610
6786.992,0.51597
6785.063,0.51581
6783.135,0.51571
6781.206,0.51554
6779.277,0.51522
6777.349,0.51506
6775.420,0.51512
6773.491,0.51509
6771.563,0.51491
6769.634,0.51471
6767.705,0.51449
6765.777,0.51425
6763.848,0.51400
6761.919,0.51368
6759.991,0.51336
6758.062,0.51307
6756.133,0.51278
6754.205,0.51254
6752.276,0.51237
6750.347,0.51228
6748.419,0.51229
6746.490,0.51228
6744.561,0.51216
6742.633,0.51197
6740.704,0.51168
6738.775,0.51141
6736.847,0.51126
6734.918,0.51115
6732.989,0.51105
6731.061,0.51095
6729.132,0.51084
6727.203,0.51082
6725.275,0.51083
6723.346,0.51062
6721.417,0.51019
6719.489,0.50977
6717.560,0.50952
6715.631,0.50945
6713.703,0.50941
6711.774,0.50921
6709.845,0.50893
6707.917,0.50872
6705.988,0.50856
6704.059,0.50839
6702.131,0.50820
6700.202,0.50801
6698.273,0.50787
6696.345,0.50775
6694.416,0.50760
6692.487,0.50745
6690.558,0.50728
6688.630,0.50707
6686.701,0.50689
6684.772,0.50671
6682.844,0.50653
6680.915,0.50627
6678.986,0.50592
6677.058,0.50563
6675.129,0.50547
6673.200,0.50536
6671.272,0.50530
6669.343,0.50516
6667.414,0.50494
6665.486,0.50479
6663.557,0.50463
6661.628,0.50441
6659.700,0.50418
6657.771,0.50397
6655.842,0.50378
6653.914,0.50365
6651.985,0.50357
6650.056,0.50353
6648.128,0.50343
6646.199,0.50323
6644.270,0.50296
6642.342,0.50265
6640.413,0.50233
6638.484,0.50212
6636.556,0.50212
6634.627,0.50207
6632.698,0.50173
6630.770,0.50133
6628.841,0.50122
6626.912,0.50129
6624.984,0.50123
6623.055,0.50095
6621.126,0.50064
6619.198,0.50049
6617.269,0.50039
6615.340,0.50020
6613.412,0.49997
6611.483,0.49980
6609.554,0.49967
6607.626,0.49956
6605.697,0.49953
6603.768,0.49948
6601.840,0.49928
6599.911,0.49900
6597.982,0.49881
6596.054,0.49869
6594.125,0.49850
6592.196,0.49825
6590.268,0.49799
6588.339,0.49776
6586.410,0.49758
6584.482,0.49741
6582.553,0.49728
6580.624,0.49710
6578.696,0.49677
6576.767,0.49647
6574.838,0.49635
6572.910,0.49627
6570.981,0.49612
6569.052,0.49596
6567.124,0.49580
6565.195,0.49558
6563.266,0.49537
6561.338,0.49525
6559.409,0.49516
6557.480,0.49495
6555.552,0.49464
6553.623,0.49441
6551.694,0.49432
6549.766,0.49427
6547.837,0.49417
6545.908,0.49398
6543.980,0.49374
6542.051,0.49351
6540.122,0.49333
6538.194,0.49319
6536.265,0.49305
6534.336,0.49290
6532.408,0.49274
6530.479,0.49256
6528.550,0.49237
6526.621,0.49216
6524.693,0.49191
6522.764,0.49167
6520.835,0.49151
6518.907,0.49139
6516.978,0.49130
6515.049,0.49130
6513.121,0.49128
6511.192,0.49105
6509.263,0.49072
6507.335,0.49048
6505.406,0.49036
6503.477,0.49030
6501.549,0.49020
6499.620,0.48996
6497.691,0.48961
6495.763,0.48930
6493.834,0.48915
6491.905,0.48905
6489.977,0.48886
6488.048,0.48864
6486.119,0.48851
6484.191,0.48839
6482.262,0.48813
6480.333,0.48779
6478.405,0.48756
6476.476,0.48753
6474.547,0.48756
6472.619,0.48742
6470.690,0.48718
6468.761,0.48699
6466.833,0.48685
6464.904,0.48672
6462.975,0.48654
6461.047,0.48633
6459.118,0.48612
6457.189,0.48596
6455.261,0.48585
6453.332,0.48571
6451.403,0.48542
6449.475,0.48503
6447.546,0.48475
6445.617,0.48462
6443.689,0.48445
6441.760,0.48421
6439.831,0.48399
6437.903,0.48383
6435.974,0.48368
6434.045,0.48350
6432.117,0.48333
6430.188,0.48316
6428.259,0.48300
6426.331,0.48291
6424.402,0.48287
6422.473,0.48274
6420.545,0.48248
6418.616,0.48220
6416.687,0.48201
6414.759,0.48191
6412.830,0.48185
6410.901,0.48178
6408.973,0.48162
6407.044,0.48132
6405.115,0.48098
6403.187,0.48069
6401.258,0.48045
6399.329,0.48030
6397.401,0.48019
6395.472,0.48005
6393.543,0.47990
6391.615,0.47974
6389.686,0.47954
6387.757,0.47931
6385.829,0.47913
6383.900,0.47902
6381.971,0.47886
6380.043,0.47858
6378.114,0.47831
6376.185,0.47811
6374.257,0.47792
6372.328,0.47771
6370.399,0.47753
6368.471,0.47739
6366.542,0.47727
6364.613,0.47710
6362.684,0.47691
6360.756,0.47675
6358.827,0.47658
6356.898,0.47638
6354.970,0.47617
6353.041,0.47598
6351.112,0.47583
6349.184,0.47567
6347.255,0.47548
6345.326,0.47528
6343.398,0.47510
6341.469,0.47498
6339.540,0.47492
6337.612,0.47483
6335.683,0.47464
6333.754,0.47444
6331.826,0.47425
6329.897,0.47407
6327.968,0.47383
6326.040,0.47357
6324.111,0.47339
6322.182,0.47329
6320.254,0.47313
6318.325,0.47286
6316.396,0.47257
6314.468,0.47237
6312.539,0.47226
6310.610,0.47216
6308.682,0.47205
6306.753,0.47192
6304.824,0.47168
6302.896,0.47138
6300.967,0.47117
6299.038,0.47106
6297.110,0.47095
6295.181,0.47084
6293.252,0.47071
6291.324,0.47058
6289.395,0.47045
6287.466,0.47021
6285.538,0.46986
6283.609,0.46960
6281.680,0.46949
6279.752,0.46940
6277.823,0.46924
6275.894,0.46905
6273.966,0.46890
6272.037,0.46880
6270.108,0.46864
6268.180,0.46843
6266.251,0.46818
6264.322,0.46793
6262.394,0.46775
6260.465,0.46757
6258.536,0.46732
6256.608,0.46707
6254.679,0.46691
6252.750,0.46677
6250.822,0.46658
6248.893,0.46641
6246.964,0.46626
6245.036,0.46605
6243.107,0.46585
6241.178,0.46575
6239.250,0.46565
6237.321,0.46550
6235.392,0.46537
6233.464,0.46522
6231.535,0.46501
6229.606,0.46482
6227.678,0.46470
6225.749,0.46463
6223.820,0.46460
6221.892,0.46468
6219.963,0.46482
6218.034,0.46495
6216.106,0.46515
6214.177,0.46552
6212.248,0.46601
6210.320,0.46651
6208.391,0.46692
6206.462,0.46717
6204.533,0.46726
6202.605,0.46726
6200.676,0.46725
6198.747,0.46730
6196.819,0.46746
6194.890,0.46761
6192.961,0.46751
6191.033,0.46713
6189.104,0.46660
6187.175,0.46603
6185.247,0.46550
6183.318,0.46515
6181.389,0.46504
6179.461,0.46497
6177.532,0.46484
6175.603,0.46475
6173.675,0.46471
6171.746,0.46452
6169.817,0.46416
6167.889,0.46384
6165.960,0.46357
6164.031,0.46326
6162.103,0.46295
6160.174,0.46264
6158.245,0.46227
6156.317,0.46188
6154.388,0.46151
6152.459,0.46116
6150.531,0.46079
6148.602,0.46043
6146.673,0.46018
6144.745,0.46005
6142.816,0.45993
6140.887,0.45981
6138.959,0.45976
6137.030,0.45971
6135.101,0.45960
6133.173,0.45952
6131.244,0.45947
6129.315,0.45937
6127.387,0.45929
6125.458,0.45922
6123.529,0.45914
6121.601,0.45908
6119.672,0.45909
6117.743,0.45905
6115.815,0.45886
6113.886,0.45861
6111.957,0.45841
6110.029,0.45823
6108.100,0.45804
6106.171,0.45783
6104.243,0.45756
6102.314,0.45715
6100.385,0.45667
6098.457,0.45630
6096.528,0.45605
6094.599,0.45573
6092.671,0.45534
6090.742,0.45507
6088.813,0.45490
6086.885,0.45467
6084.956,0.45435
6083.027,0.45407
6081.099,0.45385
6079.170,0.45365
6077.241,0.45347
6075.313,0.45327
6073.384,0.45306
6071.455,0.45287
6069.527,0.45267
6067.598,0.45240
6065.669,0.45205
6063.741,0.45171
6061.812,0.45151
6059.883,0.45145
6057.955,0.45138
6056.026,0.45123
6054.097,0.45106
6052.169,0.45088
6050.240,0.45067
6048.311,0.45047
6046.383,0.45032
6044.454,0.45022
6042.525,0.45013
6040.596,0.45000
6038.668,0.44989
6036.739,0.44982
6034.810,0.44972
6032.882,0.44955
6030.953,0.44938
6029.024,0.44921
6027.096,0.44901
6025.167,0.44880
6023.238,0.44862
6021.310,0.44841
6019.381,0.44820
6017.452,0.44803
6015.524,0.44776
6013.595,0.44741
6011.666,0.44712
6009.738,0.44691
6007.809,0.44672
6005.880,0.44656
6003.952,0.44640
6002.023,0.44623
6000.094,0.44609
5998.166,0.44593
5996.237,0.44567
5994.308,0.44535
5992.380,0.44511
5990.451,0.44498
5988.522,0.44484
5986.594,0.44467
5984.665,0.44453
5982.736,0.44437
5980.808,0.44415
5978.879,0.44397
5976.950,0.44382
5975.022,0.44372
5973.093,0.44364
5971.164,0.44350
5969.236,0.44328
5967.307,0.44310
5965.378,0.44295
5963.450,0.44279
5961.521,0.44263
5959.592,0.44250
5957.664,0.44233
5955.735,0.44210
5953.806,0.44186
5951.878,0.44170
5949.949,0.44157
5948.020,0.44142
5946.092,0.44124
5944.163,0.44104
5942.234,0.44088
5940.306,0.44077
5938.377,0.44065
5936.448,0.44052
5934.520,0.44043
5932.591,0.44042
5930.662,0.44045
5928.734,0.44043
5926.805,0.44027
5924.876,0.44002
5922.948,0.43983
5921.019,0.43974
5919.090,0.43974
5917.162,0.43974
5915.233,0.43972
5913.304,0.43962
5911.376,0.43939
5909.447,0.43911
5907.518,0.43888
5905.590,0.43869
5903.661,0.43848
5901.732,0.43821
5899.804,0.43787
5897.875,0.43757
5895.946,0.43731
5894.018,0.43703
5892.089,0.43678
5890.160,0.43660
5888.232,0.43645
5886.303,0.43634
5884.374,0.43625
5882.445,0.43614
5880.517,0.43602
5878.588,0.43591
5876.659,0.43581
5874.731,0.43572
5872.802,0.43562
5870.873,0.43555
5868.945,0.43553
5867.016,0.43553
5865.087,0.43551
5863.159,0.43542
5861.230,0.43534
5859.301,0.43530
5857.373,0.43527
5855.444,0.43523
5853.515,0.43520
5851.587,0.43522
5849.658,0.43528
5847.729,0.43535
5845.801,0.43535
5843.872,0.43533
5841.943,0.43537
5840.015,0.43545
5838.086,0.43547
5836.157,0.43538
5834.229,0.43517
5832.300,0.43487
5830.371,0.43449
5828.443,0.43404
5826.514,0.43355
5824.585,0.43309
5822.657,0.43269
5820.728,0.43232
5818.799,0.43196
5816.871,0.43161
5814.942,0.43130
5813.013,0.43101
5811.085,0.43074
5809.156,0.43052
5807.227,0.43039
5805.299,0.43026
5803.370,0.43006
5801.441,0.42986
5799.513,0.42968
5797.584,0.42950
5795.655,0.42929
5793.727,0.42909
5791.798,0.42895
5789.869,0.42884
5787.941,0.42866
5786.012,0.42843
5784.083,0.42821
5782.155,0.42804
5780.226,0.42785
5778.297,0.42767
5776.369,0.42751
5774.440,0.42735
5772.511,0.42719
5770.583,0.42702
5768.654,0.42681
5766.725,0.42655
5764.797,0.42627
5762.868,0.42599
5760.939,0.42578
5759.011,0.42562
5757.082,0.42546
5755.153,0.42532
5753.225,0.42514
5751.296,0.42490
5749.367,0.42470
5747.439,0.42452
5745.510,0.42434
5743.581,0.42413
5741.653,0.42385
5739.724,0.42357
5737.795,0.42335
5735.867,0.42317
5733.938,0.42299
5732.009,0.42280
5730.081,0.42259
5728.152,0.42237
5726.223,0.42219
5724.295,0.42203
5722.366,0.42186
5720.437,0.42173
5718.508,0.42165
5716.580,0.42163
5714.651,0.42163
5712.722,0.42160
5710.794,0.42157
5708.865,0.42159
5706.936,0.42167
5705.008,0.42183
5703.079,0.42204
5701.150,0.42220
5699.222,0.42218
5697.293,0.42194
5695.364,0.42151
5693.436,0.42093
5691.507,0.42033
5689.578,0.41976
5687.650,0.41929
5685.721,0.41892
5683.792,0.41858
5681.864,0.41823
5679.935,0.41791
5678.006,0.41768
5676.078,0.41744
5674.149,0.41714
5672.220,0.41684
5670.292,0.41662
5668.363,0.41643
5666.434,0.41620
5664.506,0.41597
5662.577,0.41576
5660.648,0.41553
5658.720,0.41532
5656.791,0.41516
5654.862,0.41501
5652.934,0.41483
5651.005,0.41463
5649.076,0.41441
5647.148,0.41422
5645.219,0.41405
5643.290,0.41384
5641.362,0.41365
5639.433,0.41345
5637.504,0.41318
5635.576,0.41293
5633.647,0.41278
5631.718,0.41263
5629.790,0.41241
5627.861,0.41214
5625.932,0.41193
5624.004,0.41176
5622.075,0.41154
5620.146,0.41128
5618.218,0.41104
5616.289,0.41083
5614.360,0.41066
5612.432,0.41047
5610.503,0.41028
5608.574,0.41011
5606.646,0.40997
5604.717,0.40986
5602.788,0.40969
5600.860,0.40946
5598.931,0.40921
5597.002,0.40901
5595.074,0.40887
5593.145,0.40876
5591.216,0.40861
5589.288,0.40842
5587.359,0.40818
5585.430,0.40794
5583.502,0.40775
5581.573,0.40761
5579.644,0.40745
5577.716,0.40725
5575.787,0.40703
5573.858,0.40685
5571.930,0.40668
5570.001,0.40653
5568.072,0.40640
5566.144,0.40627
5564.215,0.40605
5562.286,0.40580
5560.357,0.40561
5558.429,0.40549
5556.500,0.40536
5554.571,0.40521
5552.643,0.40505
5550.714,0.40489
5548.785,0.40476
5546.857,0.40463
5544.928,0.40445
5542.999,0.40423
5541.071,0.40399
5539.142,0.40372
5537.213,0.40349
5535.285,0.40334
5533.356,0.40321
5531.427,0.40304
5529.499,0.40284
5527.570,0.40268
5525.641,0.40254
5523.713,0.40240
5521.784,0.40224
5519.855,0.40204
5517.927,0.40183
5515.998,0.40163
5514.069,0.40144
5512.141,0.40127
5510.212,0.40116
5508.283,0.40104
5506.355,0.40084
5504.426,0.40062
5502.497,0.40044
5500.569,0.40029
5498.640,0.40013
5496.711,0.39997
5494.783,0.39981
5492.854,0.39967
5490.925,0.39951
5488.997,0.39931
5487.068,0.39912
5485.139,0.39893
5483.211,0.39873
5481.282,0.39854
5479.353,0.39837
5477.425,0.39821
5475.496,0.39802
5473.567,0.39781
5471.639,0.39763
5469.710,0.39753
5467.781,0.39741
5465.853,0.39723
5463.924,0.39701
5461.995,0.39681
5460.067,0.39666
5458.138,0.39657
5456.209,0.39645
5454.281,0.39624
5452.352,0.39601
5450.423,0.39580
5448.495,0.39562
5446.566,0.39547
5444.637,0.39531
5442.709,0.39513
5440.780,0.39497
5438.851,0.39485
5436.923,0.39473
5434.994,0.39457
5433.065,0.39434
5431.137,0.39410
5429.208,0.39391
5427.279,0.39377
5425.351,0.39365
5423.422,0.39353
5421.493,0.39338
5419.565,0.39321
5417.636,0.39305
5415.707,0.39289
5413.779,0.39273
5411.850,0.39258
5409.921,0.39242
5407.993,0.39226
5406.064,0.39210
5404.135,0.39191
5402.207,0.39170
5400.278,0.39149
5398.349,0.39130
5396.420,0.39113
5394.492,0.39095
5392.563,0.39075
5390.634,0.39058
5388.706,0.39043
5386.777,0.39025
5384.848,0.39005
5382.920,0.38986
5380.991,0.38968
5379.062,0.38948
5377.134,0.38930
5375.205,0.38917
5373.276,0.38899
5371.348,0.38874
5369.419,0.38850
5367.490,0.38831
5365.562,0.38812
5363.633,0.38794
5361.704,0.38782
5359.776,0.38768
5357.847,0.38747
5355.918,0.38726
5353.990,0.38712
5352.061,0.38701
5350.132,0.38684
5348.204,0.38661
5346.275,0.38643
5344.346,0.38629
5342.418,0.38616
5340.489,0.38599
5338.560,0.38577
5336.632,0.38556
5334.703,0.38543
5332.774,0.38534
5330.846,0.38519
5328.917,0.38498
5326.988,0.38478
5325.060,0.38459
5323.131,0.38436
5321.202,0.38412
5319.274,0.38396
5317.345,0.38384
5315.416,0.38369
5313.488,0.38352
5311.559,0.38335
5309.630,0.38313
5307.702,0.38290
5305.773,0.38271
5303.844,0.38259
5301.916,0.38253
5299.987,0.38242
5298.058,0.38223
5296.130,0.38202
5294.201,0.38184
5292.272,0.38164
5290.344,0.38142
5288.415,0.38120
5286.486,0.38102
5284.558,0.38090
5282.629,0.38079
5280.700,0.38064
5278.772,0.38044
5276.843,0.38026
5274.914,0.38012
5272.986,0.38000
5271.057,0.37989
5269.128,0.37975
5267.200,0.37954
5265.271,0.37929
5263.342,0.37908
5261.414,0.37891
5259.485,0.37876
5257.556,0.37860
5255.628,0.37842
5253.699,0.37825
5251.770,0.37810
5249.842,0.37792
5247.913,0.37773
5245.984,0.37757
5244.056,0.37744
5242.127,0.37733
5240.198,0.37715
5238.269,0.37690
5236.341,0.37666
5234.412,0.37653
5232.483,0.37643
5230.555,0.37629
5228.626,0.37610
5226.697,0.37591
5224.769,0.37574
5222.840,0.37559
5220.911,0.37545
5218.983,0.37531
5217.054,0.37515
5215.125,0.37492
5213.197,0.37464
5211.268,0.37435
5209.339,0.37414
5207.411,0.37401
5205.482,0.37393
5203.553,0.37383
5201.625,0.37368
5199.696,0.37350
5197.767,0.37331
5195.839,0.37311
5193.910,0.37291
5191.981,0.37273
5190.053,0.37259
5188.124,0.37246
5186.195,0.37233
5184.267,0.37220
5182.338,0.37205
5180.409,0.37189
5178.481,0.37175
5176.552,0.37161
5174.623,0.37141
5172.695,0.37118
5170.766,0.37101
5168.837,0.37085
5166.909,0.37065
5164.980,0.37050
5163.051,0.37039
5161.123,0.37024
5159.194,0.37006
5157.265,0.36988
5155.337,0.36969
5153.408,0.36954
5151.479,0.36942
5149.551,0.36925
5147.622,0.36905
5145.693,0.36890
5143.765,0.36878
5141.836,0.36861
5139.907,0.36839
5137.979,0.36822
5136.050,0.36811
5134.121,0.36795
5132.193,0.36774
5130.264,0.36753
5128.335,0.36736
5126.407,0.36720
5124.478,0.36704
5122.549,0.36683
5120.621,0.36663
5118.692,0.36646
5116.763,0.36631
5114.835,0.36616
5112.906,0.36601
5110.977,0.36585
5109.049,0.36569
5107.120,0.36552
5105.191,0.36533
5103.263,0.36514
5101.334,0.36498
5099.405,0.36481
5097.477,0.36461
5095.548,0.36440
5093.619,0.36423
5091.691,0.36407
5089.762,0.36390
5087.833,0.36371
5085.905,0.36352
5083.976,0.36334
5082.047,0.36318
5080.119,0.36299
5078.190,0.36281
5076.261,0.36266
5074.332,0.36255
5072.404,0.36247
5070.475,0.36234
5068.546,0.36212
5066.618,0.36190
5064.689,0.36168
5062.760,0.36147
5060.832,0.36130
5058.903,0.36116
5056.974,0.36099
5055.046,0.36080
5053.117,0.36063
5051.188,0.36044
5049.260,0.36021
5047.331,0.36001
5045.402,0.35987
5043.474,0.35974
5041.545,0.35961
5039.616,0.35943
5037.688,0.35922
5035.759,0.35899
5033.830,0.35881
5031.902,0.35867
5029.973,0.35855
5028.044,0.35836
5026.116,0.35811
5024.187,0.35788
5022.258,0.35771
5020.330,0.35756
5018.401,0.35742
5016.472,0.35729
5014.544,0.35712
5012.615,0.35691
5010.686,0.35672
5008.758,0.35656
5006.829,0.35640
5004.900,0.35622
5002.972,0.35604
5001.043,0.35587
4999.114,0.35570
4997.186,0.35551
4995.257,0.35535
4993.328,0.35522
4991.400,0.35508
4989.471,0.35486
4987.542,0.35465
4985.614,0.35452
4983.685,0.35440
4981.756,0.35425
4979.828,0.35408
4977.899,0.35392
4975.970,0.35376
4974.042,0.35356
4972.113,0.35334
4970.184,0.35315
4968.256,0.35300
4966.327,0.35286
4964.398,0.35270
4962.470,0.35254
4960.541,0.35238
4958.612,0.35222
4956.684,0.35207
4954.755,0.35193
4952.826,0.35174
4950.898,0.35153
4948.969,0.35134
4947.040,0.35115
4945.112,0.35098
4943.183,0.35083
4941.254,0.35067
4939.326,0.35051
4937.397,0.35037
4935.468,0.35022
4933.540,0.35004
4931.611,0.34989
4929.682,0.34975
4927.754,0.34958
4925.825,0.34937
4923.896,0.34916
4921.968,0.34897
4920.039,0.34883
4918.110,0.34868
4916.181,0.34852
4914.253,0.34838
4912.324,0.34825
4910.395,0.34808
4908.467,0.34786
4906.538,0.34767
4904.609,0.34754
4902.681,0.34741
4900.752,0.34724
4898.823,0.34705
4896.895,0.34684
4894.966,0.34663
4893.037,0.34645
4891.109,0.34631
4889.180,0.34619
4887.251,0.34606
4885.323,0.34589
4883.394,0.34573
4881.465,0.34556
4879.537,0.34536
4877.608,0.34516
4875.679,0.34499
4873.751,0.34482
4871.822,0.34466
4869.893,0.34451
4867.965,0.34435
4866.036,0.34418
4864.107,0.34399
4862.179,0.34378
4860.250,0.34356
4858.321,0.34336
4856.393,0.34316
4854.464,0.34293
4852.535,0.34271
4850.607,0.34252
4848.678,0.34236
4846.749,0.34224
4844.821,0.34214
4842.892,0.34201
4840.963,0.34186
4839.035,0.34171
4837.106,0.34159
4835.177,0.34149
4833.249,0.34135
4831.320,0.34115
4829.391,0.34096
4827.463,0.34080
4825.534,0.34063
4823.605,0.34047
4821.677,0.34033
4819.748,0.34018
4817.819,0.34001
4815.891,0.33982
4813.962,0.33961
4812.033,0.33940
4810.105,0.33921
4808.176,0.33903
4806.247,0.33885
4804.319,0.33869
4802.390,0.33854
4800.461,0.33840
4798.533,0.33826
4796.604,0.33812
4794.675,0.33795
4792.747,0.33778
4790.818,0.33764
4788.889,0.33752
4786.961,0.33736
4785.032,0.33717
4783.103,0.33696
4781.175,0.33680
4779.246,0.33670
4777.317,0.33657
4775.389,0.33636
4773.460,0.33613
4771.531,0.33593
4769.603,0.33576
4767.674,0.33557
4765.745,0.33539
4763.817,0.33523
4761.888,0.33508
4759.959,0.33493
4758.031,0.33482
4756.102,0.33468
4754.173,0.33449
4752.244,0.33430
4750.316,0.33414
4748.387,0.33396
4746.458,0.33378
4744.530,0.33360
4742.601,0.33342
4740.672,0.33324
4738.744,0.33306
4736.815,0.33287
4734.886,0.33268
4732.958,0.33247
4731.029,0.33230
4729.100,0.33217
4727.172,0.33206
4725.243,0.33194
4723.314,0.33182
4721.386,0.33166
4719.457,0.33150
4717.528,0.33134
4715.600,0.33117
4713.671,0.33102
4711.742,0.33091
4709.814,0.33078
4707.885,0.33066
4705.956,0.33056
4704.028,0.33044
4702.099,0.33027
4700.170,0.33010
4698.242,0.32991
4696.313,0.32969
4694.384,0.32948
4692.456,0.32931
4690.527,0.32916
4688.598,0.32900
4686.670,0.32881
4684.741,0.32864
4682.812,0.32850
4680.884,0.32834
4678.955,0.32813
4677.026,0.32790
4675.098,0.32772
4673.169,0.32759
4671.240,0.32745
4669.312,0.32728
4667.383,0.32709
4665.454,0.32694
4663.526,0.32683
4661.597,0.32670
4659.668,0.32653
4657.740,0.32638
4655.811,0.32626
4653.882,0.32614
4651.954,0.32601
4650.025,0.32586
4648.096,0.32568
4646.168,0.32549
4644.239,0.32534
4642.310,0.32520
4640.382,0.32502
4638.453,0.32485
4636.524,0.32469
4634.596,0.32449
4632.667,0.32427
4630.738,0.32408
4628.810,0.32394
4626.881,0.32380
4624.952,0.32365
4623.024,0.32350
4621.095,0.32332
4619.166,0.32315
4617.238,0.32298
4615.309,0.32281
4613.380,0.32263
4611.452,0.32244
4609.523,0.32230
4607.594,0.32218
4605.666,0.32204
4603.737,0.32192
4601.808,0.32180
4599.880,0.32166
4597.951,0.32148
4596.022,0.32132
4594.093,0.32117
4592.165,0.32103
4590.236,0.32089
4588.307,0.32077
4586.379,0.32067
4584.450,0.32057
4582.521,0.32045
4580.593,0.32037
4578.664,0.32030
4576.735,0.32021
4574.807,0.32009
4572.878,0.31997
4570.949,0.31982
4569.021,0.31967
4567.092,0.31952
4565.163,0.31934
4563.235,0.31910
4561.306,0.31887
4559.377,0.31866
4557.449,0.31846
4555.520,0.31827
4553.591,0.31813
4551.663,0.31799
4549.734,0.31780
4547.805,0.31756
4545.877,0.31735
4543.948,0.31716
4542.019,0.31697
4540.091,0.31678
4538.162,0.31660
4536.233,0.31642
4534.305,0.31623
4532.376,0.31608
4530.447,0.31593
4528.519,0.31576
4526.590,0.31560
4524.661,0.31547
4522.733,0.31535
4520.804,0.31523
4518.875,0.31510
4516.947,0.31498
4515.018,0.31486
4513.089,0.31475
4511.161,0.31463
4509.232,0.31450
4507.303,0.31437
4505.375,0.31424
4503.446,0.31410
4501.517,0.31392
4499.589,0.31374
4497.660,0.31357
4495.731,0.31339
4493.803,0.31321
4491.874,0.31304
4489.945,0.31289
4488.017,0.31275
4486.088,0.31260
4484.159,0.31243
4482.231,0.31225
4480.302,0.31212
4478.373,0.31202
4476.445,0.31186
4474.516,0.31169
4472.587,0.31156
4470.659,0.31149
4468.730,0.31141
4466.801,0.31132
4464.873,0.31126
4462.944,0.31127
4461.015,0.31128
4459.087,0.31128
4457.158,0.31128
4455.229,0.31127
4453.301,0.31118
4451.372,0.31104
4449.443,0.31087
4447.515,0.31065
4445.586,0.31038
4443.657,0.31011
4441.729,0.30985
4439.800,0.30958
4437.871,0.30933
4435.943,0.30913
4434.014,0.30894
4432.085,0.30873
4430.156,0.30855
4428.228,0.30840
4426.299,0.30825
4424.370,0.30811
4422.442,0.30799
4420.513,0.30782
4418.584,0.30760
4416.656,0.30742
4414.727,0.30728
4412.798,0.30716
4410.870,0.30702
4408.941,0.30685
4407.012,0.30666
4405.084,0.30647
4403.155,0.30630
4401.226,0.30616
4399.298,0.30602
4397.369,0.30587
4395.440,0.30573
4393.512,0.30561
4391.583,0.30550
4389.654,0.30539
4387.726,0.30532
4385.797,0.30528
4383.868,0.30529
4381.940,0.30531
4380.011,0.30526
4378.082,0.30513
4376.154,0.30494
4374.225,0.30474
4372.296,0.30454
4370.368,0.30432
4368.439,0.30407
4366.510,0.30383
4364.582,0.30363
4362.653,0.30344
4360.724,0.30322
4358.796,0.30299
4356.867,0.30278
4354.938,0.30260
4353.010,0.30242
4351.081,0.30226
4349.152,0.30214
4347.224,0.30203
4345.295,0.30192
4343.366,0.30184
4341.438,0.30176
4339.509,0.30167
4337.580,0.30161
4335.652,0.30158
4333.723,0.30155
4331.794,0.30152
4329.866,0.30153
4327.937,0.30155
4326.008,0.30160
4324.080,0.30163
4322.151,0.30152
4320.222,0.30115
4318.294,0.30058
4316.365,0.29999
4314.436,0.29950
4312.508,0.29911
4310.579,0.29884
4308.650,0.29869
4306.722,0.29860
4304.793,0.29850
4302.864,0.29839
4300.936,0.29828
4299.007,0.29819
4297.078,0.29808
4295.150,0.29793
4293.221,0.29772
4291.292,0.29751
4289.364,0.29730
4287.435,0.29710
4285.506,0.29690
4283.578,0.29674
4281.649,0.29657
4279.720,0.29646
4277.792,0.29645
4275.863,0.29651
4273.934,0.29660
4272.005,0.29669
4270.077,0.29671
4268.148,0.29664
4266.219,0.29649
4264.291,0.29631
4262.362,0.29612
4260.433,0.29594
4258.505,0.29580
4256.576,0.29571
4254.647,0.29561
4252.719,0.29546
4250.790,0.29519
4248.861,0.29479
4246.933,0.29436
4245.004,0.29398
4243.075,0.29369
4241.147,0.29345
4239.218,0.29326
4237.289,0.29309
4235.361,0.29292
4233.432,0.29279
4231.503,0.29270
4229.575,0.29258
4227.646,0.29246
4225.717,0.29236
4223.789,0.29221
4221.860,0.29200
4219.931,0.29178
4218.003,0.29155
4216.074,0.29129
4214.145,0.29105
4212.217,0.29083
4210.288,0.29063
4208.359,0.29045
4206.431,0.29030
4204.502,0.29018
4202.573,0.29005
4200.645,0.28991
4198.716,0.28982
4196.787,0.28975
4194.859,0.28967
4192.930,0.28961
4191.001,0.28960
4189.073,0.28962
4187.144,0.28963
4185.215,0.28964
4183.287,0.28961
4181.358,0.28953
4179.429,0.28941
4177.501,0.28925
4175.572,0.28903
4173.643,0.28880
4171.715,0.28859
4169.786,0.28835
4167.857,0.28806
4165.929,0.28778
4164.000,0.28751
4162.071,0.28725
4160.143,0.28701
4158.214,0.28679
4156.285,0.28654
4154.357,0.28630
4152.428,0.28610
4150.499,0.28591
4148.571,0.28574
4146.642,0.28560
4144.713,0.28543
4142.785,0.28524
4140.856,0.28506
4138.927,0.28490
4136.999,0.28472
4135.070,0.28454
4133.141,0.28438
4131.213,0.28419
4129.284,0.28395
4127.355,0.28370
4125.427,0.28349
4123.498,0.28327
4121.569,0.28306
4119.641,0.28288
4117.712,0.28271
4115.783,0.28253
4113.855,0.28236
4111.926,0.28222
4109.997,0.28210
4108.068,0.28198
4106.140,0.28185
4104.211,0.28172
4102.282,0.28158
4100.354,0.28143
4098.425,0.28127
4096.496,0.28107
4094.568,0.28086
4092.639,0.28066
4090.710,0.28046
4088.782,0.28024
4086.853,0.28001
4084.924,0.27977
4082.996,0.27953
4081.067,0.27933
4079.138,0.27912
4077.210,0.27889
4075.281,0.27867
4073.352,0.27850
4071.424,0.27834
4069.495,0.27818
4067.566,0.27806
4065.638,0.27795
4063.709,0.27782
4061.780,0.27770
4059.852,0.27764
4057.923,0.27757
4055.994,0.27750
4054.066,0.27746
4052.137,0.27742
4050.208,0.27735
4048.280,0.27725
4046.351,0.27716
4044.422,0.27703
4042.494,0.27690
4040.565,0.27681
4038.636,0.27672
4036.708,0.27660
4034.779,0.27644
4032.850,0.27624
4030.922,0.27600
4028.993,0.27575
4027.064,0.27554
4025.136,0.27534
4023.207,0.27511
4021.278,0.27485
4019.350,0.27459
4017.421,0.27432
4015.492,0.27407
4013.564,0.27390
4011.635,0.27377
4009.706,0.27365
4007.778,0.27356
4005.849,0.27350
4003.920,0.27350
4001.992,0.27358
4000.063,0.27373
3998.134,0.27379
3996.206,0.27369
3994.277,0.27350
3992.348,0.27331
3990.420,0.27311
3988.491,0.27288
3986.562,0.27267
3984.634,0.27244
3982.705,0.27220
3980.776,0.27199
3978.848,0.27183
3976.919,0.27172
3974.990,0.27164
3973.062,0.27156
3971.133,0.27140
3969.204,0.27117
3967.276,0.27091
3965.347,0.27061
3963.418,0.27027
3961.490,0.26992
3959.561,0.26960
3957.632,0.26930
3955.704,0.26904
3953.775,0.26879
3951.846,0.26854
3949.917,0.26830
3947.989,0.26809
3946.060,0.26787
3944.131,0.26764
3942.203,0.26742
3940.274,0.26725
3938.345,0.26709
3936.417,0.26693
3934.488,0.26675
3932.559,0.26658
3930.631,0.26644
3928.702,0.26633
3926.773,0.26622
3924.845,0.26608
3922.916,0.26592
3920.987,0.26573
3919.059,0.26554
3917.130,0.26535
3915.201,0.26518
3913.273,0.26499
3911.344,0.26479
3909.415,0.26458
3907.487,0.26438
3905.558,0.26419
3903.629,0.26399
3901.701,0.26382
3899.772,0.26373
3897.843,0.26368
3895.915,0.26361
3893.986,0.26352
3892.057,0.26342
3890.129,0.26332
3888.200,0.26314
3886.271,0.26290
3884.343,0.26267
3882.414,0.26246
3880.485,0.26230
3878.557,0.26217
3876.628,0.26201
3874.699,0.26181
3872.771,0.26158
3870.842,0.26135
3868.913,0.26117
3866.985,0.26101
3865.056,0.26084
3863.127,0.26068
3861.199,0.26053
3859.270,0.26038
3857.341,0.26015
3855.413,0.25987
3853.484,0.25971
3851.555,0.25967
3849.627,0.25960
3847.698,0.25943
3845.769,0.25922
3843.841,0.25900
3841.912,0.25883
3839.983,0.25865
3838.055,0.25847
3836.126,0.25830
3834.197,0.25815
3832.269,0.25799
3830.340,0.25785
3828.411,0.25769
3826.483,0.25754
3824.554,0.25737
3822.625,0.25718
3820.697,0.25704
3818.768,0.25695
3816.839,0.25684
3814.911,0.25675
3812.982,0.25663
3811.053,0.25640
3809.125,0.25612
3807.196,0.25589
3805.267,0.25571
3803.339,0.25549
3801.410,0.25530
3799.481,0.25519
3797.553,0.25506
3795.624,0.25491
3793.695,0.25475
3791.767,0.25458
3789.838,0.25440
3787.909,0.25423
3785.980,0.25406
3784.052,0.25389
3782.123,0.25372
3780.194,0.25356
3778.266,0.25343
3776.337,0.25328
3774.408,0.25311
3772.480,0.25289
3770.551,0.25268
3768.622,0.25252
3766.694,0.25238
3764.765,0.25221
3762.836,0.25201
3760.908,0.25182
3758.979,0.25162
3757.050,0.25140
3755.122,0.25115
3753.193,0.25088
3751.264,0.25066
3749.336,0.25052
3747.407,0.25037
3745.478,0.25014
3743.550,0.25001
3741.621,0.24995
3739.692,0.24979
3737.764,0.24954
3735.835,0.24933
3733.906,0.24920
3731.978,0.24909
3730.049,0.24896
3728.120,0.24881
3726.192,0.24867
3724.263,0.24854
3722.334,0.24843
3720.406,0.24829
3718.477,0.24811
3716.548,0.24793
3714.620,0.24775
3712.691,0.24755
3710.762,0.24739
3708.834,0.24730
3706.905,0.24722
3704.976,0.24708
3703.048,0.24692
3701.119,0.24677
3699.190,0.24662
3697.262,0.24647
3695.333,0.24631
3693.404,0.24609
3691.476,0.24581
3689.547,0.24558
3687.618,0.24547
3685.690,0.24541
3683.761,0.24534
3681.832,0.24528
3679.904,0.24518
3677.975,0.24503
3676.046,0.24491
3674.118,0.24486
3672.189,0.24478
3670.260,0.24469
3668.332,0.24468
3666.403,0.24466
3664.474,0.24458
3662.546,0.24451
3660.617,0.24442
3658.688,0.24429
3656.760,0.24416
3654.831,0.24407
3652.902,0.24395
3650.974,0.24381
3649.045,0.24375
3647.116,0.24376
3645.188,0.24375
3643.259,0.24371
3641.330,0.24366
3639.402,0.24358
3637.473,0.24349
3635.544,0.24341
3633.616,0.24329
3631.687,0.24311
3629.758,0.24297
3627.830,0.24295
3625.901,0.24297
3623.972,0.24292
3622.043,0.24281
3620.115,0.24270
3618.186,0.24265
3616.257,0.24266
3614.329,0.24267
3612.400,0.24269
3610.471,0.24272
3608.543,0.24276
3606.614,0.24277
3604.685,0.24273
3602.757,0.24268
3600.828,0.24259
3598.899,0.24244
3596.971,0.24230
3595.042,0.24220
3593.113,0.24210
3591.185,0.24201
3589.256,0.24193
3587.327,0.24185
3585.399,0.24178
3583.470,0.24174
3581.541,0.24171
3579.613,0.24164
3577.684,0.24155
3575.755,0.24151
3573.827,0.24146
3571.898,0.24140
3569.969,0.24134
3568.041,0.24129
3566.112,0.24126
3564.183,0.24127
3562.255,0.24126
3560.326,0.24122
3558.397,0.24117
3556.469,0.24115
3554.540,0.24111
3552.611,0.24106
3550.683,0.24101
3548.754,0.24096
3546.825,0.24089
3544.897,0.24083
3542.968,0.24080
3541.039,0.24074
3539.111,0.24065
3537.182,0.24057
3535.253,0.24051
3533.325,0.24044
3531.396,0.24037
3529.467,0.24031
3527.539,0.24024
3525.610,0.24017
3523.681,0.24014
3521.753,0.24011
3519.824,0.24004
3517.895,0.23996
3515.967,0.23988
3514.038,0.23979
3512.109,0.23970
3510.181,0.23963
3508.252,0.23954
3506.323,0.23944
3504.395,0.23936
3502.466,0.23930
3500.537,0.23921
3498.609,0.23911
3496.680,0.23902
3494.751,0.23894
3492.823,0.23884
3490.894,0.23876
3488.965,0.23870
3487.037,0.23864
3485.108,0.23857
3483.179,0.23849
3481.251,0.23842
3479.322,0.23835
3477.393,0.23828
3475.465,0.23821
3473.536,0.23813
3471.607,0.23806
3469.679,0.23801
3467.750,0.23795
3465.821,0.23789
3463.892,0.23783
3461.964,0.23777
3460.035,0.23768
3458.106,0.23760
3456.178,0.23750
3454.249,0.23737
3452.320,0.23724
3450.392,0.23710
3448.463,0.23695
3446.534,0.23679
3444.606,0.23663
3442.677,0.23647
3440.748,0.23633
3438.820,0.23618
3436.891,0.23602
3434.962,0.23588
3433.034,0.23574
3431.105,0.23559
3429.176,0.23542
3427.248,0.23526
3425.319,0.23510
3423.390,0.23491
3421.462,0.23472
3419.533,0.23454
3417.604,0.23436
3415.676,0.23418
3413.747,0.23398
3411.818,0.23376
3409.890,0.23354
3407.961,0.23330
3406.032,0.23306
3404.104,0.23280
3402.175,0.23252
3400.246,0.23224
3398.318,0.23196
3396.389,0.23165
3394.460,0.23135
3392.532,0.23106
3390.603,0.23080
3388.674,0.23053
3386.746,0.23027
3384.817,0.23002
3382.888,0.22976
3380.960,0.22948
3379.031,0.22920
3377.102,0.22890
3375.174,0.22860
3373.245,0.22833
3371.316,0.22806
3369.388,0.22777
3367.459,0.22748
3365.530,0.22718
3363.602,0.22683
3361.673,0.22648
3359.744,0.22620
3357.816,0.22594
3355.887,0.22565
3353.958,0.22536
3352.030,0.22508
3350.101,0.22480
3348.172,0.22449
3346.244,0.22419
3344.315,0.22390
3342.386,0.22361
3340.458,0.22333
3338.529,0.22305
3336.600,0.22276
3334.672,0.22250
3332.743,0.22226
3330.814,0.22200
3328.886,0.22171
3326.957,0.22143
3325.028,0.22115
3323.100,0.22088
3321.171,0.22063
3319.242,0.22040
3317.314,0.22016
3315.385,0.21989
3313.456,0.21962
3311.528,0.21940
3309.599,0.21917
3307.670,0.21893
3305.742,0.21870
3303.813,0.21849
3301.884,0.21827
3299.955,0.21806
3298.027,0.21787
3296.098,0.21767
3294.169,0.21746
3292.241,0.21725
3290.312,0.21704
3288.383,0.21683
3286.455,0.21661
3284.526,0.21640
3282.597,0.21620
3280.669,0.21600
3278.740,0.21578
3276.811,0.21553
3274.883,0.21529
3272.954,0.21504
3271.025,0.21478
3269.097,0.21450
3267.168,0.21423
3265.239,0.21398
3263.311,0.21373
3261.382,0.21344
3259.453,0.21315
3257.525,0.21287
3255.596,0.21259
3253.667,0.21230
3251.739,0.21199
3249.810,0.21166
3247.881,0.21129
3245.953,0.21090
3244.024,0.21050
3242.095,0.21007
3240.167,0.20963
3238.238,0.20923
3236.309,0.20891
3234.381,0.20867
3232.452,0.20853
3230.523,0.20847
3228.595,0.20843
3226.666,0.20841
3224.737,0.20841
3222.809,0.20838
3220.880,0.20827
3218.951,0.20810
3217.023,0.20785
3215.094,0.20752
3213.165,0.20712
3211.237,0.20674
3209.308,0.20642
3207.379,0.20614
3205.451,0.20592
3203.522,0.20575
3201.593,0.20559
3199.665,0.20542
3197.736,0.20522
3195.807,0.20496
3193.879,0.20466
3191.950,0.20436
3190.021,0.20403
3188.093,0.20365
3186.164,0.20329
3184.235,0.20297
3182.307,0.20264
3180.378,0.20231
3178.449,0.20202
3176.521,0.20175
3174.592,0.20146
3172.663,0.20121
3170.735,0.20100
3168.806,0.20079
3166.877,0.20056
3164.949,0.20036
3163.020,0.20017
3161.091,0.19996
3159.163,0.19978
3157.234,0.19964
3155.305,0.19952
3153.377,0.19939
3151.448,0.19929
3149.519,0.19916
3147.591,0.19894
3145.662,0.19862
3143.733,0.19821
3141.804,0.19771
3139.876,0.19717
3137.947,0.19665
3136.018,0.19613
3134.090,0.19562
3132.161,0.19513
3130.232,0.19466
3128.304,0.19417
3126.375,0.19370
3124.446,0.19330
3122.518,0.19297
3120.589,0.19280
3118.660,0.19295
3116.732,0.19365
3114.803,0.19531
3112.874,0.19887
3110.946,0.20611
3109.017,0.21956
3107.088,0.24099
3105.160,0.26833
3103.231,0.29540
3101.302,0.31769
3099.374,0.33517
3097.445,0.34517
3095.516,0.34172
3093.588,0.32741
3091.659,0.31350
3089.730,0.30736
3087.802,0.30804
3085.873,0.30980
3083.944,0.30720
3082.016,0.29905
3080.087,0.28814
3078.158,0.27781
3076.230,0.26995
3074.301,0.26520
3072.372,0.26341
3070.444,0.26384
3068.515,0.26570
3066.586,0.26878
3064.658,0.27335
3062.729,0.27958
3060.800,0.28698
3058.872,0.29386
3056.943,0.29753
3055.014,0.29594
3053.086,0.28919
3051.157,0.27912
3049.228,0.26791
3047.300,0.25727
3045.371,0.24812
3043.442,0.24072
3041.514,0.23496
3039.585,0.23061
3037.656,0.22734
3035.728,0.22490
3033.799,0.22314
3031.870,0.22205
3029.942,0.22162
3028.013,0.22192
3026.084,0.22303
3024.156,0.22488
3022.227,0.22721
3020.298,0.22970
3018.370,0.23192
3016.441,0.23341
3014.512,0.23393
3012.584,0.23350
3010.655,0.23217
3008.726,0.23005
3006.798,0.22745
3004.869,0.22481
3002.940,0.22245
3001.012,0.22049
2999.083,0.21895
2997.154,0.21772
2995.226,0.21670
2993.297,0.21586
2991.368,0.21521
2989.440,0.21475
2987.511,0.21451
2985.582,0.21448
2983.654,0.21464
2981.725,0.21499
2979.796,0.21563
2977.867,0.21659
2975.939,0.21789
2974.010,0.21957
2972.081,0.22168
2970.153,0.22423
2968.224,0.22723
2966.295,0.23076
2964.367,0.23494
2962.438,0.23986
2960.509,0.24528
2958.581,0.25019
2956.652,0.25293
2954.723,0.25205
2952.795,0.24769
2950.866,0.24177
2948.937,0.23663
2947.009,0.23353
2945.080,0.23253
2943.151,0.23324
2941.223,0.23530
2939.294,0.23851
2937.365,0.24277
2935.437,0.24807
2933.508,0.25444
2931.579,0.26195
2929.651,0.27072
2927.722,0.28110
2925.793,0.29357
2923.865,0.30829
2921.936,0.32455
2920.007,0.33982
2918.079,0.34859
2916.150,0.34413
2914.221,0.32631
2912.293,0.30401
2910.364,0.28577
2908.435,0.27372
2906.507,0.26632
2904.578,0.26186
2902.649,0.25918
2900.721,0.25753
2898.792,0.25643
2896.863,0.25556
2894.935,0.25475
2893.006,0.25393
2891.077,0.25302
2889.149,0.25198
2887.220,0.25080
2885.291,0.24957
2883.363,0.24839
2881.434,0.24733
2879.505,0.24636
2877.577,0.24534
2875.648,0.24395
2873.719,0.24179
2871.791,0.23876
2869.862,0.23535
2867.933,0.23252
2866.005,0.23109
2864.076,0.23144
2862.147,0.23356
2860.219,0.23729
2858.290,0.24296
2856.361,0.25186
2854.433,0.26616
2852.504,0.28624
2850.575,0.30469
2848.647,0.30724
2846.718,0.28998
2844.789,0.26567
2842.861,0.24610
2840.932,0.23325
2839.003,0.22490
2837.075,0.21915
2835.146,0.21505
2833.217,0.21213
2831.289,0.21014
2829.360,0.20881
2827.431,0.20777
2825.503,0.20664
2823.574,0.20520
2821.645,0.20348
2819.716,0.20166
2817.788,0.19987
2815.859,0.19815
2813.930,0.19653
2812.002,0.19500
2810.073,0.19353
2808.144,0.19214
2806.216,0.19083
2804.287,0.18960
2802.358,0.18849
2800.430,0.18752
2798.501,0.18670
2796.572,0.18604
2794.644,0.18553
2792.715,0.18513
2790.786,0.18483
2788.858,0.18452
2786.929,0.18415
2785.000,0.18368
2783.072,0.18317
2781.143,0.18272
2779.214,0.18246
2777.286,0.18237
2775.357,0.18232
2773.428,0.18213
2771.500,0.18172
2769.571,0.18110
2767.642,0.18041
2765.714,0.17972
2763.785,0.17911
2761.856,0.17862
2759.928,0.17832
2757.999,0.17815
2756.070,0.17804
2754.142,0.17794
2752.213,0.17785
2750.284,0.17771
2748.356,0.17747
2746.427,0.17718
2744.498,0.17688
2742.570,0.17660
2740.641,0.17630
2738.712,0.17595
2736.784,0.17560
2734.855,0.17529
2732.926,0.17503
2730.998,0.17479
2729.069,0.17453
2727.140,0.17428
2725.212,0.17408
2723.283,0.17390
2721.354,0.17376
2719.426,0.17368
2717.497,0.17365
2715.568,0.17365
2713.640,0.17371
2711.711,0.17384
2709.782,0.17401
2707.854,0.17418
2705.925,0.17435
2703.996,0.17441
2702.068,0.17420
2700.139,0.17365
2698.210,0.17274
2696.282,0.17158
2694.353,0.17039
2692.424,0.16932
2690.496,0.16842
2688.567,0.16765
2686.638,0.16701
2684.710,0.16650
2682.781,0.16608
2680.852,0.16577
2678.924,0.16559
2676.995,0.16547
2675.066,0.16535
2673.138,0.16522
2671.209,0.16507
2669.280,0.16492
2667.352,0.16480
2665.423,0.16472
2663.494,0.16462
2661.566,0.16446
2659.637,0.16429
2657.708,0.16408
2655.779,0.16381
2653.851,0.16352
2651.922,0.16329
2649.993,0.16310
2648.065,0.16297
2646.136,0.16295
2644.207,0.16298
2642.279,0.16298
2640.350,0.16298
2638.421,0.16298
2636.493,0.16293
2634.564,0.16280
2632.635,0.16261
2630.707,0.16233
2628.778,0.16194
2626.849,0.16152
2624.921,0.16114
2622.992,0.16080
2621.063,0.16055
2619.135,0.16047
2617.206,0.16052
2615.277,0.16058
2613.349,0.16058
2611.420,0.16043
2609.491,0.16007
2607.563,0.15959
2605.634,0.15910
2603.705,0.15865
2601.777,0.15825
2599.848,0.15797
2597.919,0.15782
2595.991,0.15776
2594.062,0.15776
2592.133,0.15778
2590.205,0.15773
2588.276,0.15761
2586.347,0.15756
2584.419,0.15765
2582.490,0.15783
2580.561,0.15805
2578.633,0.15830
2576.704,0.15849
2574.775,0.15854
2572.847,0.15849
2570.918,0.15835
2568.989,0.15814
2567.061,0.15797
2565.132,0.15788
2563.203,0.15777
2561.275,0.15761
2559.346,0.15745
2557.417,0.15719
2555.489,0.15677
2553.560,0.15623
2551.631,0.15561
2549.703,0.15492
2547.774,0.15424
2545.845,0.15369
2543.917,0.15327
2541.988,0.15291
2540.059,0.15267
2538.131,0.15254
2536.202,0.15248
2534.273,0.15250
2532.345,0.15266
2530.416,0.15288
2528.487,0.15309
2526.559,0.15329
2524.630,0.15340
2522.701,0.15325
2520.773,0.15279
2518.844,0.15213
2516.915,0.15137
2514.987,0.15064
2513.058,0.15003
2511.129,0.14952
2509.201,0.14901
2507.272,0.14858
2505.343,0.14825
2503.415,0.14795
2501.486,0.14768
2499.557,0.14750
2497.628,0.14741
2495.700,0.14735
2493.771,0.14739
2491.842,0.14750
2489.914,0.14761
2487.985,0.14770
2486.056,0.14780
2484.128,0.14789
2482.199,0.14789
2480.270,0.14786
2478.342,0.14782
2476.413,0.14771
2474.484,0.14758
2472.556,0.14750
2470.627,0.14740
2468.698,0.14720
2466.770,0.14701
2464.841,0.14689
2462.912,0.14680
2460.984,0.14676
2459.055,0.14679
2457.126,0.14680
2455.198,0.14675
2453.269,0.14674
2451.340,0.14675
2449.412,0.14674
2447.483,0.14675
2445.554,0.14682
2443.626,0.14689
2441.697,0.14691
2439.768,0.14686
2437.840,0.14665
2435.911,0.14620
2433.982,0.14565
2432.054,0.14511
2430.125,0.14465
2428.196,0.14431
2426.268,0.14414
2424.339,0.14398
2422.410,0.14375
2420.482,0.14352
2418.553,0.14340
2416.624,0.14332
2414.696,0.14327
2412.767,0.14329
2410.838,0.14330
2408.910,0.14323
2406.981,0.14317
2405.052,0.14331
2403.124,0.14362
2401.195,0.14381
2399.266,0.14347
2397.338,0.14256
2395.409,0.14149
2393.480,0.14064
2391.552,0.14008
2389.623,0.13968
2387.694,0.13938
2385.766,0.13917
2383.837,0.13898
2381.908,0.13883
2379.980,0.13879
2378.051,0.13882
2376.122,0.13882
2374.194,0.13880
2372.265,0.13882
2370.336,0.13879
2368.408,0.13865
2366.479,0.13837
2364.550,0.13798
2362.622,0.13758
2360.693,0.13730
2358.764,0.13714
2356.836,0.13700
2354.907,0.13683
2352.978,0.13658
2351.050,0.13623
2349.121,0.13579
2347.192,0.13539
2345.264,0.13510
2343.335,0.13495
2341.406,0.13493
2339.478,0.13493
2337.549,0.13481
2335.620,0.13456
2333.691,0.13424
2331.763,0.13389
2329.834,0.13353
2327.905,0.13320
2325.977,0.13291
2324.048,0.13263
2322.119,0.13240
2320.191,0.13220
2318.262,0.13199
2316.333,0.13178
2314.405,0.13161
2312.476,0.13150
2310.547,0.13147
2308.619,0.13156
2306.690,0.13177
2304.761,0.13207
2302.833,0.13242
2300.904,0.13275
2298.975,0.13301
2297.047,0.13321
2295.118,0.13336
2293.189,0.13347
2291.261,0.13343
2289.332,0.13316
2287.403,0.13264
2285.475,0.13193
2283.546,0.13118
2281.617,0.13051
2279.689,0.12995
2277.760,0.12948
2275.831,0.12909
2273.903,0.12876
2271.974,0.12848
2270.045,0.12823
2268.117,0.12804
2266.188,0.12790
2264.259,0.12778
2262.331,0.12765
2260.402,0.12751
2258.473,0.12732
2256.545,0.12704
2254.616,0.12668
2252.687,0.12628
2250.759,0.12589
2248.830,0.12555
2246.901,0.12528
2244.973,0.12502
2243.044,0.12471
2241.115,0.12434
2239.187,0.12394
2237.258,0.12355
2235.329,0.12320
2233.401,0.12288
2231.472,0.12257
2229.543,0.12226
2227.615,0.12196
2225.686,0.12165
2223.757,0.12134
2221.829,0.12107
2219.900,0.12083
2217.971,0.12059
2216.043,0.12036
2214.114,0.12017
2212.185,0.11998
2210.257,0.11979
2208.328,0.11962
2206.399,0.11946
2204.471,0.11928
2202.542,0.11909
2200.613,0.11892
2198.685,0.11876
2196.756,0.11856
2194.827,0.11830
2192.899,0.11801
2190.970,0.11773
2189.041,0.11746
2187.113,0.11721
2185.184,0.11697
2183.255,0.11677
2181.327,0.11666
2179.398,0.11667
2177.469,0.11673
2175.540,0.11675
2173.612,0.11664
2171.683,0.11630
2169.754,0.11580
2167.826,0.11536
2165.897,0.11502
2163.968,0.11471
2162.040,0.11446
2160.111,0.11427
2158.182,0.11409
2156.254,0.11391
2154.325,0.11381
2152.396,0.11377
2150.468,0.11370
2148.539,0.11355
2146.610,0.11335
2144.682,0.11307
2142.753,0.11274
2140.824,0.11245
2138.896,0.11218
2136.967,0.11191
2135.038,0.11170
2133.110,0.11157
2131.181,0.11145
2129.252,0.11136
2127.324,0.11137
2125.395,0.11142
2123.466,0.11145
2121.538,0.11149
2119.609,0.11152
2117.680,0.11149
2115.752,0.11144
2113.823,0.11139
2111.894,0.11130
2109.966,0.11111
2108.037,0.11088
2106.108,0.11058
2104.180,0.11014
2102.251,0.10967
2100.322,0.10930
2098.394,0.10898
2096.465,0.10864
2094.536,0.10835
2092.608,0.10812
2090.679,0.10790
2088.750,0.10771
2086.822,0.10759
2084.893,0.10745
2082.964,0.10726
2081.036,0.10710
2079.107,0.10689
2077.178,0.10656
2075.250,0.10623
2073.321,0.10595
2071.392,0.10564
2069.464,0.10533
2067.535,0.10511
2065.606,0.10491
2063.678,0.10459
2061.749,0.10428
2059.820,0.10402
2057.892,0.10369
2055.963,0.10335
2054.034,0.10312
2052.106,0.10296
2050.177,0.10278
2048.248,0.10263
2046.320,0.10248
2044.391,0.10220
2042.462,0.10192
2040.534,0.10172
2038.605,0.10149
2036.676,0.10120
2034.748,0.10098
2032.819,0.10084
2030.890,0.10068
2028.962,0.10058
2027.033,0.10059
2025.104,0.10054
2023.176,0.10037
2021.247,0.10023
2019.318,0.10007
2017.390,0.09979
2015.461,0.09949
2013.532,0.09926
2011.603,0.09899
2009.675,0.09877
2007.746,0.09876
2005.817,0.09884
2003.889,0.09884
2001.960,0.09879
2000.031,0.09860
1998.103,0.09814
1996.174,0.09758
1994.245,0.09712
1992.317,0.09668
1990.388,0.09620
1988.459,0.09582
1986.531,0.09554
1984.602,0.09523
1982.673,0.09493
1980.745,0.09474
1978.816,0.09453
1976.887,0.09429
1974.959,0.09413
1973.030,0.09398
1971.101,0.09370
1969.173,0.09339
1967.244,0.09316
1965.315,0.09287
1963.387,0.09251
1961.458,0.09222
1959.529,0.09197
1957.601,0.09164
1955.672,0.09138
1953.743,0.09122
1951.815,0.09100
1949.886,0.09073
1947.957,0.09059
1946.029,0.09048
1944.100,0.09028
1942.171,0.09010
1940.243,0.08994
1938.314,0.08966
1936.385,0.08937
1934.457,0.08917
1932.528,0.08894
1930.599,0.08862
1928.671,0.08835
1926.742,0.08811
1924.813,0.08780
1922.885,0.08749
1920.956,0.08731
1919.027,0.08714
1917.099,0.08693
1915.170,0.08681
1913.241,0.08670
1911.313,0.08648
1909.384,0.08627
1907.455,0.08613
1905.527,0.08593
1903.598,0.08565
1901.669,0.08544
1899.741,0.08524
1897.812,0.08497
1895.883,0.08473
1893.955,0.08454
1892.026,0.08429
1890.097,0.08403
1888.169,0.08390
1886.240,0.08378
1884.311,0.08361
1882.383,0.08349
1880.454,0.08342
1878.525,0.08324
1876.597,0.08300
1874.668,0.08279
1872.739,0.08251
1870.811,0.08215
1868.882,0.08190
1866.953,0.08179
1865.025,0.08169
1863.096,0.08160
1861.167,0.08160
1859.239,0.08163
1857.310,0.08175
1855.381,0.08212
1853.452,0.08286
1851.524,0.08412
1849.595,0.08643
1847.666,0.09032
1845.738,0.09505
1843.809,0.09815
1841.880,0.09741
1839.952,0.09356
1838.023,0.08936
1836.094,0.08659
1834.166,0.08517
1832.237,0.08443
1830.308,0.08414
1828.380,0.08432
1826.451,0.08476
1824.522,0.08530
1822.594,0.08618
1820.665,0.08733
1818.736,0.08835
1816.808,0.08924
1814.879,0.09033
1812.950,0.09154
1811.022,0.09240
1809.093,0.09184
1807.164,0.08909
1805.236,0.08516
1803.307,0.08171
1801.378,0.07935
1799.450,0.07779
1797.521,0.07671
1795.592,0.07589
1793.664,0.07518
1791.735,0.07452
1789.806,0.07395
1787.878,0.07345
1785.949,0.07298
1784.020,0.07252
1782.092,0.07211
1780.163,0.07177
1778.234,0.07146
1776.306,0.07119
1774.377,0.07096
1772.448,0.07078
1770.520,0.07062
1768.591,0.07050
1766.662,0.07043
1764.734,0.07037
1762.805,0.07027
1760.876,0.07019
1758.948,0.07015
1757.019,0.07012
1755.090,0.07014
1753.162,0.07022
1751.233,0.07037
1749.304,0.07056
1747.376,0.07083
1745.447,0.07117
1743.518,0.07153
1741.590,0.07194
1739.661,0.07241
1737.732,0.07287
1735.804,0.07328
1733.875,0.07372
1731.946,0.07415
1730.018,0.07437
1728.089,0.07442
1726.160,0.07447
1724.232,0.07455
1722.303,0.07472
1720.374,0.07501
1718.446,0.07537
1716.517,0.07581
1714.588,0.07641
1712.660,0.07712
1710.731,0.07774
1708.802,0.07815
1706.874,0.07840
1704.945,0.07855
1703.016,0.07866
1701.088,0.07890
1699.159,0.07932
1697.230,0.07981
1695.302,0.08035
1693.373,0.08105
1691.444,0.08185
1689.515,0.08274
1687.587,0.08385
1685.658,0.08515
1683.729,0.08655
1681.801,0.08813
1679.872,0.08991
1677.943,0.09170
1676.015,0.09343
1674.086,0.09523
1672.157,0.09722
1670.229,0.09955
1668.300,0.10245
1666.371,0.10590
1664.443,0.10964
1662.514,0.11352
1660.585,0.11718
1658.657,0.12003
1656.728,0.12209
1654.799,0.12418
1652.871,0.12702
1650.942,0.13065
1649.013,0.13466
1647.085,0.13867
1645.156,0.14234
1643.227,0.14538
1641.299,0.14792
1639.370,0.15074
1637.441,0.15495
1635.513,0.16139
1633.584,0.17023
1631.655,0.18095
1629.727,0.19286
1627.798,0.20597
1625.869,0.22234
1623.941,0.24682
1622.012,0.28372
1620.083,0.32689
1618.155,0.35235
1616.226,0.33878
1614.297,0.30017
1612.369,0.26864
1610.440,0.26089
1608.511,0.27523
1606.583,0.30101
1604.654,0.32423
1602.725,0.33024
1600.797,0.31097
1598.868,0.27485
1596.939,0.23966
1595.011,0.21598
1593.082,0.20431
1591.153,0.20169
1589.225,0.20553
1587.296,0.21348
1585.367,0.22330
1583.439,0.23388
1581.510,0.24546
1579.581,0.25856
1577.653,0.27335
1575.724,0.28984
1573.795,0.30800
1571.867,0.32790
1569.938,0.34989
1568.009,0.37412
1566.081,0.40047
1564.152,0.42927
1562.223,0.46181
1560.295,0.50069
1558.366,0.54934
1556.437,0.61053
1554.509,0.68467
1552.580,0.76724
1550.651,0.84870
1548.723,0.92322
1546.794,0.99700
1544.865,1.07605
1542.937,1.14956
1541.008,1.19740
1539.079,1.21043
1537.151,1.19230
1535.222,1.14881
1533.293,1.08626
1531.364,1.01276
1529.436,0.93463
1527.507,0.85570
1525.578,0.78059
1523.650,0.71397
1521.721,0.65781
1519.792,0.61173
1517.864,0.57407
1515.935,0.54291
1514.006,0.51684
1512.078,0.49492
1510.149,0.47594
1508.220,0.45802
1506.292,0.43956
1504.363,0.42039
1502.434,0.40123
1500.506,0.38268
1498.577,0.36515
1496.648,0.34900
1494.720,0.33422
1492.791,0.32085
1490.862,0.30909
1488.934,0.29891
1487.005,0.28978
1485.076,0.28120
1483.148,0.27319
1481.219,0.26618
1479.290,0.26104
1477.362,0.25965
1475.433,0.26270
1473.504,0.26558
1471.576,0.26440
1469.647,0.26467
1467.718,0.27167
1465.790,0.28124
1463.861,0.28412
1461.932,0.27331
1460.004,0.25206
1458.075,0.23085
1456.146,0.21540
1454.218,0.20517
1452.289,0.19838
1450.360,0.19363
1448.432,0.19002
1446.503,0.18817
1444.574,0.19008
1442.646,0.19824
1440.717,0.21366
1438.788,0.23125
1436.860,0.23874
1434.931,0.22871
1433.002,0.20804
1431.074,0.18774
1429.145,0.17258
1427.216,0.16265
1425.288,0.15696
1423.359,0.15450
1421.430,0.15485
1419.502,0.15889
1417.573,0.16845
1415.644,0.18554
1413.716,0.21179
1411.787,0.24662
1409.858,0.28518
1407.930,0.31838
1406.001,0.33572
1404.072,0.33133
1402.144,0.30910
1400.215,0.27932
1398.286,0.25054
1396.358,0.22679
1394.429,0.20943
1392.500,0.19876
1390.572,0.19411
1388.643,0.19475
1386.714,0.20216
1384.786,0.22027
1382.857,0.24733
1380.928,0.26721
1379.000,0.26780
1377.071,0.26258
1375.142,0.26966
1373.214,0.29302
1371.285,0.33025
1369.356,0.38036
1367.427,0.44460
1365.499,0.52537
1363.570,0.62336
1361.641,0.73529
1359.713,0.85551
1357.784,0.97774
1355.855,1.08616
1353.927,1.14509
1351.998,1.12480
1350.069,1.04185
1348.141,0.93583
1346.212,0.83286
1344.283,0.74364
1342.355,0.67079
1340.426,0.61317
1338.497,0.56747
1336.569,0.52953
1334.640,0.49599
1332.711,0.46528
1330.783,0.43717
1328.854,0.41196
1326.925,0.38996
1324.997,0.37106
1323.068,0.35463
1321.139,0.34023
1319.211,0.32782
1317.282,0.31699
1315.353,0.30702
1313.425,0.29771
1311.496,0.28975
1309.567,0.28456
1307.639,0.28303
1305.710,0.28275
1303.781,0.27944
1301.853,0.27268
1299.924,0.26575
1297.995,0.26059
1296.067,0.25702
1294.138,0.25456
1292.209,0.25250
1290.281,0.24974
1288.352,0.24581
1286.423,0.24105
1284.495,0.23555
1282.566,0.22951
1280.637,0.22393
1278.709,0.21961
1276.780,0.21644
1274.851,0.21410
1272.923,0.21219
1270.994,0.20999
1269.065,0.20727
1267.137,0.20481
1265.208,0.20309
1263.279,0.20146
1261.351,0.19926
1259.422,0.19643
1257.493,0.19312
1255.565,0.18961
1253.636,0.18635
1251.707,0.18352
1249.779,0.18094
1247.850,0.17864
1245.921,0.17680
1243.993,0.17531
1242.064,0.17412
1240.135,0.17335
1238.207,0.17284
1236.278,0.17227
1234.349,0.17149
1232.421,0.17034
1230.492,0.16854
1228.563,0.16630
1226.635,0.16405
1224.706,0.16191
1222.777,0.15980
1220.849,0.15793
1218.920,0.15659
1216.991,0.15646
1215.063,0.15930
1213.134,0.16678
1211.205,0.17759
1209.277,0.18663
1207.348,0.19004
1205.419,0.18857
1203.490,0.18411
1201.562,0.17782
1199.633,0.17126
1197.704,0.16563
1195.776,0.16124
1193.847,0.15789
1191.918,0.15507
1189.990,0.15233
1188.061,0.14971
1186.132,0.14727
1184.204,0.14505
1182.275,0.14347
1180.346,0.14342
1178.418,0.14663
1176.489,0.15618
1174.560,0.17435
1172.632,0.19718
1170.703,0.21180
1168.774,0.20775
1166.846,0.19121
1164.917,0.17521
1162.988,0.16460
1161.060,0.15769
1159.131,0.15248
1157.202,0.14830
1155.274,0.14509
1153.345,0.14265
1151.416,0.14065
1149.488,0.13908
1147.559,0.13779
1145.630,0.13640
1143.702,0.13482
1141.773,0.13324
1139.844,0.13169
1137.916,0.13020
1135.987,0.12891
1134.058,0.12778
1132.130,0.12669
1130.201,0.12570
1128.272,0.12484
1126.344,0.12385
1124.415,0.12269
1122.486,0.12158
1120.558,0.12052
1118.629,0.11937
1116.700,0.11827
1114.772,0.11725
1112.843,0.11609
1110.914,0.11488
1108.986,0.11381
1107.057,0.11276
1105.128,0.11179
1103.200,0.11128
1101.271,0.11139
1099.342,0.11253
1097.414,0.11647
1095.485,0.12679
1093.556,0.14758
1091.628,0.17867
1089.699,0.21197
1087.770,0.23604
1085.842,0.24283
1083.913,0.23131
1081.984,0.20945
1080.056,0.18768
1078.127,0.17108
1076.198,0.15975
1074.270,0.15199
1072.341,0.14619
1070.412,0.14147
1068.484,0.13727
1066.555,0.13338
1064.626,0.13006
1062.698,0.12742
1060.769,0.12516
1058.840,0.12313
1056.912,0.12146
1054.983,0.11992
1053.054,0.11837
1051.126,0.11706
1049.197,0.11597
1047.268,0.11484
1045.339,0.11377
1043.411,0.11298
1041.482,0.11231
1039.553,0.11170
1037.625,0.11145
1035.696,0.11147
1033.767,0.11180
1031.839,0.11369
1029.910,0.11896
1027.981,0.12636
1026.053,0.13018
1024.124,0.12693
1022.195,0.12012
1020.267,0.11438
1018.338,0.11080
1016.409,0.10848
1014.481,0.10658
1012.552,0.10506
1010.623,0.10398
1008.695,0.10305
1006.766,0.10217
1004.837,0.10152
1002.909,0.10086
1000.980,0.09986
999.051,0.09879
997.123,0.09785
995.194,0.09681
993.265,0.09578
991.337,0.09503
989.408,0.09431
987.479,0.09345
985.551,0.09276
983.622,0.09222
981.693,0.09148
979.765,0.09074
977.836,0.09019
975.907,0.08957
973.979,0.08882
972.050,0.08828
970.121,0.08780
968.193,0.08714
966.264,0.08657
964.335,0.08614
962.407,0.08552
960.478,0.08479
958.549,0.08427
956.621,0.08371
954.692,0.08300
952.763,0.08255
950.835,0.08239
948.906,0.08268
946.977,0.08501
945.049,0.09354
943.120,0.11408
941.191,0.14549
939.263,0.16979
937.334,0.16673
935.405,0.14288
933.477,0.11927
931.548,0.10504
929.619,0.10117
927.691,0.11003
925.762,0.12581
923.833,0.12992
921.905,0.11936
919.976,0.11638
918.047,0.13790
916.119,0.17927
914.190,0.22607
912.261,0.27454
910.333,0.32686
908.404,0.36747
906.475,0.36300
904.547,0.30775
902.618,0.24203
900.689,0.19595
898.761,0.16903
896.832,0.15224
894.903,0.14072
892.975,0.13272
891.046,0.12676
889.117,0.12179
887.189,0.11768
885.260,0.11426
883.331,0.11122
881.402,0.10863
879.474,0.10661
877.545,0.10480
875.616,0.10318
873.688,0.10207
871.759,0.10108
869.830,0.09977
867.902,0.09836
865.973,0.09711
864.044,0.09580
862.116,0.09469
860.187,0.09408
858.258,0.09359
856.330,0.09299
854.401,0.09249
852.472,0.09202
850.544,0.09121
848.615,0.09026
846.686,0.08929
844.758,0.08803
842.829,0.08668
840.900,0.08565
838.972,0.08479
837.043,0.08380
835.114,0.08301
833.186,0.08235
831.257,0.08151
829.328,0.08165
827.400,0.08390
825.471,0.08612
823.542,0.08509
821.614,0.08172
819.685,0.07876
817.756,0.07693
815.828,0.07589
813.899,0.07525
811.970,0.07450
810.042,0.07365
808.113,0.07314
806.184,0.07283
804.256,0.07257
802.327,0.07316
800.398,0.07663
798.470,0.09044
796.541,0.13096
794.612,0.19865
792.684,0.23946
790.755,0.20844
788.826,0.15383
786.898,0.11833
784.969,0.09976
783.040,0.08936
781.112,0.08329
779.183,0.07926
777.254,0.07700
775.326,0.07888
773.397,0.08784
771.468,0.10152
769.540,0.11130
767.611,0.11028
765.682,0.10139
763.754,0.09731
761.825,0.10466
759.896,0.11065
757.968,0.10219
756.039,0.08656
754.110,0.07514
752.182,0.06970
750.253,0.06883
748.324,0.07229
746.396,0.08099
744.467,0.09824
742.538,0.13021
740.610,0.18490
738.681,0.26313
736.752,0.34105
734.824,0.37444
732.895,0.34814
730.966,0.29492
729.038,0.25068
727.109,0.23325
725.180,0.25364
723.251,0.32139
721.323,0.42212
719.394,0.49434
717.465,0.48817
715.537,0.42704
713.608,0.35290
711.679,0.29821
709.751,0.27853
707.822,0.28954
705.893,0.31280
703.965,0.32017
702.036,0.29629
700.107,0.25627
698.179,0.22076
696.250,0.19546
694.321,0.17786
692.393,0.16541
690.464,0.15627
688.535,0.14905
686.607,0.14317
684.678,0.13846
682.749,0.13436
680.821,0.13061
678.892,0.12752
676.963,0.12489
675.035,0.12246
673.106,0.12063
671.177,0.11974
669.249,0.11965
667.320,0.12088
665.391,0.12366
663.463,0.12613
661.534,0.12609
659.605,0.12350
657.677,0.11962
655.748,0.11565
653.819,0.11289
651.891,0.11199
649.962,0.11310
648.033,0.11764
646.105,0.12835
644.176,0.14726
642.247,0.17261
640.319,0.19574
638.390,0.20442
636.461,0.19531
634.533,0.17724
632.604,0.15950
630.675,0.14519
628.747,0.13444
626.818,0.12690
624.889,0.12126
622.961,0.11654
621.032,0.11298
619.103,0.11029
617.175,0.10772
615.246,0.10556
613.317,0.10408
611.389,0.10252
609.460,0.10083
607.531,0.09965
605.603,0.09855
603.674,0.09718
601.745,0.09625
599.817,0.09569
597.888,0.09477
595.959,0.09394
594.031,0.09363
592.102,0.09313
590.173,0.09255
588.245,0.09286
586.316,0.09392
584.387,0.09572
582.459,0.09920
580.530,0.10314
578.601,0.10437
576.673,0.10254
574.744,0.09985
572.815,0.09762
570.887,0.09708
568.958,0.09922
567.029,0.10214
565.101,0.10280
563.172,0.10107
561.243,0.09826
559.314,0.09498
557.386,0.09230
555.457,0.09076
553.528,0.08941
551.600,0.08803
549.671,0.08735
547.742,0.08675
545.814,0.08563
543.885,0.08496
541.956,0.08478
540.028,0.08416
538.099,0.08352
536.170,0.08335
534.242,0.08281
532.313,0.08198
530.384,0.08172
528.456,0.08157
526.527,0.08106
524.598,0.08094
522.670,0.08110
520.741,0.08078
518.812,0.08070
516.884,0.08166
514.955,0.08306
513.026,0.08526
511.098,0.08965
509.169,0.09604
507.240,0.10264
505.312,0.10769
503.383,0.10983
501.454,0.10891
499.526,0.10637
497.597,0.10313
495.668,0.09930
493.740,0.09580
491.811,0.09348
489.882,0.09185
487.954,0.09049
486.025,0.08967
484.096,0.08912
482.168,0.08848
480.239,0.08828
478.310,0.08858
476.382,0.08889
474.453,0.08981
472.524,0.09187
470.596,0.09494
468.667,0.10017
466.738,0.10903
464.810,0.12002
462.881,0.12854
460.952,0.13070
459.024,0.12648
457.095,0.11909
455.166,0.11228
453.238,0.10751
451.309,0.10362
449.380,0.09984
447.452,0.09679
445.523,0.09461
443.594,0.09282
441.666,0.09105
439.737,0.08911
437.808,0.08746
435.880,0.08681
433.951,0.08676
432.022,0.08639
430.094,0.08599
428.165,0.08609
426.236,0.08647
424.308,0.08735
422.379,0.08930
420.450,0.09184
418.522,0.09439
416.593,0.09745
414.664,0.10126
412.736,0.10621
410.807,0.11405
408.878,0.12591
406.950,0.14007
405.021,0.15671
403.092,0.18388
401.163,0.22379
399.235,0.26530
