7600.891,0.58742
7598.962,0.58698
7597.034,0.58685
7595.105,0.58696
7593.176,0.58704
7591.248,0.58692
7589.319,0.58650
7587.390,0.58611
7585.462,0.58616
7583.533,0.58635
7581.604,0.58628
7579.676,0.58600
7577.747,0.58552
7575.818,0.58499
7573.890,0.58479
7571.961,0.58481
7570.032,0.58471
7568.104,0.58443
7566.175,0.58407
7564.246,0.58364
7562.318,0.58325
7560.389,0.58319
7558.460,0.58336
7556.532,0.58335
7554.603,0.58308
7552.674,0.58287
7550.746,0.58278
7548.817,0.58268
7546.888,0.58251
7544.960,0.58238
7543.031,0.58236
7541.102,0.58223
7539.174,0.58174
7537.245,0.58105
7535.316,0.58043
7533.388,0.58016
7531.459,0.58029
7529.530,0.58040
7527.602,0.58042
7525.673,0.58036
7523.744,0.57999
7521.816,0.57962
7519.887,0.57965
7517.958,0.57970
7516.030,0.57957
7514.101,0.57950
7512.172,0.57941
7510.244,0.57915
7508.315,0.57895
7506.386,0.57911
7504.458,0.57926
7502.529,0.57892
7500.600,0.57828
7498.672,0.57768
7496.743,0.57717
7494.814,0.57684
7492.885,0.57675
7490.957,0.57672
7489.028,0.57677
7487.099,0.57681
7485.171,0.57644
7483.242,0.57585
7481.313,0.57572
7479.385,0.57601
7477.456,0.57613
7475.527,0.57580
7473.599,0.57541
7471.670,0.57532
7469.741,0.57525
7467.813,0.57502
7465.884,0.57494
7463.955,0.57500
7462.027,0.57480
7460.098,0.57440
7458.169,0.57405
7456.241,0.57371
7454.312,0.57330
7452.383,0.57307
7450.455,0.57312
7448.526,0.57314
7446.597,0.57306
7444.669,0.57298
7442.740,0.57278
7440.811,0.57257
7438.883,0.57252
7436.954,0.57237
7435.025,0.57192
7433.097,0.57158
7431.168,0.57149
7429.239,0.57131
7427.311,0.57101
7425.382,0.57087
7423.453,0.57090
7421.525,0.57105
7419.596,0.57125
7417.667,0.57127
7415.739,0.57100
7413.810,0.57054
7411.881,0.57016
7409.953,0.56993
7408.024,0.56967
7406.095,0.56941
7404.167,0.56917
7402.238,0.56883
7400.309,0.56849
7398.381,0.56838
7396.452,0.56849
7394.523,0.56848
7392.595,0.56833
7390.666,0.56836
7388.737,0.56834
7386.809,0.56789
7384.880,0.56736
7382.951,0.56720
7381.023,0.56718
7379.094,0.56688
7377.165,0.56639
7375.237,0.56619
7373.308,0.56633
7371.379,0.56637
7369.451,0.56617
7367.522,0.56593
7365.593,0.56587
7363.665,0.56583
7361.736,0.56567
7359.807,0.56553
7357.879,0.56540
7355.950,0.56518
7354.021,0.56480
7352.093,0.56437
7350.164,0.56403
7348.235,0.56382
7346.307,0.56377
7344.378,0.56378
7342.449,0.56367
7340.521,0.56354
7338.592,0.56343
7336.663,0.56310
7334.734,0.56262
7332.806,0.56233
7330.877,0.56221
7328.948,0.56212
7327.020,0.56196
7325.091,0.56181
7323.162,0.56177
7321.234,0.56176
7319.305,0.56172
7317.376,0.56163
7315.448,0.56142
7313.519,0.56112
7311.590,0.56093
7309.662,0.56095
7307.733,0.56090
7305.804,0.56071
7303.876,0.56056
7301.947,0.56048
7300.018,0.56044
7298.090,0.56035
7296.161,0.56013
7294.232,0.55991
7292.304,0.55984
7290.375,0.55968
7288.446,0.55936
7286.518,0.55905
7284.589,0.55870
7282.660,0.55845
7280.732,0.55844
7278.803,0.55843
7276.874,0.55830
7274.946,0.55808
7273.017,0.55768
7271.088,0.55719
7269.160,0.55682
7267.231,0.55667
7265.302,0.55666
7263.374,0.55670
7261.445,0.55665
7259.516,0.55640
7257.588,0.55607
7255.659,0.55585
7253.730,0.55573
7251.802,0.55562
7249.873,0.55547
7247.944,0.55531
7246.016,0.55520
7244.087,0.55505
7242.158,0.55470
7240.230,0.55433
7238.301,0.55403
7236.372,0.55388
7234.444,0.55391
7232.515,0.55402
7230.586,0.55403
7228.658,0.55383
7226.729,0.55355
7224.800,0.55341
7222.872,0.55349
7220.943,0.55361
7219.014,0.55335
7217.086,0.55267
7215.157,0.55214
7213.228,0.55205
7211.300,0.55208
7209.371,0.55187
7207.442,0.55149
7205.514,0.55120
7203.585,0.55120
7201.656,0.55127
7199.728,0.55106
7197.799,0.55068
7195.870,0.55043
7193.942,0.55040
7192.013,0.55044
7190.084,0.55023
7188.156,0.54985
7186.227,0.54971
7184.298,0.54974
7182.370,0.54963
7180.441,0.54953
7178.512,0.54965
7176.584,0.54961
7174.655,0.54907
7172.726,0.54846
7170.797,0.54830
7168.869,0.54835
7166.940,0.54822
7165.011,0.54804
7163.083,0.54800
7161.154,0.54792
7159.225,0.54776
7157.297,0.54769
7155.368,0.54771
7153.439,0.54765
7151.511,0.54750
7149.582,0.54724
7147.653,0.54692
7145.725,0.54674
7143.796,0.54666
7141.867,0.54643
7139.939,0.54612
7138.010,0.54598
7136.081,0.54601
7134.153,0.54592
7132.224,0.54563
7130.295,0.54539
7128.367,0.54532
7126.438,0.54520
7124.509,0.54500
7122.581,0.54485
7120.652,0.54473
7118.723,0.54449
7116.795,0.54409
7114.866,0.54371
7112.937,0.54359
7111.009,0.54375
7109.080,0.54385
7107.151,0.54367
7105.223,0.54343
7103.294,0.54327
7101.365,0.54300
7099.437,0.54268
7097.508,0.54241
7095.579,0.54225
7093.651,0.54227
7091.722,0.54227
7089.793,0.54211
7087.865,0.54192
7085.936,0.54162
7084.007,0.54115
7082.079,0.54080
7080.150,0.54075
7078.221,0.54079
7076.293,0.54071
7074.364,0.54055
7072.435,0.54049
7070.507,0.54060
7068.578,0.54062
7066.649,0.54035
7064.721,0.54005
7062.792,0.53996
7060.863,0.53995
7058.935,0.53984
7057.006,0.53957
7055.077,0.53930
7053.149,0.53905
7051.220,0.53881
7049.291,0.53860
7047.363,0.53840
7045.434,0.53829
7043.505,0.53823
7041.577,0.53806
7039.648,0.53790
7037.719,0.53794
7035.791,0.53801
7033.862,0.53784
7031.933,0.53743
7030.005,0.53700
7028.076,0.53668
7026.147,0.53656
7024.219,0.53662
7022.290,0.53662
7020.361,0.53642
7018.433,0.53613
7016.504,0.53587
7014.575,0.53570
7012.646,0.53561
7010.718,0.53558
7008.789,0.53550
7006.860,0.53525
7004.932,0.53504
7003.003,0.53508
7001.074,0.53514
6999.146,0.53496
6997.217,0.53461
6995.288,0.53437
6993.360,0.53426
6991.431,0.53420
6989.502,0.53410
6987.574,0.53392
6985.645,0.53377
6983.716,0.53370
6981.788,0.53358
6979.859,0.53338
6977.930,0.53316
6976.002,0.53294
6974.073,0.53272
6972.144,0.53250
6970.216,0.53237
6968.287,0.53234
6966.358,0.53229
6964.430,0.53219
6962.501,0.53200
6960.572,0.53180
6958.644,0.53155
6956.715,0.53122
6954.786,0.53096
6952.858,0.53083
6950.929,0.53074
6949.000,0.53063
6947.072,0.53055
6945.143,0.53046
6943.214,0.53016
6941.286,0.52981
6939.357,0.52967
6937.428,0.52958
6935.500,0.52936
6933.571,0.52916
6931.642,0.52903
6929.714,0.52890
6927.785,0.52881
6925.856,0.52865
6923.928,0.52847
6921.999,0.52835
6920.070,0.52819
6918.142,0.52801
6916.213,0.52792
6914.284,0.52777
6912.356,0.52746
6910.427,0.52719
6908.498,0.52700
6906.570,0.52679
6904.641,0.52658
6902.712,0.52655
6900.784,0.52658
6898.855,0.52649
6896.926,0.52633
6894.998,0.52619
6893.069,0.52598
6891.140,0.52560
6889.212,0.52525
6887.283,0.52505
6885.354,0.52483
6883.426,0.52463
6881.497,0.52458
6879.568,0.52443
6877.640,0.52414
6875.711,0.52399
6873.782,0.52405
6871.854,0.52400
6869.925,0.52367
6867.996,0.52333
6866.068,0.52319
6864.139,0.52302
6862.210,0.52274
6860.282,0.52246
6858.353,0.52220
6856.424,0.52197
6854.496,0.52185
6852.567,0.52170
6850.638,0.52143
6848.709,0.52116
6846.781,0.52096
6844.852,0.52080
6842.923,0.52061
6840.995,0.52044
6839.066,0.52033
6837.137,0.52021
6835.209,0.51999
6833.280,0.51969
6831.351,0.51949
6829.423,0.51940
6827.494,0.51925
6825.565,0.51903
6823.637,0.51890
6821.708,0.51886
6819.779,0.51876
6817.851,0.51855
6815.922,0.51828
6813.993,0.51804
6812.065,0.51782
6810.136,0.51759
6808.207,0.51732
6806.279,0.51697
6804.350,0.51660
6802.421,0.51635
6800.493,0.51631
6798.564,0.51633
6796.635,0.51617
6794.707,0.51589
6792.778,0.51561
6790.849,0.51534
6788.921,0.51519
6786.992,0.51516
6785.063,0.51510
6783.135,0.51485
6781.206,0.51450
6779.277,0.51433
6777.349,0.51439
6775.420,0.51441
6773.491,0.51420
6771.563,0.51392
6769.634,0.51368
6767.705,0.51347
6765.777,0.51336
6763.848,0.51335
6761.919,0.51322
6759.991,0.51284
6758.062,0.51236
6756.133,0.51203
6754.205,0.51193
6752.276,0.51183
6750.347,0.51169
6748.419,0.51155
6746.490,0.51134
6744.561,0.51113
6742.633,0.51116
6740.704,0.51121
6738.775,0.51097
6736.847,0.51058
6734.918,0.51031
6732.989,0.51017
6731.061,0.51005
6729.132,0.50990
6727.203,0.50971
6725.275,0.50957
6723.346,0.50956
6721.417,0.50951
6719.489,0.50921
6717.560,0.50889
6715.631,0.50865
6713.703,0.50837
6711.774,0.50815
6709.845,0.50804
6707.917,0.50785
6705.988,0.50749
6704.059,0.50725
6702.131,0.50726
6700.202,0.50724
6698.273,0.50710
6696.345,0.50691
6694.416,0.50671
6692.487,0.50653
6690.558,0.50638
6688.630,0.50617
6686.701,0.50599
6684.772,0.50587
6682.844,0.50578
6680.915,0.50571
6678.986,0.50558
6677.058,0.50530
6675.129,0.50501
6673.200,0.50481
6671.272,0.50465
6669.343,0.50447
6667.414,0.50434
6665.486,0.50425
6663.557,0.50410
6661.628,0.50387
6659.700,0.50366
6657.771,0.50347
6655.842,0.50326
6653.914,0.50299
6651.985,0.50274
6650.056,0.50257
6648.128,0.50241
6646.199,0.50224
6644.270,0.50213
6642.342,0.50199
6640.413,0.50179
6638.484,0.50162
6636.556,0.50143
6634.627,0.50110
6632.698,0.50079
6630.770,0.50061
6628.841,0.50058
6626.912,0.50063
6624.984,0.50057
6623.055,0.50037
6621.126,0.50017
6619.198,0.50001
6617.269,0.49988
6615.340,0.49979
6613.412,0.49965
6611.483,0.49937
6609.554,0.49906
6607.626,0.49886
6605.697,0.49874
6603.768,0.49857
6601.840,0.49835
6599.911,0.49818
6597.982,0.49807
6596.054,0.49797
6594.125,0.49783
6592.196,0.49764
6590.268,0.49738
6588.339,0.49706
6586.410,0.49674
6584.482,0.49649
6582.553,0.49637
6580.624,0.49644
6578.696,0.49648
6576.767,0.49629
6574.838,0.49600
6572.910,0.49578
6570.981,0.49563
6569.052,0.49545
6567.124,0.49521
6565.195,0.49493
6563.266,0.49467
6561.338,0.49447
6559.409,0.49435
6557.480,0.49420
6555.552,0.49396
6553.623,0.49377
6551.694,0.49366
6549.766,0.49354
6547.837,0.49343
6545.908,0.49326
6543.980,0.49303
6542.051,0.49290
6540.122,0.49285
6538.194,0.49273
6536.265,0.49250
6534.336,0.49221
6532.408,0.49192
6530.479,0.49169
6528.550,0.49160
6526.621,0.49166
6524.693,0.49166
6522.764,0.49153
6520.835,0.49133
6518.907,0.49109
6516.978,0.49085
6515.049,0.49060
6513.121,0.49029
6511.192,0.49000
6509.263,0.48982
6507.335,0.48973
6505.406,0.48959
6503.477,0.48934
6501.549,0.48915
6499.620,0.48906
6497.691,0.48897
6495.763,0.48874
6493.834,0.48841
6491.905,0.48823
6489.977,0.48820
6488.048,0.48811
6486.119,0.48788
6484.191,0.48756
6482.262,0.48727
6480.333,0.48713
6478.405,0.48710
6476.476,0.48701
6474.547,0.48680
6472.619,0.48654
6470.690,0.48631
6468.761,0.48618
6466.833,0.48612
6464.904,0.48606
6462.975,0.48594
6461.047,0.48569
6459.118,0.48536
6457.189,0.48512
6455.261,0.48499
6453.332,0.48482
6451.403,0.48461
6449.475,0.48445
6447.546,0.48436
6445.617,0.48417
6443.689,0.48385
6441.760,0.48356
6439.831,0.48336
6437.903,0.48315
6435.974,0.48294
6434.045,0.48285
6432.117,0.48281
6430.188,0.48264
6428.259,0.48238
6426.331,0.48217
6424.402,0.48209
6422.473,0.48204
6420.545,0.48187
6418.616,0.48157
6416.687,0.48126
6414.759,0.48110
6412.830,0.48109
6410.901,0.48115
6408.973,0.48111
6407.044,0.48090
6405.115,0.48056
6403.187,0.48018
6401.258,0.47990
6399.329,0.47980
6397.401,0.47970
6395.472,0.47949
6393.543,0.47920
6391.615,0.47898
6389.686,0.47888
6387.757,0.47881
6385.829,0.47864
6383.900,0.47835
6381.971,0.47803
6380.043,0.47779
6378.114,0.47768
6376.185,0.47761
6374.257,0.47754
6372.328,0.47744
6370.399,0.47720
6368.471,0.47686
6366.542,0.47652
6364.613,0.47622
6362.684,0.47603
6360.756,0.47598
6358.827,0.47599
6356.898,0.47595
6354.970,0.47582
6353.041,0.47558
6351.112,0.47528
6349.184,0.47494
6347.255,0.47468
6345.326,0.47454
6343.398,0.47440
6341.469,0.47421
6339.540,0.47400
6337.612,0.47376
6335.683,0.47352
6333.754,0.47341
6331.826,0.47337
6329.897,0.47327
6327.968,0.47313
6326.040,0.47297
6324.111,0.47273
6322.182,0.47246
6320.254,0.47227
6318.325,0.47220
6316.396,0.47214
6314.468,0.47199
6312.539,0.47173
6310.610,0.47147
6308.682,0.47126
6306.753,0.47112
6304.824,0.47098
6302.896,0.47078
6300.967,0.47054
6299.038,0.47034
6297.110,0.47019
6295.181,0.47010
6293.252,0.47002
6291.324,0.46988
6289.395,0.46964
6287.466,0.46933
6285.538,0.46903
6283.609,0.46889
6281.680,0.46885
6279.752,0.46869
6277.823,0.46842
6275.894,0.46822
6273.966,0.46808
6272.037,0.46792
6270.108,0.46779
6268.180,0.46770
6266.251,0.46761
6264.322,0.46748
6262.394,0.46730
6260.465,0.46702
6258.536,0.46673
6256.608,0.46650
6254.679,0.46632
6252.750,0.46616
6250.822,0.46600
6248.893,0.46577
6246.964,0.46551
6245.036,0.46533
6243.107,0.46523
6241.178,0.46508
6239.250,0.46485
6237.321,0.46468
6235.392,0.46458
6233.464,0.46442
6231.535,0.46414
6229.606,0.46396
6227.678,0.46396
6225.749,0.46398
6223.820,0.46393
6221.892,0.46389
6219.963,0.46399
6218.034,0.46422
6216.106,0.46447
6214.177,0.46480
6212.248,0.46530
6210.320,0.46587
6208.391,0.46631
6206.462,0.46656
6204.533,0.46669
6202.605,0.46674
6200.676,0.46669
6198.747,0.46667
6196.819,0.46679
6194.890,0.46693
6192.961,0.46686
6191.033,0.46654
6189.104,0.46604
6187.175,0.46552
6185.247,0.46507
6183.318,0.46469
6181.389,0.46433
6179.461,0.46404
6177.532,0.46392
6175.603,0.46390
6173.675,0.46386
6171.746,0.46374
6169.817,0.46358
6167.889,0.46336
6165.960,0.46301
6164.031,0.46254
6162.103,0.46211
6160.174,0.46174
6158.245,0.46130
6156.317,0.46085
6154.388,0.46059
6152.459,0.46044
6150.531,0.46021
6148.602,0.45993
6146.673,0.45971
6144.745,0.45960
6142.816,0.45949
6140.887,0.45933
6138.959,0.45918
6137.030,0.45906
6135.101,0.45894
6133.173,0.45880
6131.244,0.45865
6129.315,0.45851
6127.387,0.45841
6125.458,0.45842
6123.529,0.45849
6121.601,0.45853
6119.672,0.45847
6117.743,0.45836
6115.815,0.45826
6113.886,0.45818
6111.957,0.45805
6110.029,0.45779
6108.100,0.45746
6106.171,0.45710
6104.243,0.45673
6102.314,0.45640
6100.385,0.45607
6098.457,0.45571
6096.528,0.45536
6094.599,0.45503
6092.671,0.45472
6090.742,0.45445
6088.813,0.45418
6086.885,0.45391
6084.956,0.45363
6083.027,0.45339
6081.099,0.45321
6079.170,0.45298
6077.241,0.45269
6075.313,0.45245
6073.384,0.45228
6071.455,0.45213
6069.527,0.45193
6067.598,0.45168
6065.669,0.45145
6063.741,0.45124
6061.812,0.45101
6059.883,0.45083
6057.955,0.45071
6056.026,0.45059
6054.097,0.45041
6052.169,0.45025
6050.240,0.45011
6048.311,0.44992
6046.383,0.44972
6044.454,0.44956
6042.525,0.44948
6040.596,0.44942
6038.668,0.44928
6036.739,0.44909
6034.810,0.44891
6032.882,0.44870
6030.953,0.44850
6029.024,0.44835
6027.096,0.44827
6025.167,0.44818
6023.238,0.44803
6021.310,0.44783
6019.381,0.44757
6017.452,0.44729
6015.524,0.44704
6013.595,0.44684
6011.666,0.44668
6009.738,0.44644
6007.809,0.44615
6005.880,0.44594
6003.952,0.44580
6002.023,0.44559
6000.094,0.44533
5998.166,0.44506
5996.237,0.44479
5994.308,0.44456
5992.380,0.44445
5990.451,0.44439
5988.522,0.44420
5986.594,0.44396
5984.665,0.44381
5982.736,0.44373
5980.808,0.44360
5978.879,0.44334
5976.950,0.44308
5975.022,0.44296
5973.093,0.44285
5971.164,0.44266
5969.236,0.44251
5967.307,0.44246
5965.378,0.44235
5963.450,0.44213
5961.521,0.44194
5959.592,0.44182
5957.664,0.44165
5955.735,0.44145
5953.806,0.44128
5951.878,0.44112
5949.949,0.44095
5948.020,0.44079
5946.092,0.44062
5944.163,0.44047
5942.234,0.44038
5940.306,0.44028
5938.377,0.44012
5936.448,0.43996
5934.520,0.43985
5932.591,0.43974
5930.662,0.43960
5928.734,0.43949
5926.805,0.43941
5924.876,0.43934
5922.948,0.43927
5921.019,0.43918
5919.090,0.43910
5917.162,0.43904
5915.233,0.43898
5913.304,0.43888
5911.376,0.43873
5909.447,0.43856
5907.518,0.43839
5905.590,0.43813
5903.661,0.43777
5901.732,0.43742
5899.804,0.43714
5897.875,0.43689
5895.946,0.43666
5894.018,0.43647
5892.089,0.43628
5890.160,0.43608
5888.232,0.43591
5886.303,0.43581
5884.374,0.43573
5882.445,0.43560
5880.517,0.43544
5878.588,0.43532
5876.659,0.43524
5874.731,0.43514
5872.802,0.43504
5870.873,0.43498
5868.945,0.43494
5867.016,0.43491
5865.087,0.43486
5863.159,0.43477
5861.230,0.43467
5859.301,0.43468
5857.373,0.43469
5855.444,0.43467
5853.515,0.43466
5851.587,0.43461
5849.658,0.43458
5847.729,0.43463
5845.801,0.43467
5843.872,0.43468
5841.943,0.43475
5840.015,0.43484
5838.086,0.43487
5836.157,0.43482
5834.229,0.43462
5832.300,0.43426
5830.371,0.43384
5828.443,0.43338
5826.514,0.43290
5824.585,0.43247
5822.657,0.43209
5820.728,0.43170
5818.799,0.43129
5816.871,0.43093
5814.942,0.43060
5813.013,0.43033
5811.085,0.43016
5809.156,0.43000
5807.227,0.42981
5805.299,0.42964
5803.370,0.42945
5801.441,0.42924
5799.513,0.42902
5797.584,0.42879
5795.655,0.42862
5793.727,0.42855
5791.798,0.42845
5789.869,0.42824
5787.941,0.42800
5786.012,0.42780
5784.083,0.42760
5782.155,0.42742
5780.226,0.42725
5778.297,0.42706
5776.369,0.42685
5774.440,0.42667
5772.511,0.42653
5770.583,0.42634
5768.654,0.42606
5766.725,0.42582
5764.797,0.42566
5762.868,0.42549
5760.939,0.42529
5759.011,0.42504
5757.082,0.42480
5755.153,0.42463
5753.225,0.42448
5751.296,0.42429
5749.367,0.42411
5747.439,0.42394
5745.510,0.42371
5743.581,0.42347
5741.653,0.42321
5739.724,0.42294
5737.795,0.42270
5735.867,0.42250
5733.938,0.42229
5732.009,0.42210
5730.081,0.42193
5728.152,0.42175
5726.223,0.42153
5724.295,0.42136
5722.366,0.42125
5720.437,0.42118
5718.508,0.42110
5716.580,0.42101
5714.651,0.42093
5712.722,0.42093
5710.794,0.42098
5708.865,0.42105
5706.936,0.42115
5705.008,0.42129
5703.079,0.42144
5701.150,0.42156
5699.222,0.42161
5697.293,0.42148
5695.364,0.42103
5693.436,0.42035
5691.507,0.41971
5689.578,0.41919
5687.650,0.41873
5685.721,0.41831
5683.792,0.41791
5681.864,0.41755
5679.935,0.41729
5678.006,0.41704
5676.078,0.41675
5674.149,0.41649
5672.220,0.41631
5670.292,0.41610
5668.363,0.41586
5666.434,0.41567
5664.506,0.41552
5662.577,0.41534
5660.648,0.41512
5658.720,0.41488
5656.791,0.41465
5654.862,0.41446
5652.934,0.41429
5651.005,0.41408
5649.076,0.41383
5647.148,0.41360
5645.219,0.41341
5643.290,0.41323
5641.362,0.41305
5639.433,0.41285
5637.504,0.41263
5635.576,0.41240
5633.647,0.41215
5631.718,0.41188
5629.790,0.41167
5627.861,0.41151
5625.932,0.41134
5624.004,0.41113
5622.075,0.41093
5620.146,0.41073
5618.218,0.41050
5616.289,0.41029
5614.360,0.41007
5612.432,0.40985
5610.503,0.40964
5608.574,0.40948
5606.646,0.40937
5604.717,0.40923
5602.788,0.40902
5600.860,0.40883
5598.931,0.40871
5597.002,0.40858
5595.074,0.40839
5593.145,0.40818
5591.216,0.40798
5589.288,0.40778
5587.359,0.40757
5585.430,0.40736
5583.502,0.40711
5581.573,0.40688
5579.644,0.40671
5577.716,0.40659
5575.787,0.40648
5573.858,0.40634
5571.930,0.40616
5570.001,0.40593
5568.072,0.40572
5566.144,0.40554
5564.215,0.40537
5562.286,0.40523
5560.357,0.40511
5558.429,0.40498
5556.500,0.40484
5554.571,0.40469
5552.643,0.40450
5550.714,0.40425
5548.785,0.40400
5546.857,0.40384
5544.928,0.40373
5542.999,0.40357
5541.071,0.40335
5539.142,0.40313
5537.213,0.40293
5535.285,0.40272
5533.356,0.40254
5531.427,0.40239
5529.499,0.40224
5527.570,0.40209
5525.641,0.40194
5523.713,0.40178
5521.784,0.40162
5519.855,0.40143
5517.927,0.40122
5515.998,0.40102
5514.069,0.40082
5512.141,0.40064
5510.212,0.40049
5508.283,0.40034
5506.355,0.40016
5504.426,0.39999
5502.497,0.39983
5500.569,0.39963
5498.640,0.39942
5496.711,0.39924
5494.783,0.39908
5492.854,0.39894
5490.925,0.39879
5488.997,0.39863
5487.068,0.39847
5485.139,0.39835
5483.211,0.39826
5481.282,0.39816
5479.353,0.39797
5477.425,0.39770
5475.496,0.39744
5473.567,0.39724
5471.639,0.39706
5469.710,0.39690
5467.781,0.39674
5465.853,0.39656
5463.924,0.39640
5461.995,0.39624
5460.067,0.39603
5458.138,0.39582
5456.209,0.39568
5454.281,0.39556
5452.352,0.39541
5450.423,0.39522
5448.495,0.39503
5446.566,0.39488
5444.637,0.39472
5442.709,0.39454
5440.780,0.39435
5438.851,0.39418
5436.923,0.39404
5434.994,0.39393
5433.065,0.39379
5431.137,0.39358
5429.208,0.39336
5427.279,0.39319
5425.351,0.39307
5423.422,0.39296
5421.493,0.39283
5419.565,0.39269
5417.636,0.39256
5415.707,0.39235
5413.779,0.39213
5411.850,0.39196
5409.921,0.39182
5407.993,0.39166
5406.064,0.39145
5404.135,0.39121
5402.207,0.39100
5400.278,0.39083
5398.349,0.39068
5396.420,0.39052
5394.492,0.39033
5392.563,0.39016
5390.634,0.39002
5388.706,0.38988
5386.777,0.38969
5384.848,0.38949
5382.920,0.38928
5380.991,0.38905
5379.062,0.38880
5377.134,0.38860
5375.205,0.38845
5373.276,0.38830
5371.348,0.38816
5369.419,0.38801
5367.490,0.38782
5365.562,0.38760
5363.633,0.38742
5361.704,0.38725
5359.776,0.38709
5357.847,0.38693
5355.918,0.38678
5353.990,0.38665
5352.061,0.38652
5350.132,0.38632
5348.204,0.38604
5346.275,0.38580
5344.346,0.38567
5342.418,0.38555
5340.489,0.38535
5338.560,0.38512
5336.632,0.38495
5334.703,0.38484
5332.774,0.38473
5330.846,0.38459
5328.917,0.38438
5326.988,0.38414
5325.060,0.38398
5323.131,0.38385
5321.202,0.38367
5319.274,0.38345
5317.345,0.38323
5315.416,0.38301
5313.488,0.38281
5311.559,0.38267
5309.630,0.38254
5307.702,0.38239
5305.773,0.38225
5303.844,0.38209
5301.916,0.38190
5299.987,0.38175
5298.058,0.38162
5296.130,0.38144
5294.201,0.38123
5292.272,0.38103
5290.344,0.38086
5288.415,0.38067
5286.486,0.38048
5284.558,0.38032
5282.629,0.38018
5280.700,0.38003
5278.772,0.37987
5276.843,0.37970
5274.914,0.37953
5272.986,0.37939
5271.057,0.37926
5269.128,0.37911
5267.200,0.37895
5265.271,0.37877
5263.342,0.37857
5261.414,0.37840
5259.485,0.37823
5257.556,0.37805
5255.628,0.37785
5253.699,0.37766
5251.770,0.37750
5249.842,0.37734
5247.913,0.37715
5245.984,0.37693
5244.056,0.37674
5242.127,0.37659
5240.198,0.37644
5238.269,0.37626
5236.341,0.37609
5234.412,0.37593
5232.483,0.37577
5230.555,0.37560
5228.626,0.37542
5226.697,0.37526
5224.769,0.37512
5222.840,0.37497
5220.911,0.37483
5218.983,0.37467
5217.054,0.37446
5215.125,0.37425
5213.197,0.37410
5211.268,0.37396
5209.339,0.37379
5207.411,0.37360
5205.482,0.37344
5203.553,0.37328
5201.625,0.37311
5199.696,0.37294
5197.767,0.37277
5195.839,0.37259
5193.910,0.37243
5191.981,0.37230
5190.053,0.37216
5188.124,0.37203
5186.195,0.37189
5184.267,0.37175
5182.338,0.37155
5180.409,0.37133
5178.481,0.37114
5176.552,0.37103
5174.623,0.37093
5172.695,0.37076
5170.766,0.37058
5168.837,0.37038
5166.909,0.37016
5164.980,0.36996
5163.051,0.36979
5161.123,0.36961
5159.194,0.36946
5157.265,0.36931
5155.337,0.36914
5153.408,0.36900
5151.479,0.36888
5149.551,0.36871
5147.622,0.36850
5145.693,0.36832
5143.765,0.36815
5141.836,0.36799
5139.907,0.36784
5137.979,0.36765
5136.050,0.36743
5134.121,0.36722
5132.193,0.36708
5130.264,0.36696
5128.335,0.36681
5126.407,0.36666
5124.478,0.36651
5122.549,0.36634
5120.621,0.36617
5118.692,0.36600
5116.763,0.36582
5114.835,0.36564
5112.906,0.36547
5110.977,0.36531
5109.049,0.36511
5107.120,0.36492
5105.191,0.36476
5103.263,0.36460
5101.334,0.36441
5099.405,0.36422
5097.477,0.36405
5095.548,0.36386
5093.619,0.36366
5091.691,0.36347
5089.762,0.36328
5087.833,0.36308
5085.905,0.36291
5083.976,0.36279
5082.047,0.36267
5080.119,0.36251
5078.190,0.36235
5076.261,0.36217
5074.332,0.36198
5072.404,0.36183
5070.475,0.36167
5068.546,0.36147
5066.618,0.36127
5064.689,0.36111
5062.760,0.36095
5060.832,0.36079
5058.903,0.36067
5056.974,0.36052
5055.046,0.36033
5053.117,0.36014
5051.188,0.35997
5049.260,0.35978
5047.331,0.35959
5045.402,0.35940
5043.474,0.35921
5041.545,0.35903
5039.616,0.35885
5037.688,0.35868
5035.759,0.35852
5033.830,0.35838
5031.902,0.35823
5029.973,0.35804
5028.044,0.35784
5026.116,0.35765
5024.187,0.35744
5022.258,0.35723
5020.330,0.35707
5018.401,0.35696
5016.472,0.35681
5014.544,0.35659
5012.615,0.35633
5010.686,0.35610
5008.758,0.35593
5006.829,0.35581
5004.900,0.35568
5002.972,0.35554
5001.043,0.35541
4999.114,0.35523
4997.186,0.35501
4995.257,0.35476
4993.328,0.35455
4991.400,0.35440
4989.471,0.35428
4987.542,0.35414
4985.614,0.35399
4983.685,0.35384
4981.756,0.35365
4979.828,0.35349
4977.899,0.35338
4975.970,0.35325
4974.042,0.35304
4972.113,0.35280
4970.184,0.35259
4968.256,0.35242
4966.327,0.35226
4964.398,0.35213
4962.470,0.35201
4960.541,0.35186
4958.612,0.35168
4956.684,0.35150
4954.755,0.35129
4952.826,0.35111
4950.898,0.35099
4948.969,0.35084
4947.040,0.35064
4945.112,0.35046
4943.183,0.35032
4941.254,0.35018
4939.326,0.35003
4937.397,0.34987
4935.468,0.34970
4933.540,0.34952
4931.611,0.34936
4929.682,0.34919
4927.754,0.34899
4925.825,0.34881
4923.896,0.34866
4921.968,0.34850
4920.039,0.34832
4918.110,0.34817
4916.181,0.34803
4914.253,0.34783
4912.324,0.34762
4910.395,0.34747
4908.467,0.34734
4906.538,0.34719
4904.609,0.34702
4902.681,0.34683
4900.752,0.34665
4898.823,0.34646
4896.895,0.34629
4894.966,0.34613
4893.037,0.34595
4891.109,0.34575
4889.180,0.34558
4887.251,0.34544
4885.323,0.34529
4883.394,0.34515
4881.465,0.34502
4879.537,0.34486
4877.608,0.34467
4875.679,0.34447
4873.751,0.34430
4871.822,0.34412
4869.893,0.34394
4867.965,0.34374
4866.036,0.34352
4864.107,0.34332
4862.179,0.34315
4860.250,0.34300
4858.321,0.34284
4856.393,0.34265
4854.464,0.34245
4852.535,0.34226
4850.607,0.34208
4848.678,0.34192
4846.749,0.34178
4844.821,0.34165
4842.892,0.34155
4840.963,0.34141
4839.035,0.34124
4837.106,0.34109
4835.177,0.34095
4833.249,0.34077
4831.320,0.34056
4829.391,0.34038
4827.463,0.34023
4825.534,0.34009
4823.605,0.33992
4821.677,0.33975
4819.748,0.33959
4817.819,0.33942
4815.891,0.33923
4813.962,0.33902
4812.033,0.33885
4810.105,0.33874
4808.176,0.33861
4806.247,0.33843
4804.319,0.33824
4802.390,0.33807
4800.461,0.33792
4798.533,0.33780
4796.604,0.33765
4794.675,0.33746
4792.747,0.33728
4790.818,0.33715
4788.889,0.33703
4786.961,0.33686
4785.032,0.33666
4783.103,0.33644
4781.175,0.33626
4779.246,0.33614
4777.317,0.33600
4775.389,0.33581
4773.460,0.33560
4771.531,0.33543
4769.603,0.33527
4767.674,0.33508
4765.745,0.33491
4763.817,0.33480
4761.888,0.33468
4759.959,0.33451
4758.031,0.33432
4756.102,0.33412
4754.173,0.33393
4752.244,0.33377
4750.316,0.33360
4748.387,0.33342
4746.458,0.33324
4744.530,0.33308
4742.601,0.33291
4740.672,0.33275
4738.744,0.33258
4736.815,0.33238
4734.886,0.33217
4732.958,0.33199
4731.029,0.33184
4729.100,0.33172
4727.172,0.33161
4725.243,0.33149
4723.314,0.33136
4721.386,0.33120
4719.457,0.33100
4717.528,0.33079
4715.600,0.33063
4713.671,0.33050
4711.742,0.33039
4709.814,0.33028
4707.885,0.33015
4705.956,0.33004
4704.028,0.32992
4702.099,0.32977
4700.170,0.32961
4698.242,0.32946
4696.313,0.32929
4694.384,0.32907
4692.456,0.32885
4690.527,0.32867
4688.598,0.32853
4686.670,0.32839
4684.741,0.32824
4682.812,0.32805
4680.884,0.32784
4678.955,0.32762
4677.026,0.32743
4675.098,0.32728
4673.169,0.32711
4671.240,0.32693
4669.312,0.32675
4667.383,0.32658
4665.454,0.32641
4663.526,0.32624
4661.597,0.32608
4659.668,0.32598
4657.740,0.32589
4655.811,0.32577
4653.882,0.32560
4651.954,0.32545
4650.025,0.32533
4648.096,0.32519
4646.168,0.32503
4644.239,0.32489
4642.310,0.32475
4640.382,0.32456
4638.453,0.32434
4636.524,0.32412
4634.596,0.32393
4632.667,0.32376
4630.738,0.32362
4628.810,0.32347
4626.881,0.32329
4624.952,0.32312
4623.024,0.32299
4621.095,0.32284
4619.166,0.32267
4617.238,0.32251
4615.309,0.32235
4613.380,0.32216
4611.452,0.32197
4609.523,0.32184
4607.594,0.32172
4605.666,0.32158
4603.737,0.32143
4601.808,0.32127
4599.880,0.32110
4597.951,0.32096
4596.022,0.32085
4594.093,0.32073
4592.165,0.32057
4590.236,0.32042
4588.307,0.32028
4586.379,0.32017
4584.450,0.32005
4582.521,0.31994
4580.593,0.31987
4578.664,0.31983
4576.735,0.31977
4574.807,0.31970
4572.878,0.31958
4570.949,0.31942
4569.021,0.31924
4567.092,0.31905
4565.163,0.31884
4563.235,0.31863
4561.306,0.31844
4559.377,0.31823
4557.449,0.31803
4555.520,0.31783
4553.591,0.31763
4551.663,0.31745
4549.734,0.31729
4547.805,0.31712
4545.877,0.31697
4543.948,0.31678
4542.019,0.31656
4540.091,0.31635
4538.162,0.31618
4536.233,0.31604
4534.305,0.31588
4532.376,0.31566
4530.447,0.31544
4528.519,0.31526
4526.590,0.31510
4524.661,0.31497
4522.733,0.31488
4520.804,0.31481
4518.875,0.31468
4516.947,0.31450
4515.018,0.31432
4513.089,0.31419
4511.161,0.31411
4509.232,0.31404
4507.303,0.31393
4505.375,0.31379
4503.446,0.31363
4501.517,0.31347
4499.589,0.31327
4497.660,0.31309
4495.731,0.31295
4493.803,0.31281
4491.874,0.31264
4489.945,0.31247
4488.017,0.31231
4486.088,0.31214
4484.159,0.31196
4482.231,0.31180
4480.302,0.31169
4478.373,0.31159
4476.445,0.31143
4474.516,0.31127
4472.587,0.31115
4470.659,0.31105
4468.730,0.31096
4466.801,0.31090
4464.873,0.31084
4462.944,0.31081
4461.015,0.31082
4459.087,0.31085
4457.158,0.31086
4455.229,0.31084
4453.301,0.31075
4451.372,0.31059
4449.443,0.31039
4447.515,0.31014
4445.586,0.30986
4443.657,0.30962
4441.729,0.30938
4439.800,0.30914
4437.871,0.30890
4435.943,0.30868
4434.014,0.30850
4432.085,0.30833
4430.156,0.30816
4428.228,0.30800
4426.299,0.30783
4424.370,0.30765
4422.442,0.30749
4420.513,0.30734
4418.584,0.30719
4416.656,0.30703
4414.727,0.30686
4412.798,0.30668
4410.870,0.30649
4408.941,0.30634
4407.012,0.30621
4405.084,0.30605
4403.155,0.30588
4401.226,0.30573
4399.298,0.30557
4397.369,0.30541
4395.440,0.30527
4393.512,0.30516
4391.583,0.30506
4389.654,0.30499
4387.726,0.30492
4385.797,0.30487
4383.868,0.30488
4381.940,0.30490
4380.011,0.30484
4378.082,0.30472
4376.154,0.30457
4374.225,0.30439
4372.296,0.30419
4370.368,0.30397
4368.439,0.30371
4366.510,0.30341
4364.582,0.30314
4362.653,0.30292
4360.724,0.30273
4358.796,0.30252
4356.867,0.30231
4354.938,0.30215
4353.010,0.30201
4351.081,0.30186
4349.152,0.30172
4347.224,0.30160
4345.295,0.30146
4343.366,0.30134
4341.438,0.30127
4339.509,0.30124
4337.580,0.30123
4335.652,0.30120
4333.723,0.30114
4331.794,0.30107
4329.866,0.30104
4327.937,0.30108
4326.008,0.30117
4324.080,0.30124
4322.151,0.30113
4320.222,0.30074
4318.294,0.30014
4316.365,0.29954
4314.436,0.29906
4312.508,0.29871
4310.579,0.29845
4308.650,0.29828
4306.722,0.29815
4304.793,0.29805
4302.864,0.29797
4300.936,0.29790
4299.007,0.29780
4297.078,0.29766
4295.150,0.29748
4293.221,0.29728
4291.292,0.29708
4289.364,0.29689
4287.435,0.29668
4285.506,0.29647
4283.578,0.29631
4281.649,0.29619
4279.720,0.29611
4277.792,0.29610
4275.863,0.29614
4273.934,0.29623
4272.005,0.29631
4270.077,0.29631
4268.148,0.29620
4266.219,0.29604
4264.291,0.29587
4262.362,0.29569
4260.433,0.29551
4258.505,0.29538
4256.576,0.29528
4254.647,0.29517
4252.719,0.29502
4250.790,0.29478
4248.861,0.29439
4246.933,0.29393
4245.004,0.29352
4243.075,0.29321
4241.147,0.29298
4239.218,0.29282
4237.289,0.29268
4235.361,0.29254
4233.432,0.29241
4231.503,0.29229
4229.575,0.29216
4227.646,0.29204
4225.717,0.29193
4223.789,0.29178
4221.860,0.29158
4219.931,0.29135
4218.003,0.29113
4216.074,0.29093
4214.145,0.29074
4212.217,0.29053
4210.288,0.29029
4208.359,0.29007
4206.431,0.28989
4204.502,0.28973
4202.573,0.28959
4200.645,0.28947
4198.716,0.28937
4196.787,0.28929
4194.859,0.28925
4192.930,0.28923
4191.001,0.28922
4189.073,0.28922
4187.144,0.28923
4185.215,0.28923
4183.287,0.28918
4181.358,0.28909
4179.429,0.28898
4177.501,0.28884
4175.572,0.28865
4173.643,0.28843
4171.715,0.28819
4169.786,0.28791
4167.857,0.28764
4165.929,0.28739
4164.000,0.28713
4162.071,0.28686
4160.143,0.28660
4158.214,0.28636
4156.285,0.28613
4154.357,0.28592
4152.428,0.28572
4150.499,0.28553
4148.571,0.28534
4146.642,0.28517
4144.713,0.28499
4142.785,0.28482
4140.856,0.28467
4138.927,0.28453
4136.999,0.28435
4135.070,0.28414
4133.141,0.28395
4131.213,0.28377
4129.284,0.28358
4127.355,0.28336
4125.427,0.28312
4123.498,0.28288
4121.569,0.28269
4119.641,0.28253
4117.712,0.28236
4115.783,0.28217
4113.855,0.28198
4111.926,0.28184
4109.997,0.28171
4108.068,0.28157
4106.140,0.28143
4104.211,0.28126
4102.282,0.28109
4100.354,0.28096
4098.425,0.28084
4096.496,0.28068
4094.568,0.28050
4092.639,0.28030
4090.710,0.28006
4088.782,0.27979
4086.853,0.27954
4084.924,0.27931
4082.996,0.27910
4081.067,0.27890
4079.138,0.27871
4077.210,0.27850
4075.281,0.27828
4073.352,0.27810
4071.424,0.27795
4069.495,0.27782
4067.566,0.27768
4065.638,0.27755
4063.709,0.27742
4061.780,0.27732
4059.852,0.27725
4057.923,0.27719
4055.994,0.27713
4054.066,0.27707
4052.137,0.27701
4050.208,0.27693
4048.280,0.27684
4046.351,0.27675
4044.422,0.27664
4042.494,0.27653
4040.565,0.27646
4038.636,0.27638
4036.708,0.27624
4034.779,0.27607
4032.850,0.27586
4030.922,0.27560
4028.993,0.27534
4027.064,0.27515
4025.136,0.27498
4023.207,0.27475
4021.278,0.27449
4019.350,0.27422
4017.421,0.27396
4015.492,0.27373
4013.564,0.27356
4011.635,0.27341
4009.706,0.27327
4007.778,0.27317
4005.849,0.27312
4003.920,0.27312
4001.992,0.27320
4000.063,0.27334
3998.134,0.27341
3996.206,0.27334
3994.277,0.27316
3992.348,0.27295
3990.420,0.27269
3988.491,0.27243
3986.562,0.27220
3984.634,0.27199
3982.705,0.27178
3980.776,0.27160
3978.848,0.27145
3976.919,0.27134
3974.990,0.27127
3973.062,0.27119
3971.133,0.27102
3969.204,0.27078
3967.276,0.27050
3965.347,0.27017
3963.418,0.26982
3961.490,0.26952
3959.561,0.26924
3957.632,0.26894
3955.704,0.26863
3953.775,0.26836
3951.846,0.26812
3949.917,0.26789
3947.989,0.26767
3946.060,0.26746
3944.131,0.26724
3942.203,0.26702
3940.274,0.26685
3938.345,0.26669
3936.417,0.26654
3934.488,0.26638
3932.559,0.26623
3930.631,0.26610
3928.702,0.26598
3926.773,0.26587
3924.845,0.26574
3922.916,0.26558
3920.987,0.26540
3919.059,0.26519
3917.130,0.26497
3915.201,0.26477
3913.273,0.26460
3911.344,0.26443
3909.415,0.26425
3907.487,0.26403
3905.558,0.26381
3903.629,0.26359
3901.701,0.26342
3899.772,0.26333
3897.843,0.26328
3895.915,0.26323
3893.986,0.26317
3892.057,0.26308
3890.129,0.26295
3888.200,0.26277
3886.271,0.26255
3884.343,0.26234
3882.414,0.26213
3880.485,0.26195
3878.557,0.26180
3876.628,0.26165
3874.699,0.26145
3872.771,0.26123
3870.842,0.26100
3868.913,0.26079
3866.985,0.26063
3865.056,0.26047
3863.127,0.26031
3861.199,0.26016
3859.270,0.26003
3857.341,0.25982
3855.413,0.25957
3853.484,0.25942
3851.555,0.25936
3849.627,0.25928
3847.698,0.25911
3845.769,0.25891
3843.841,0.25869
3841.912,0.25849
3839.983,0.25830
3838.055,0.25814
3836.126,0.25797
3834.197,0.25780
3832.269,0.25764
3830.340,0.25747
3828.411,0.25731
3826.483,0.25717
3824.554,0.25702
3822.625,0.25684
3820.697,0.25671
3818.768,0.25661
3816.839,0.25649
3814.911,0.25638
3812.982,0.25624
3811.053,0.25603
3809.125,0.25577
3807.196,0.25556
3805.267,0.25539
3803.339,0.25519
3801.410,0.25501
3799.481,0.25485
3797.553,0.25469
3795.624,0.25453
3793.695,0.25440
3791.767,0.25425
3789.838,0.25407
3787.909,0.25390
3785.980,0.25374
3784.052,0.25356
3782.123,0.25337
3780.194,0.25321
3778.266,0.25307
3776.337,0.25293
3774.408,0.25277
3772.480,0.25258
3770.551,0.25237
3768.622,0.25218
3766.694,0.25201
3764.765,0.25184
3762.836,0.25167
3760.908,0.25149
3758.979,0.25130
3757.050,0.25110
3755.122,0.25085
3753.193,0.25060
3751.264,0.25038
3749.336,0.25021
3747.407,0.25002
3745.478,0.24980
3743.550,0.24968
3741.621,0.24963
3739.692,0.24948
3737.764,0.24923
3735.835,0.24902
3733.906,0.24890
3731.978,0.24878
3730.049,0.24864
3728.120,0.24847
3726.192,0.24830
3724.263,0.24816
3722.334,0.24804
3720.406,0.24791
3718.477,0.24773
3716.548,0.24755
3714.620,0.24738
3712.691,0.24724
3710.762,0.24711
3708.834,0.24701
3706.905,0.24689
3704.976,0.24674
3703.048,0.24657
3701.119,0.24641
3699.190,0.24626
3697.262,0.24611
3695.333,0.24597
3693.404,0.24576
3691.476,0.24548
3689.547,0.24525
3687.618,0.24515
3685.690,0.24508
3683.761,0.24500
3681.832,0.24493
3679.904,0.24482
3677.975,0.24468
3676.046,0.24458
3674.118,0.24454
3672.189,0.24446
3670.260,0.24437
3668.332,0.24435
3666.403,0.24433
3664.474,0.24425
3662.546,0.24417
3660.617,0.24408
3658.688,0.24395
3656.760,0.24382
3654.831,0.24374
3652.902,0.24363
3650.974,0.24350
3649.045,0.24344
3647.116,0.24345
3645.188,0.24343
3643.259,0.24338
3641.330,0.24334
3639.402,0.24325
3637.473,0.24314
3635.544,0.24305
3633.616,0.24297
3631.687,0.24283
3629.758,0.24269
3627.830,0.24264
3625.901,0.24263
3623.972,0.24260
3622.043,0.24254
3620.115,0.24244
3618.186,0.24237
3616.257,0.24237
3614.329,0.24239
3612.400,0.24241
3610.471,0.24245
3608.543,0.24250
3606.614,0.24252
3604.685,0.24247
3602.757,0.24240
3600.828,0.24229
3598.899,0.24214
3596.971,0.24200
3595.042,0.24190
3593.113,0.24182
3591.185,0.24172
3589.256,0.24162
3587.327,0.24153
3585.399,0.24145
3583.470,0.24143
3581.541,0.24142
3579.613,0.24136
3577.684,0.24131
3575.755,0.24129
3573.827,0.24124
3571.898,0.24115
3569.969,0.24107
3568.041,0.24103
3566.112,0.24100
3564.183,0.24099
3562.255,0.24098
3560.326,0.24093
3558.397,0.24086
3556.469,0.24085
3554.540,0.24084
3552.611,0.24079
3550.683,0.24074
3548.754,0.24070
3546.825,0.24064
3544.897,0.24059
3542.968,0.24054
3541.039,0.24048
3539.111,0.24039
3537.182,0.24031
3535.253,0.24026
3533.325,0.24018
3531.396,0.24012
3529.467,0.24006
3527.539,0.24000
3525.610,0.23995
3523.681,0.23992
3521.753,0.23988
3519.824,0.23980
3517.895,0.23971
3515.967,0.23963
3514.038,0.23955
3512.109,0.23947
3510.181,0.23939
3508.252,0.23931
3506.323,0.23922
3504.395,0.23914
3502.466,0.23906
3500.537,0.23897
3498.609,0.23887
3496.680,0.23877
3494.751,0.23869
3492.823,0.23861
3490.894,0.23854
3488.965,0.23847
3487.037,0.23840
3485.108,0.23833
3483.179,0.23826
3481.251,0.23818
3479.322,0.23810
3477.393,0.23802
3475.465,0.23794
3473.536,0.23787
3471.607,0.23781
3469.679,0.23773
3467.750,0.23766
3465.821,0.23762
3463.892,0.23759
3461.964,0.23754
3460.035,0.23746
3458.106,0.23738
3456.178,0.23728
3454.249,0.23716
3452.320,0.23701
3450.392,0.23689
3448.463,0.23676
3446.534,0.23660
3444.606,0.23641
3442.677,0.23623
3440.748,0.23606
3438.820,0.23589
3436.891,0.23572
3434.962,0.23557
3433.034,0.23543
3431.105,0.23530
3429.176,0.23514
3427.248,0.23497
3425.319,0.23481
3423.390,0.23467
3421.462,0.23450
3419.533,0.23430
3417.604,0.23410
3415.676,0.23390
3413.747,0.23368
3411.818,0.23347
3409.890,0.23326
3407.961,0.23304
3406.032,0.23280
3404.104,0.23253
3402.175,0.23223
3400.246,0.23192
3398.318,0.23163
3396.389,0.23135
3394.460,0.23107
3392.532,0.23080
3390.603,0.23054
3388.674,0.23024
3386.746,0.22996
3384.817,0.22972
3382.888,0.22945
3380.960,0.22915
3379.031,0.22887
3377.102,0.22860
3375.174,0.22831
3373.245,0.22804
3371.316,0.22778
3369.388,0.22751
3367.459,0.22722
3365.530,0.22689
3363.602,0.22654
3361.673,0.22619
3359.744,0.22589
3357.816,0.22562
3355.887,0.22534
3353.958,0.22506
3352.030,0.22478
3350.101,0.22447
3348.172,0.22417
3346.244,0.22390
3344.315,0.22362
3342.386,0.22333
3340.458,0.22303
3338.529,0.22273
3336.600,0.22243
3334.672,0.22213
3332.743,0.22187
3330.814,0.22162
3328.886,0.22137
3326.957,0.22110
3325.028,0.22083
3323.100,0.22056
3321.171,0.22029
3319.242,0.22003
3317.314,0.21977
3315.385,0.21951
3313.456,0.21927
3311.528,0.21906
3309.599,0.21885
3307.670,0.21862
3305.742,0.21839
3303.813,0.21817
3301.884,0.21794
3299.955,0.21771
3298.027,0.21751
3296.098,0.21731
3294.169,0.21711
3292.241,0.21692
3290.312,0.21670
3288.383,0.21646
3286.455,0.21625
3284.526,0.21605
3282.597,0.21584
3280.669,0.21563
3278.740,0.21543
3276.811,0.21521
3274.883,0.21494
3272.954,0.21466
3271.025,0.21438
3269.097,0.21412
3267.168,0.21386
3265.239,0.21362
3263.311,0.21336
3261.382,0.21307
3259.453,0.21277
3257.525,0.21249
3255.596,0.21221
3253.667,0.21193
3251.739,0.21165
3249.810,0.21134
3247.881,0.21097
3245.953,0.21057
3244.024,0.21015
3242.095,0.20972
3240.167,0.20928
3238.238,0.20889
3236.309,0.20857
3234.381,0.20832
3232.452,0.20818
3230.523,0.20813
3228.595,0.20810
3226.666,0.20807
3224.737,0.20805
3222.809,0.20801
3220.880,0.20791
3218.951,0.20775
3217.023,0.20751
3215.094,0.20716
3213.165,0.20675
3211.237,0.20637
3209.308,0.20604
3207.379,0.20577
3205.451,0.20556
3203.522,0.20539
3201.593,0.20522
3199.665,0.20504
3197.736,0.20484
3195.807,0.20459
3193.879,0.20428
3191.950,0.20397
3190.021,0.20364
3188.093,0.20328
3186.164,0.20295
3184.235,0.20265
3182.307,0.20232
3180.378,0.20198
3178.449,0.20168
3176.521,0.20141
3174.592,0.20111
3172.663,0.20084
3170.735,0.20062
3168.806,0.20041
3166.877,0.20020
3164.949,0.20001
3163.020,0.19983
3161.091,0.19963
3159.163,0.19945
3157.234,0.19932
3155.305,0.19920
3153.377,0.19909
3151.448,0.19898
3149.519,0.19883
3147.591,0.19861
3145.662,0.19831
3143.733,0.19792
3141.804,0.19741
3139.876,0.19686
3137.947,0.19635
3136.018,0.19583
3134.090,0.19531
3132.161,0.19482
3130.232,0.19435
3128.304,0.19386
3126.375,0.19340
3124.446,0.19301
3122.518,0.19268
3120.589,0.19249
3118.660,0.19264
3116.732,0.19334
3114.803,0.19500
3112.874,0.19857
3110.946,0.20581
3109.017,0.21928
3107.088,0.24073
3105.160,0.26809
3103.231,0.29518
3101.302,0.31747
3099.374,0.33496
3097.445,0.34499
3095.516,0.34155
3093.588,0.32723
3091.659,0.31331
3089.730,0.30716
3087.802,0.30784
3085.873,0.30963
3083.944,0.30703
3082.016,0.29885
3080.087,0.28793
3078.158,0.27762
3076.230,0.26977
3074.301,0.26502
3072.372,0.26321
3070.444,0.26363
3068.515,0.26551
3066.586,0.26861
3064.658,0.27318
3062.729,0.27941
3060.800,0.28682
3058.872,0.29373
3056.943,0.29743
3055.014,0.29584
3053.086,0.28906
3051.157,0.27896
3049.228,0.26775
3047.300,0.25712
3045.371,0.24797
3043.442,0.24058
3041.514,0.23483
3039.585,0.23045
3037.656,0.22717
3035.728,0.22473
3033.799,0.22297
3031.870,0.22186
3029.942,0.22140
3028.013,0.22171
3026.084,0.22284
3024.156,0.22470
3022.227,0.22702
3020.298,0.22948
3018.370,0.23169
3016.441,0.23319
3014.512,0.23371
3012.584,0.23329
3010.655,0.23196
3008.726,0.22984
3006.798,0.22724
3004.869,0.22460
3002.940,0.22224
3001.012,0.22027
2999.083,0.21871
2997.154,0.21747
2995.226,0.21648
2993.297,0.21567
2991.368,0.21503
2989.440,0.21457
2987.511,0.21430
2985.582,0.21425
2983.654,0.21440
2981.725,0.21477
2979.796,0.21541
2977.867,0.21637
2975.939,0.21765
2974.010,0.21931
2972.081,0.22140
2970.153,0.22396
2968.224,0.22698
2966.295,0.23051
2964.367,0.23471
2962.438,0.23965
2960.509,0.24507
2958.581,0.24999
2956.652,0.25273
2954.723,0.25187
2952.795,0.24750
2950.866,0.24158
2948.937,0.23644
2947.009,0.23333
2945.080,0.23230
2943.151,0.23298
2941.223,0.23504
2939.294,0.23828
2937.365,0.24256
2935.437,0.24787
2933.508,0.25425
2931.579,0.26175
2929.651,0.27050
2927.722,0.28088
2925.793,0.29334
2923.865,0.30809
2921.936,0.32440
2920.007,0.33971
2918.079,0.34848
2916.150,0.34398
2914.221,0.32613
2912.293,0.30385
2910.364,0.28565
2908.435,0.27360
2906.507,0.26618
2904.578,0.26168
2902.649,0.25899
2900.721,0.25734
2898.792,0.25624
2896.863,0.25536
2894.935,0.25456
2893.006,0.25373
2891.077,0.25282
2889.149,0.25180
2887.220,0.25066
2885.291,0.24945
2883.363,0.24826
2881.434,0.24717
2879.505,0.24620
2877.577,0.24519
2875.648,0.24379
2873.719,0.24160
2871.791,0.23853
2869.862,0.23511
2867.933,0.23228
2866.005,0.23086
2864.076,0.23124
2862.147,0.23336
2860.219,0.23711
2858.290,0.24278
2856.361,0.25167
2854.433,0.26597
2852.504,0.28608
2850.575,0.30456
2848.647,0.30711
2846.718,0.28983
2844.789,0.26548
2842.861,0.24589
2840.932,0.23305
2839.003,0.22471
2837.075,0.21896
2835.146,0.21483
2833.217,0.21190
2831.289,0.20991
2829.360,0.20858
2827.431,0.20755
2825.503,0.20643
2823.574,0.20498
2821.645,0.20329
2819.716,0.20149
2817.788,0.19970
2815.859,0.19797
2813.930,0.19633
2812.002,0.19481
2810.073,0.19337
2808.144,0.19198
2806.216,0.19065
2804.287,0.18942
2802.358,0.18832
2800.430,0.18736
2798.501,0.18655
2796.572,0.18587
2794.644,0.18534
2792.715,0.18492
2790.786,0.18461
2788.858,0.18432
2786.929,0.18397
2785.000,0.18351
2783.072,0.18298
2781.143,0.18254
2779.214,0.18229
2777.286,0.18219
2775.357,0.18212
2773.428,0.18193
2771.500,0.18152
2769.571,0.18093
2767.642,0.18025
2765.714,0.17956
2763.785,0.17892
2761.856,0.17842
2759.928,0.17812
2757.999,0.17797
2756.070,0.17789
2754.142,0.17780
2752.213,0.17770
2750.284,0.17755
2748.356,0.17731
2746.427,0.17701
2744.498,0.17671
2742.570,0.17642
2740.641,0.17612
2738.712,0.17578
2736.784,0.17544
2734.855,0.17513
2732.926,0.17486
2730.998,0.17461
2729.069,0.17435
2727.140,0.17411
2725.212,0.17391
2723.283,0.17374
2721.354,0.17358
2719.426,0.17348
2717.497,0.17345
2715.568,0.17347
2713.640,0.17355
2711.711,0.17367
2709.782,0.17382
2707.854,0.17398
2705.925,0.17415
2703.996,0.17422
2702.068,0.17402
2700.139,0.17346
2698.210,0.17254
2696.282,0.17138
2694.353,0.17019
2692.424,0.16916
2690.496,0.16828
2688.567,0.16753
2686.638,0.16689
2684.710,0.16636
2682.781,0.16595
2680.852,0.16565
2678.924,0.16546
2676.995,0.16531
2675.066,0.16517
2673.138,0.16502
2671.209,0.16488
2669.280,0.16475
2667.352,0.16463
2665.423,0.16454
2663.494,0.16443
2661.566,0.16427
2659.637,0.16411
2657.708,0.16390
2655.779,0.16362
2653.851,0.16333
2651.922,0.16311
2649.993,0.16294
2648.065,0.16283
2646.136,0.16281
2644.207,0.16283
2642.279,0.16282
2640.350,0.16281
2638.421,0.16281
2636.493,0.16276
2634.564,0.16265
2632.635,0.16247
2630.707,0.16218
2628.778,0.16178
2626.849,0.16135
2624.921,0.16096
2622.992,0.16063
2621.063,0.16040
2619.135,0.16032
2617.206,0.16035
2615.277,0.16041
2613.349,0.16042
2611.420,0.16027
2609.491,0.15992
2607.563,0.15944
2605.634,0.15895
2603.705,0.15848
2601.777,0.15807
2599.848,0.15779
2597.919,0.15765
2595.991,0.15759
2594.062,0.15758
2592.133,0.15761
2590.205,0.15758
2588.276,0.15745
2586.347,0.15738
2584.419,0.15745
2582.490,0.15761
2580.561,0.15783
2578.633,0.15810
2576.704,0.15831
2574.775,0.15838
2572.847,0.15832
2570.918,0.15816
2568.989,0.15795
2567.061,0.15779
2565.132,0.15771
2563.203,0.15759
2561.275,0.15743
2559.346,0.15727
2557.417,0.15702
2555.489,0.15661
2553.560,0.15607
2551.631,0.15546
2549.703,0.15478
2547.774,0.15410
2545.845,0.15355
2543.917,0.15311
2541.988,0.15273
2540.059,0.15247
2538.131,0.15234
2536.202,0.15229
2534.273,0.15234
2532.345,0.15252
2530.416,0.15274
2528.487,0.15294
2526.559,0.15313
2524.630,0.15325
2522.701,0.15312
2520.773,0.15267
2518.844,0.15201
2516.915,0.15125
2514.987,0.15050
2513.058,0.14988
2511.129,0.14936
2509.201,0.14887
2507.272,0.14843
2505.343,0.14809
2503.415,0.14777
2501.486,0.14750
2499.557,0.14733
2497.628,0.14725
2495.700,0.14720
2493.771,0.14725
2491.842,0.14737
2489.914,0.14746
2487.985,0.14753
2486.056,0.14763
2484.128,0.14772
2482.199,0.14774
2480.270,0.14771
2478.342,0.14766
2476.413,0.14755
2474.484,0.14742
2472.556,0.14733
2470.627,0.14722
2468.698,0.14705
2466.770,0.14689
2464.841,0.14678
2462.912,0.14668
2460.984,0.14663
2459.055,0.14664
2457.126,0.14666
2455.198,0.14663
2453.269,0.14663
2451.340,0.14665
2449.412,0.14663
2447.483,0.14662
2445.554,0.14668
2443.626,0.14675
2441.697,0.14677
2439.768,0.14673
2437.840,0.14653
2435.911,0.14609
2433.982,0.14552
2432.054,0.14498
2430.125,0.14452
2428.196,0.14419
2426.268,0.14400
2424.339,0.14384
2422.410,0.14361
2420.482,0.14340
2418.553,0.14330
2416.624,0.14321
2414.696,0.14315
2412.767,0.14315
2410.838,0.14315
2408.910,0.14308
2406.981,0.14304
2405.052,0.14317
2403.124,0.14346
2401.195,0.14364
2399.266,0.14331
2397.338,0.14243
2395.409,0.14136
2393.480,0.14052
2391.552,0.13996
2389.623,0.13954
2387.694,0.13925
2385.766,0.13903
2383.837,0.13885
2381.908,0.13870
2379.980,0.13865
2378.051,0.13867
2376.122,0.13868
2374.194,0.13867
2372.265,0.13868
2370.336,0.13864
2368.408,0.13850
2366.479,0.13823
2364.550,0.13784
2362.622,0.13745
2360.693,0.13718
2358.764,0.13702
2356.836,0.13688
2354.907,0.13671
2352.978,0.13645
2351.050,0.13607
2349.121,0.13564
2347.192,0.13525
2345.264,0.13497
2343.335,0.13480
2341.406,0.13477
2339.478,0.13479
2337.549,0.13468
2335.620,0.13442
2333.691,0.13409
2331.763,0.13375
2329.834,0.13340
2327.905,0.13307
2325.977,0.13277
2324.048,0.13249
2322.119,0.13225
2320.191,0.13204
2318.262,0.13182
2316.333,0.13160
2314.405,0.13145
2312.476,0.13135
2310.547,0.13133
2308.619,0.13142
2306.690,0.13164
2304.761,0.13195
2302.833,0.13229
2300.904,0.13261
2298.975,0.13288
2297.047,0.13308
2295.118,0.13323
2293.189,0.13332
2291.261,0.13329
2289.332,0.13302
2287.403,0.13249
2285.475,0.13179
2283.546,0.13106
2281.617,0.13040
2279.689,0.12982
2277.760,0.12934
2275.831,0.12893
2273.903,0.12860
2271.974,0.12832
2270.045,0.12808
2268.117,0.12790
2266.188,0.12776
2264.259,0.12766
2262.331,0.12755
2260.402,0.12742
2258.473,0.12722
2256.545,0.12694
2254.616,0.12658
2252.687,0.12616
2250.759,0.12575
2248.830,0.12542
2246.901,0.12514
2244.973,0.12487
2243.044,0.12456
2241.115,0.12422
2239.187,0.12387
2237.258,0.12349
2235.329,0.12312
2233.401,0.12278
2231.472,0.12246
2229.543,0.12214
2227.615,0.12183
2225.686,0.12153
2223.757,0.12122
2221.829,0.12094
2219.900,0.12070
2217.971,0.12046
2216.043,0.12025
2214.114,0.12005
2212.185,0.11986
2210.257,0.11965
2208.328,0.11948
2206.399,0.11933
2204.471,0.11917
2202.542,0.11898
2200.613,0.11879
2198.685,0.11860
2196.756,0.11840
2194.827,0.11817
2192.899,0.11791
2190.970,0.11762
2189.041,0.11734
2187.113,0.11709
2185.184,0.11684
2183.255,0.11662
2181.327,0.11652
2179.398,0.11656
2177.469,0.11665
2175.540,0.11668
2173.612,0.11654
2171.683,0.11617
2169.754,0.11566
2167.826,0.11521
2165.897,0.11487
2163.968,0.11458
2162.040,0.11434
2160.111,0.11415
2158.182,0.11398
2156.254,0.11381
2154.325,0.11370
2152.396,0.11365
2150.468,0.11357
2148.539,0.11343
2146.610,0.11321
2144.682,0.11290
2142.753,0.11258
2140.824,0.11231
2138.896,0.11206
2136.967,0.11180
2135.038,0.11159
2133.110,0.11146
2131.181,0.11134
2129.252,0.11125
2127.324,0.11125
2125.395,0.11130
2123.466,0.11133
2121.538,0.11136
2119.609,0.11141
2117.680,0.11139
2115.752,0.11131
2113.823,0.11123
2111.894,0.11113
2109.966,0.11096
2108.037,0.11075
2106.108,0.11047
2104.180,0.11004
2102.251,0.10959
2100.322,0.10923
2098.394,0.10890
2096.465,0.10855
2094.536,0.10825
2092.608,0.10802
2090.679,0.10780
2088.750,0.10760
2086.822,0.10747
2084.893,0.10732
2082.964,0.10714
2081.036,0.10699
2079.107,0.10678
2077.178,0.10645
2075.250,0.10611
2073.321,0.10582
2071.392,0.10552
2069.464,0.10523
2067.535,0.10502
2065.606,0.10479
2063.678,0.10448
2061.749,0.10416
2059.820,0.10390
2057.892,0.10358
2055.963,0.10324
2054.034,0.10300
2052.106,0.10284
2050.177,0.10268
2048.248,0.10254
2046.320,0.10238
2044.391,0.10211
2042.462,0.10181
2040.534,0.10160
2038.605,0.10137
2036.676,0.10109
2034.748,0.10088
2032.819,0.10074
2030.890,0.10058
2028.962,0.10047
2027.033,0.10047
2025.104,0.10041
2023.176,0.10024
2021.247,0.10010
2019.318,0.09993
2017.390,0.09965
2015.461,0.09936
2013.532,0.09912
2011.603,0.09886
2009.675,0.09864
2007.746,0.09862
2005.817,0.09870
2003.889,0.09871
2001.960,0.09867
2000.031,0.09850
1998.103,0.09804
1996.174,0.09747
1994.245,0.09701
1992.317,0.09658
1990.388,0.09611
1988.459,0.09574
1986.531,0.09547
1984.602,0.09515
1982.673,0.09484
1980.745,0.09464
1978.816,0.09442
1976.887,0.09416
1974.959,0.09398
1973.030,0.09384
1971.101,0.09359
1969.173,0.09331
1967.244,0.09308
1965.315,0.09277
1963.387,0.09241
1961.458,0.09212
1959.529,0.09186
1957.601,0.09154
1955.672,0.09128
1953.743,0.09111
1951.815,0.09090
1949.886,0.09065
1947.957,0.09050
1946.029,0.09037
1944.100,0.09016
1942.171,0.08998
1940.243,0.08984
1938.314,0.08958
1936.385,0.08927
1934.457,0.08906
1932.528,0.08883
1930.599,0.08852
1928.671,0.08827
1926.742,0.08804
1924.813,0.08771
1922.885,0.08739
1920.956,0.08721
1919.027,0.08702
1917.099,0.08679
1915.170,0.08666
1913.241,0.08656
1911.313,0.08636
1909.384,0.08616
1907.455,0.08603
1905.527,0.08582
1903.598,0.08554
1901.669,0.08533
1899.741,0.08513
1897.812,0.08485
1895.883,0.08461
1893.955,0.08443
1892.026,0.08418
1890.097,0.08392
1888.169,0.08378
1886.240,0.08366
1884.311,0.08350
1882.383,0.08338
1880.454,0.08329
1878.525,0.08310
1876.597,0.08287
1874.668,0.08267
1872.739,0.08240
1870.811,0.08206
1868.882,0.08182
1866.953,0.08169
1865.025,0.08156
1863.096,0.08146
1861.167,0.08147
1859.239,0.08151
1857.310,0.08164
1855.381,0.08203
1853.452,0.08276
1851.524,0.08402
1849.595,0.08634
1847.666,0.09023
1845.738,0.09496
1843.809,0.09806
1841.880,0.09731
1839.952,0.09345
1838.023,0.08925
1836.094,0.08649
1834.166,0.08507
1832.237,0.08433
1830.308,0.08405
1828.380,0.08423
1826.451,0.08466
1824.522,0.08519
1822.594,0.08606
1820.665,0.08721
1818.736,0.08823
1816.808,0.08913
1814.879,0.09021
1812.950,0.09143
1811.022,0.09228
1809.093,0.09171
1807.164,0.08895
1805.236,0.08502
1803.307,0.08158
1801.378,0.07923
1799.450,0.07769
1797.521,0.07660
1795.592,0.07576
1793.664,0.07505
1791.735,0.07439
1789.806,0.07381
1787.878,0.07332
1785.949,0.07286
1784.020,0.07241
1782.092,0.07199
1780.163,0.07164
1778.234,0.07133
1776.306,0.07107
1774.377,0.07084
1772.448,0.07066
1770.520,0.07051
1768.591,0.07039
1766.662,0.07032
1764.734,0.07025
1762.805,0.07015
1760.876,0.07008
1758.948,0.07004
1757.019,0.07001
1755.090,0.07003
1753.162,0.07011
1751.233,0.07025
1749.304,0.07043
1747.376,0.07070
1745.447,0.07104
1743.518,0.07140
1741.590,0.07180
1739.661,0.07227
1737.732,0.07273
1735.804,0.07315
1733.875,0.07358
1731.946,0.07400
1730.018,0.07423
1728.089,0.07429
1726.160,0.07433
1724.232,0.07441
1722.303,0.07458
1720.374,0.07488
1718.446,0.07527
1716.517,0.07571
1714.588,0.07629
1712.660,0.07700
1710.731,0.07761
1708.802,0.07802
1706.874,0.07828
1704.945,0.07844
1703.016,0.07855
1701.088,0.07879
1699.159,0.07922
1697.230,0.07971
1695.302,0.08023
1693.373,0.08091
1691.444,0.08170
1689.515,0.08261
1687.587,0.08373
1685.658,0.08504
1683.729,0.08643
1681.801,0.08798
1679.872,0.08973
1677.943,0.09155
1676.015,0.09331
1674.086,0.09512
1672.157,0.09710
1670.229,0.09943
1668.300,0.10233
1666.371,0.10579
1664.443,0.10954
1662.514,0.11342
1660.585,0.11707
1658.657,0.11992
1656.728,0.12199
1654.799,0.12409
1652.871,0.12694
1650.942,0.13056
1649.013,0.13458
1647.085,0.13860
1645.156,0.14226
1643.227,0.14526
1641.299,0.14779
1639.370,0.15065
1637.441,0.15488
1635.513,0.16133
1633.584,0.17018
1631.655,0.18089
1629.727,0.19278
1627.798,0.20590
1625.869,0.22230
1623.941,0.24681
1622.012,0.28375
1620.083,0.32696
1618.155,0.35241
1616.226,0.33879
1614.297,0.30013
1612.369,0.26859
1610.440,0.26083
1608.511,0.27518
1606.583,0.30096
1604.654,0.32421
1602.725,0.33025
1600.797,0.31099
1598.868,0.27483
1596.939,0.23961
1595.011,0.21592
1593.082,0.20425
1591.153,0.20166
1589.225,0.20552
1587.296,0.21346
1585.367,0.22326
1583.439,0.23382
1581.510,0.24538
1579.581,0.25846
1577.653,0.27325
1575.724,0.28977
1573.795,0.30798
1571.867,0.32792
1569.938,0.34993
1568.009,0.37415
1566.081,0.40051
1564.152,0.42933
1562.223,0.46190
1560.295,0.50081
1558.366,0.54950
1556.437,0.61079
1554.509,0.68503
1552.580,0.76768
1550.651,0.84909
1548.723,0.92353
1546.794,0.99730
1544.865,1.07631
1542.937,1.14972
1541.008,1.19768
1539.079,1.21097
1537.151,1.19294
1535.222,1.14944
1533.293,1.08685
1531.364,1.01326
1529.436,0.93504
1527.507,0.85611
1525.578,0.78105
1523.650,0.71441
1521.721,0.65819
1519.792,0.61205
1517.864,0.57438
1515.935,0.54321
1514.006,0.51711
1512.078,0.49513
1510.149,0.47613
1508.220,0.45820
1506.292,0.43973
1504.363,0.42059
1502.434,0.40147
1500.506,0.38291
1498.577,0.36535
1496.648,0.34916
1494.720,0.33437
1492.791,0.32100
1490.862,0.30922
1488.934,0.29902
1487.005,0.28986
1485.076,0.28125
1483.148,0.27326
1481.219,0.26630
1479.290,0.26118
1477.362,0.25976
1475.433,0.26280
1473.504,0.26565
1471.576,0.26447
1469.647,0.26476
1467.718,0.27179
1465.790,0.28141
1463.861,0.28430
1461.932,0.27345
1460.004,0.25218
1458.075,0.23098
1456.146,0.21553
1454.218,0.20525
1452.289,0.19842
1450.360,0.19364
1448.432,0.19002
1446.503,0.18819
1444.574,0.19014
1442.646,0.19832
1440.717,0.21377
1438.788,0.23138
1436.860,0.23886
1434.931,0.22882
1433.002,0.20814
1431.074,0.18782
1429.145,0.17262
1427.216,0.16264
1425.288,0.15693
1423.359,0.15449
1421.430,0.15488
1419.502,0.15893
1417.573,0.16846
1415.644,0.18555
1413.716,0.21183
1411.787,0.24670
1409.858,0.28530
1407.930,0.31851
1406.001,0.33585
1404.072,0.33143
1402.144,0.30917
1400.215,0.27939
1398.286,0.25062
1396.358,0.22685
1394.429,0.20945
1392.500,0.19874
1390.572,0.19409
1388.643,0.19477
1386.714,0.20218
1384.786,0.22025
1382.857,0.24731
1380.928,0.26722
1379.000,0.26783
1377.071,0.26258
1375.142,0.26966
1373.214,0.29302
1371.285,0.33026
1369.356,0.38038
1367.427,0.44460
1365.499,0.52540
1363.570,0.62352
1361.641,0.73559
1359.713,0.85591
1357.784,0.97824
1355.855,1.08676
1353.927,1.14563
1351.998,1.12511
1350.069,1.04204
1348.141,0.93609
1346.212,0.83325
1344.283,0.74404
1342.355,0.67111
1340.426,0.61343
1338.497,0.56772
1336.569,0.52979
1334.640,0.49627
1332.711,0.46556
1330.783,0.43746
1328.854,0.41225
1326.925,0.39022
1324.997,0.37127
1323.068,0.35480
1321.139,0.34040
1319.211,0.32799
1317.282,0.31717
1315.353,0.30718
1313.425,0.29786
1311.496,0.28989
1309.567,0.28469
1307.639,0.28316
1305.710,0.28289
1303.781,0.27958
1301.853,0.27281
1299.924,0.26588
1297.995,0.26074
1296.067,0.25720
1294.138,0.25476
1292.209,0.25272
1290.281,0.24996
1288.352,0.24600
1286.423,0.24122
1284.495,0.23570
1282.566,0.22963
1280.637,0.22404
1278.709,0.21973
1276.780,0.21658
1274.851,0.21424
1272.923,0.21235
1270.994,0.21016
1269.065,0.20744
1267.137,0.20495
1265.208,0.20319
1263.279,0.20157
1261.351,0.19939
1259.422,0.19659
1257.493,0.19326
1255.565,0.18972
1253.636,0.18645
1251.707,0.18360
1249.779,0.18100
1247.850,0.17871
1245.921,0.17690
1243.993,0.17544
1242.064,0.17424
1240.135,0.17347
1238.207,0.17297
1236.278,0.17240
1234.349,0.17162
1232.421,0.17045
1230.492,0.16864
1228.563,0.16635
1226.635,0.16410
1224.706,0.16198
1222.777,0.15991
1220.849,0.15803
1218.920,0.15666
1216.991,0.15652
1215.063,0.15935
1213.134,0.16684
1211.205,0.17767
1209.277,0.18672
1207.348,0.19014
1205.419,0.18867
1203.490,0.18419
1201.562,0.17790
1199.633,0.17134
1197.704,0.16573
1195.776,0.16138
1193.847,0.15806
1191.918,0.15522
1189.990,0.15246
1188.061,0.14982
1186.132,0.14740
1184.204,0.14519
1182.275,0.14360
1180.346,0.14354
1178.418,0.14673
1176.489,0.15626
1174.560,0.17441
1172.632,0.19726
1170.703,0.21190
1168.774,0.20786
1166.846,0.19130
1164.917,0.17530
1162.988,0.16470
1161.060,0.15778
1159.131,0.15256
1157.202,0.14839
1155.274,0.14521
1153.345,0.14277
1151.416,0.14077
1149.488,0.13920
1147.559,0.13789
1145.630,0.13646
1143.702,0.13487
1141.773,0.13332
1139.844,0.13182
1137.916,0.13034
1135.987,0.12902
1134.058,0.12787
1132.130,0.12676
1130.201,0.12576
1128.272,0.12488
1126.344,0.12390
1124.415,0.12276
1122.486,0.12165
1120.558,0.12057
1118.629,0.11944
1116.700,0.11835
1114.772,0.11733
1112.843,0.11616
1110.914,0.11496
1108.986,0.11389
1107.057,0.11286
1105.128,0.11191
1103.200,0.11138
1101.271,0.11145
1099.342,0.11256
1097.414,0.11651
1095.485,0.12685
1093.556,0.14767
1091.628,0.17880
1089.699,0.21213
1087.770,0.23620
1085.842,0.24299
1083.913,0.23148
1081.984,0.20960
1080.056,0.18776
1078.127,0.17113
1076.198,0.15982
1074.270,0.15209
1072.341,0.14631
1070.412,0.14159
1068.484,0.13739
1066.555,0.13348
1064.626,0.13014
1062.698,0.12749
1060.769,0.12524
1058.840,0.12324
1056.912,0.12156
1054.983,0.12002
1053.054,0.11845
1051.126,0.11711
1049.197,0.11601
1047.268,0.11488
1045.339,0.11381
1043.411,0.11303
1041.482,0.11235
1039.553,0.11176
1037.625,0.11151
1035.696,0.11156
1033.767,0.11190
1031.839,0.11379
1029.910,0.11905
1027.981,0.12645
1026.053,0.13027
1024.124,0.12704
1022.195,0.12022
1020.267,0.11448
1018.338,0.11090
1016.409,0.10859
1014.481,0.10669
1012.552,0.10515
1010.623,0.10407
1008.695,0.10315
1006.766,0.10227
1004.837,0.10162
1002.909,0.10094
1000.980,0.09992
999.051,0.09886
997.123,0.09793
995.194,0.09688
993.265,0.09585
991.337,0.09509
989.408,0.09437
987.479,0.09350
985.551,0.09281
983.622,0.09228
981.693,0.09154
979.765,0.09080
977.836,0.09025
975.907,0.08964
973.979,0.08888
972.050,0.08832
970.121,0.08784
968.193,0.08718
966.264,0.08660
964.335,0.08617
962.407,0.08556
960.478,0.08484
958.549,0.08432
956.621,0.08376
954.692,0.08306
952.763,0.08261
950.835,0.08247
948.906,0.08277
946.977,0.08509
945.049,0.09362
943.120,0.11415
941.191,0.14557
939.263,0.16987
937.334,0.16680
935.405,0.14296
933.477,0.11934
931.548,0.10509
929.619,0.10121
927.691,0.11009
925.762,0.12588
923.833,0.12998
921.905,0.11938
919.976,0.11638
918.047,0.13792
916.119,0.17935
914.190,0.22620
912.261,0.27470
910.333,0.32705
908.404,0.36767
906.475,0.36314
904.547,0.30781
902.618,0.24209
900.689,0.19606
898.761,0.16916
896.832,0.15234
894.903,0.14079
892.975,0.13277
891.046,0.12682
889.117,0.12186
887.189,0.11779
885.260,0.11437
883.331,0.11132
881.402,0.10873
879.474,0.10671
877.545,0.10488
875.616,0.10326
873.688,0.10218
871.759,0.10120
869.830,0.09988
867.902,0.09848
865.973,0.09723
864.044,0.09592
862.116,0.09479
860.187,0.09417
858.258,0.09367
856.330,0.09305
854.401,0.09253
852.472,0.09206
850.544,0.09126
848.615,0.09032
846.686,0.08937
844.758,0.08811
842.829,0.08675
840.900,0.08574
838.972,0.08489
837.043,0.08387
835.114,0.08304
833.186,0.08236
831.257,0.08154
829.328,0.08170
827.400,0.08398
825.471,0.08621
823.542,0.08518
821.614,0.08180
819.685,0.07883
817.756,0.07698
815.828,0.07593
813.899,0.07531
811.970,0.07462
810.042,0.07381
808.113,0.07329
806.184,0.07295
804.256,0.07268
802.327,0.07327
800.398,0.07674
798.470,0.09056
796.541,0.13110
794.612,0.19883
792.684,0.23967
790.755,0.20861
788.826,0.15393
786.898,0.11840
784.969,0.09984
783.040,0.08944
781.112,0.08332
779.183,0.07930
777.254,0.07710
775.326,0.07902
773.397,0.08795
771.468,0.10158
769.540,0.11137
767.611,0.11035
765.682,0.10145
763.754,0.09734
761.825,0.10466
759.896,0.11065
757.968,0.10222
756.039,0.08662
754.110,0.07521
752.182,0.06979
750.253,0.06893
748.324,0.07236
746.396,0.08102
744.467,0.09829
742.538,0.13029
740.610,0.18497
738.681,0.26319
736.752,0.34117
734.824,0.37460
732.895,0.34828
730.966,0.29507
729.038,0.25082
727.109,0.23331
725.180,0.25365
723.251,0.32138
721.323,0.42213
719.394,0.49442
717.465,0.48836
715.537,0.42730
713.608,0.35315
711.679,0.29839
709.751,0.27865
707.822,0.28962
705.893,0.31287
703.965,0.32028
702.036,0.29649
700.107,0.25650
698.179,0.22092
696.250,0.19556
694.321,0.17793
692.393,0.16551
690.464,0.15641
688.535,0.14919
686.607,0.14332
684.678,0.13866
682.749,0.13460
680.821,0.13083
678.892,0.12768
676.963,0.12501
675.035,0.12259
673.106,0.12076
671.177,0.11984
669.249,0.11978
667.320,0.12104
665.391,0.12376
663.463,0.12615
661.534,0.12615
659.605,0.12362
657.677,0.11976
655.748,0.11580
653.819,0.11303
651.891,0.11211
649.962,0.11318
648.033,0.11769
646.105,0.12840
644.176,0.14734
642.247,0.17278
640.319,0.19599
638.390,0.20470
636.461,0.19554
634.533,0.17741
632.604,0.15961
630.675,0.14527
628.747,0.13453
626.818,0.12702
624.889,0.12145
622.961,0.11676
621.032,0.11318
619.103,0.11050
617.175,0.10799
615.246,0.10587
613.317,0.10439
611.389,0.10280
609.460,0.10102
607.531,0.09974
605.603,0.09856
603.674,0.09720
601.745,0.09636
599.817,0.09587
597.888,0.09491
595.959,0.09404
594.031,0.09376
592.102,0.09330
590.173,0.09273
588.245,0.09301
586.316,0.09402
584.387,0.09579
582.459,0.09926
580.530,0.10320
578.601,0.10443
576.673,0.10259
574.744,0.09987
572.815,0.09764
570.887,0.09716
568.958,0.09939
567.029,0.10238
565.101,0.10312
563.172,0.10140
561.243,0.09846
559.314,0.09508
557.386,0.09240
555.457,0.09092
553.528,0.08961
551.600,0.08826
549.671,0.08766
547.742,0.08714
545.814,0.08606
543.885,0.08534
541.956,0.08502
540.028,0.08424
538.099,0.08361
536.170,0.08358
534.242,0.08311
532.313,0.08224
530.384,0.08196
528.456,0.08184
526.527,0.08129
524.598,0.08102
522.670,0.08110
520.741,0.08086
518.812,0.08090
516.884,0.08180
514.955,0.08307
513.026,0.08532
511.098,0.08989
509.169,0.09643
507.240,0.10318
505.312,0.10830
503.383,0.11026
501.454,0.10894
499.526,0.10601
497.597,0.10269
495.668,0.09907
493.740,0.09577
491.811,0.09355
489.882,0.09186
487.954,0.09028
486.025,0.08929
484.096,0.08880
482.168,0.08843
480.239,0.08834
478.310,0.08844
476.382,0.08849
474.453,0.08929
472.524,0.09149
470.596,0.09478
468.667,0.10008
466.738,0.10907
464.810,0.12021
462.881,0.12884
460.952,0.13109
459.024,0.12666
457.095,0.11884
455.166,0.11186
453.238,0.10708
451.309,0.10309
449.380,0.09918
447.452,0.09608
445.523,0.09390
443.594,0.09208
441.666,0.09053
439.737,0.08907
437.808,0.08745
435.880,0.08616
433.951,0.08564
432.022,0.08534
430.094,0.08513
428.165,0.08552
426.236,0.08615
424.308,0.08670
422.379,0.08801
420.450,0.09006
418.522,0.09234
416.593,0.09552
414.664,0.09993
412.736,0.10581
410.807,0.11401
408.878,0.12538
406.950,0.14080
405.021,0.16035
403.092,0.18606
401.163,0.21866
399.235,0.25439
