7600.891,0.59016
7598.962,0.58989
7597.034,0.58991
7595.105,0.59017
7593.176,0.59014
7591.248,0.58974
7589.319,0.58958
7587.390,0.58973
7585.462,0.58963
7583.533,0.58924
7581.604,0.58893
7579.676,0.58885
7577.747,0.58894
7575.818,0.58880
7573.890,0.58846
7571.961,0.58827
7570.032,0.58809
7568.104,0.58775
7566.175,0.58756
7564.246,0.58757
7562.318,0.58730
7560.389,0.58675
7558.460,0.58650
7556.532,0.58670
7554.603,0.58694
7552.674,0.58686
7550.746,0.58628
7548.817,0.58542
7546.888,0.58485
7544.960,0.58497
7543.031,0.58540
7541.102,0.58533
7539.174,0.58480
7537.245,0.58446
7535.316,0.58452
7533.388,0.58462
7531.459,0.58453
7529.530,0.58442
7527.602,0.58428
7525.673,0.58387
7523.744,0.58341
7521.816,0.58336
7519.887,0.58354
7517.958,0.58356
7516.030,0.58352
7514.101,0.58333
7512.172,0.58270
7510.244,0.58217
7508.315,0.58227
7506.386,0.58231
7504.458,0.58174
7502.529,0.58118
7500.600,0.58109
7498.672,0.58116
7496.743,0.58117
7494.814,0.58113
7492.885,0.58088
7490.957,0.58060
7489.028,0.58061
7487.099,0.58062
7485.171,0.58019
7483.242,0.57948
7481.313,0.57891
7479.385,0.57869
7477.456,0.57874
7475.527,0.57883
7473.599,0.57886
7471.670,0.57889
7469.741,0.57875
7467.813,0.57849
7465.884,0.57836
7463.955,0.57823
7462.027,0.57792
7460.098,0.57756
7458.169,0.57735
7456.241,0.57730
7454.312,0.57724
7452.383,0.57709
7450.455,0.57705
7448.526,0.57709
7446.597,0.57701
7444.669,0.57687
7442.740,0.57658
7440.811,0.57596
7438.883,0.57551
7436.954,0.57544
7435.025,0.57524
7433.097,0.57485
7431.168,0.57475
7429.239,0.57485
7427.311,0.57479
7425.382,0.57475
7423.453,0.57474
7421.525,0.57442
7419.596,0.57388
7417.667,0.57348
7415.739,0.57329
7413.810,0.57318
7411.881,0.57320
7409.953,0.57343
7408.024,0.57371
7406.095,0.57367
7404.167,0.57314
7402.238,0.57262
7400.309,0.57252
7398.381,0.57251
7396.452,0.57229
7394.523,0.57203
7392.595,0.57183
7390.666,0.57171
7388.737,0.57166
7386.809,0.57157
7384.880,0.57145
7382.951,0.57136
7381.023,0.57117
7379.094,0.57077
7377.165,0.57027
7375.237,0.56983
7373.308,0.56953
7371.379,0.56923
7369.451,0.56870
7367.522,0.56820
7365.593,0.56830
7363.665,0.56877
7361.736,0.56890
7359.807,0.56870
7357.879,0.56844
7355.950,0.56824
7354.021,0.56819
7352.093,0.56808
7350.164,0.56788
7348.235,0.56790
7346.307,0.56791
7344.378,0.56751
7342.449,0.56697
7340.521,0.56652
7338.592,0.56626
7336.663,0.56634
7334.734,0.56656
7332.806,0.56643
7330.877,0.56590
7328.948,0.56547
7327.020,0.56521
7325.091,0.56488
7323.162,0.56469
7321.234,0.56485
7319.305,0.56513
7317.376,0.56516
7315.448,0.56477
7313.519,0.56427
7311.590,0.56411
7309.662,0.56425
7307.733,0.56423
7305.804,0.56387
7303.876,0.56345
7301.947,0.56327
7300.018,0.56324
7298.090,0.56313
7296.161,0.56291
7294.232,0.56263
7292.304,0.56244
7290.375,0.56248
7288.446,0.56248
7286.518,0.56231
7284.589,0.56216
7282.660,0.56200
7280.732,0.56172
7278.803,0.56134
7276.874,0.56091
7274.946,0.56055
7273.017,0.56034
7271.088,0.56019
7269.160,0.56013
7267.231,0.56011
7265.302,0.56008
7263.374,0.56015
7261.445,0.56020
7259.516,0.56005
7257.588,0.55972
7255.659,0.55945
7253.730,0.55937
7251.802,0.55914
7249.873,0.55863
7247.944,0.55819
7246.016,0.55810
7244.087,0.55818
7242.158,0.55822
7240.230,0.55823
7238.301,0.55814
7236.372,0.55781
7234.444,0.55744
7232.515,0.55713
7230.586,0.55700
7228.658,0.55711
7226.729,0.55711
7224.800,0.55675
7222.872,0.55640
7220.943,0.55643
7219.014,0.55665
7217.086,0.55653
7215.157,0.55596
7213.228,0.55544
7211.300,0.55541
7209.371,0.55554
7207.442,0.55532
7205.514,0.55491
7203.585,0.55470
7201.656,0.55467
7199.728,0.55458
7197.799,0.55445
7195.870,0.55440
7193.942,0.55442
7192.013,0.55436
7190.084,0.55413
7188.156,0.55386
7186.227,0.55367
7184.298,0.55337
7182.370,0.55288
7180.441,0.55246
7178.512,0.55226
7176.584,0.55219
7174.655,0.55211
7172.726,0.55189
7170.797,0.55166
7168.869,0.55169
7166.940,0.55180
7165.011,0.55164
7163.083,0.55130
7161.154,0.55113
7159.225,0.55117
7157.297,0.55109
7155.368,0.55079
7153.439,0.55055
7151.511,0.55045
7149.582,0.55050
7147.653,0.55049
7145.725,0.55021
7143.796,0.54986
7141.867,0.54961
7139.939,0.54928
7138.010,0.54887
7136.081,0.54876
7134.153,0.54898
7132.224,0.54907
7130.295,0.54885
7128.367,0.54857
7126.438,0.54826
7124.509,0.54789
7122.581,0.54771
7120.652,0.54789
7118.723,0.54813
7116.795,0.54811
7114.866,0.54776
7112.937,0.54729
7111.009,0.54692
7109.080,0.54673
7107.151,0.54659
7105.223,0.54641
7103.294,0.54624
7101.365,0.54602
7099.437,0.54571
7097.508,0.54541
7095.579,0.54528
7093.651,0.54534
7091.722,0.54545
7089.793,0.54544
7087.865,0.54524
7085.936,0.54491
7084.007,0.54465
7082.079,0.54454
7080.150,0.54448
7078.221,0.54430
7076.293,0.54400
7074.364,0.54372
7072.435,0.54354
7070.507,0.54342
7068.578,0.54331
7066.649,0.54320
7064.721,0.54302
7062.792,0.54285
7060.863,0.54279
7058.935,0.54277
7057.006,0.54272
7055.077,0.54257
7053.149,0.54228
7051.220,0.54205
7049.291,0.54194
7047.363,0.54171
7045.434,0.54147
7043.505,0.54139
7041.577,0.54130
7039.648,0.54108
7037.719,0.54083
7035.791,0.54063
7033.862,0.54047
7031.933,0.54020
7030.005,0.53979
7028.076,0.53946
7026.147,0.53937
7024.219,0.53941
7022.290,0.53945
7020.361,0.53936
7018.433,0.53917
7016.504,0.53906
7014.575,0.53904
7012.646,0.53903
7010.718,0.53885
7008.789,0.53848
7006.860,0.53815
7004.932,0.53793
7003.003,0.53778
7001.074,0.53770
6999.146,0.53765
6997.217,0.53755
6995.288,0.53745
6993.360,0.53747
6991.431,0.53744
6989.502,0.53725
6987.574,0.53696
6985.645,0.53666
6983.716,0.53634
6981.788,0.53605
6979.859,0.53589
6977.930,0.53586
6976.002,0.53581
6974.073,0.53570
6972.144,0.53569
6970.216,0.53570
6968.287,0.53562
6966.358,0.53554
6964.430,0.53536
6962.501,0.53497
6960.572,0.53455
6958.644,0.53430
6956.715,0.53416
6954.786,0.53400
6952.858,0.53377
6950.929,0.53364
6949.000,0.53373
6947.072,0.53382
6945.143,0.53363
6943.214,0.53326
6941.286,0.53293
6939.357,0.53271
6937.428,0.53257
6935.500,0.53252
6933.571,0.53258
6931.642,0.53262
6929.714,0.53246
6927.785,0.53205
6925.856,0.53155
6923.928,0.53122
6921.999,0.53110
6920.070,0.53103
6918.142,0.53083
6916.213,0.53056
6914.284,0.53040
6912.356,0.53027
6910.427,0.53001
6908.498,0.52974
6906.570,0.52968
6904.641,0.52972
6902.712,0.52958
6900.784,0.52925
6898.855,0.52894
6896.926,0.52874
6894.998,0.52858
6893.069,0.52842
6891.140,0.52824
6889.212,0.52800
6887.283,0.52775
6885.354,0.52749
6883.426,0.52721
6881.497,0.52714
6879.568,0.52727
6877.640,0.52727
6875.711,0.52692
6873.782,0.52656
6871.854,0.52647
6869.925,0.52653
6867.996,0.52652
6866.068,0.52632
6864.139,0.52595
6862.210,0.52561
6860.282,0.52538
6858.353,0.52517
6856.424,0.52492
6854.496,0.52462
6852.567,0.52434
6850.638,0.52419
6848.709,0.52412
6846.781,0.52402
6844.852,0.52388
6842.923,0.52373
6840.995,0.52357
6839.066,0.52336
6837.137,0.52307
6835.209,0.52274
6833.280,0.52249
6831.351,0.52237
6829.423,0.52232
6827.494,0.52217
6825.565,0.52188
6823.637,0.52167
6821.708,0.52163
6819.779,0.52152
6817.851,0.52125
6815.922,0.52096
6813.993,0.52075
6812.065,0.52053
6810.136,0.52025
6808.207,0.51994
6806.279,0.51968
6804.350,0.51951
6802.421,0.51946
6800.493,0.51939
6798.564,0.51919
6796.635,0.51899
6794.707,0.51892
6792.778,0.51881
6790.849,0.51853
6788.921,0.51826
6786.992,0.51821
6785.063,0.51820
6783.135,0.51802
6781.206,0.51774
6779.277,0.51749
6777.349,0.51727
6775.420,0.51710
6773.491,0.51696
6771.563,0.51672
6769.634,0.51640
6767.705,0.51619
6765.777,0.51608
6763.848,0.51599
6761.919,0.51592
6759.991,0.51581
6758.062,0.51565
6756.133,0.51540
6754.205,0.51494
6752.276,0.51448
6750.347,0.51439
6748.419,0.51461
6746.490,0.51469
6744.561,0.51449
6742.633,0.51426
6740.704,0.51416
6738.775,0.51402
6736.847,0.51366
6734.918,0.51321
6732.989,0.51297
6731.061,0.51292
6729.132,0.51280
6727.203,0.51250
6725.275,0.51217
6723.346,0.51200
6721.417,0.51198
6719.489,0.51190
6717.560,0.51168
6715.631,0.51146
6713.703,0.51129
6711.774,0.51109
6709.845,0.51084
6707.917,0.51061
6705.988,0.51040
6704.059,0.51027
6702.131,0.51018
6700.202,0.51002
6698.273,0.50981
6696.345,0.50969
6694.416,0.50961
6692.487,0.50950
6690.558,0.50941
6688.630,0.50931
6686.701,0.50910
6684.772,0.50880
6682.844,0.50850
6680.915,0.50829
6678.986,0.50814
6677.058,0.50811
6675.129,0.50808
6673.200,0.50786
6671.272,0.50749
6669.343,0.50718
6667.414,0.50705
6665.486,0.50694
6663.557,0.50676
6661.628,0.50657
6659.700,0.50636
6657.771,0.50613
6655.842,0.50603
6653.914,0.50595
6651.985,0.50572
6650.056,0.50550
6648.128,0.50538
6646.199,0.50522
6644.270,0.50501
6642.342,0.50482
6640.413,0.50460
6638.484,0.50439
6636.556,0.50435
6634.627,0.50434
6632.698,0.50408
6630.770,0.50365
6628.841,0.50339
6626.912,0.50331
6624.984,0.50325
6623.055,0.50310
6621.126,0.50286
6619.198,0.50273
6617.269,0.50270
6615.340,0.50259
6613.412,0.50240
6611.483,0.50218
6609.554,0.50194
6607.626,0.50173
6605.697,0.50155
6603.768,0.50140
6601.840,0.50120
6599.911,0.50101
6597.982,0.50096
6596.054,0.50098
6594.125,0.50091
6592.196,0.50070
6590.268,0.50043
6588.339,0.50015
6586.410,0.49991
6584.482,0.49967
6582.553,0.49937
6580.624,0.49913
6578.696,0.49905
6576.767,0.49900
6574.838,0.49890
6572.910,0.49873
6570.981,0.49852
6569.052,0.49838
6567.124,0.49824
6565.195,0.49800
6563.266,0.49778
6561.338,0.49763
6559.409,0.49738
6557.480,0.49696
6555.552,0.49658
6553.623,0.49644
6551.694,0.49641
6549.766,0.49635
6547.837,0.49630
6545.908,0.49621
6543.980,0.49603
6542.051,0.49587
6540.122,0.49567
6538.194,0.49540
6536.265,0.49519
6534.336,0.49505
6532.408,0.49489
6530.479,0.49472
6528.550,0.49460
6526.621,0.49444
6524.693,0.49418
6522.764,0.49397
6520.835,0.49384
6518.907,0.49368
6516.978,0.49348
6515.049,0.49332
6513.121,0.49320
6511.192,0.49307
6509.263,0.49289
6507.335,0.49272
6505.406,0.49257
6503.477,0.49243
6501.549,0.49225
6499.620,0.49201
6497.691,0.49177
6495.763,0.49160
6493.834,0.49140
6491.905,0.49114
6489.977,0.49089
6488.048,0.49073
6486.119,0.49059
6484.191,0.49039
6482.262,0.49016
6480.333,0.48996
6478.405,0.48977
6476.476,0.48957
6474.547,0.48942
6472.619,0.48932
6470.690,0.48911
6468.761,0.48882
6466.833,0.48867
6464.904,0.48870
6462.975,0.48865
6461.047,0.48837
6459.118,0.48806
6457.189,0.48794
6455.261,0.48792
6453.332,0.48781
6451.403,0.48752
6449.475,0.48719
6447.546,0.48693
6445.617,0.48674
6443.689,0.48661
6441.760,0.48650
6439.831,0.48633
6437.903,0.48614
6435.974,0.48597
6434.045,0.48580
6432.117,0.48564
6430.188,0.48538
6428.259,0.48507
6426.331,0.48490
6424.402,0.48485
6422.473,0.48475
6420.545,0.48460
6418.616,0.48453
6416.687,0.48450
6414.759,0.48440
6412.830,0.48418
6410.901,0.48389
6408.973,0.48370
6407.044,0.48358
6405.115,0.48335
6403.187,0.48306
6401.258,0.48284
6399.329,0.48270
6397.401,0.48249
6395.472,0.48216
6393.543,0.48179
6391.615,0.48156
6389.686,0.48144
6387.757,0.48132
6385.829,0.48112
6383.900,0.48087
6381.971,0.48067
6380.043,0.48050
6378.114,0.48033
6376.185,0.48016
6374.257,0.48004
6372.328,0.47994
6370.399,0.47978
6368.471,0.47959
6366.542,0.47935
6364.613,0.47908
6362.684,0.47888
6360.756,0.47871
6358.827,0.47852
6356.898,0.47836
6354.970,0.47827
6353.041,0.47823
6351.112,0.47815
6349.184,0.47796
6347.255,0.47769
6345.326,0.47746
6343.398,0.47729
6341.469,0.47711
6339.540,0.47686
6337.612,0.47658
6335.683,0.47637
6333.754,0.47630
6331.826,0.47621
6329.897,0.47596
6327.968,0.47568
6326.040,0.47550
6324.111,0.47536
6322.182,0.47522
6320.254,0.47506
6318.325,0.47495
6316.396,0.47486
6314.468,0.47470
6312.539,0.47448
6310.610,0.47429
6308.682,0.47413
6306.753,0.47392
6304.824,0.47370
6302.896,0.47352
6300.967,0.47339
6299.038,0.47319
6297.110,0.47295
6295.181,0.47285
6293.252,0.47282
6291.324,0.47261
6289.395,0.47228
6287.466,0.47201
6285.538,0.47180
6283.609,0.47163
6281.680,0.47153
6279.752,0.47142
6277.823,0.47125
6275.894,0.47106
6273.966,0.47080
6272.037,0.47051
6270.108,0.47032
6268.180,0.47025
6266.251,0.47019
6264.322,0.47002
6262.394,0.46976
6260.465,0.46952
6258.536,0.46938
6256.608,0.46928
6254.679,0.46909
6252.750,0.46882
6250.822,0.46857
6248.893,0.46837
6246.964,0.46822
6245.036,0.46804
6243.107,0.46779
6241.178,0.46761
6239.250,0.46754
6237.321,0.46744
6235.392,0.46727
6233.464,0.46708
6231.535,0.46689
6229.606,0.46675
6227.678,0.46670
6225.749,0.46668
6223.820,0.46665
6221.892,0.46659
6219.963,0.46659
6218.034,0.46680
6216.106,0.46714
6214.177,0.46752
6212.248,0.46798
6210.320,0.46849
6208.391,0.46884
6206.462,0.46903
6204.533,0.46922
6202.605,0.46943
6200.676,0.46956
6198.747,0.46962
6196.819,0.46968
6194.890,0.46971
6192.961,0.46955
6191.033,0.46922
6189.104,0.46884
6187.175,0.46841
6185.247,0.46790
6183.318,0.46742
6181.389,0.46707
6179.461,0.46680
6177.532,0.46662
6175.603,0.46660
6173.675,0.46662
6171.746,0.46652
6169.817,0.46631
6167.889,0.46612
6165.960,0.46588
6164.031,0.46548
6162.103,0.46498
6160.174,0.46452
6158.245,0.46414
6156.317,0.46379
6154.388,0.46346
6152.459,0.46319
6150.531,0.46296
6148.602,0.46273
6146.673,0.46251
6144.745,0.46232
6142.816,0.46217
6140.887,0.46205
6138.959,0.46191
6137.030,0.46176
6135.101,0.46160
6133.173,0.46143
6131.244,0.46134
6129.315,0.46136
6127.387,0.46138
6125.458,0.46137
6123.529,0.46138
6121.601,0.46139
6119.672,0.46132
6117.743,0.46117
6115.815,0.46102
6113.886,0.46089
6111.957,0.46078
6110.029,0.46068
6108.100,0.46050
6106.171,0.46016
6104.243,0.45968
6102.314,0.45916
6100.385,0.45870
6098.457,0.45834
6096.528,0.45804
6094.599,0.45778
6092.671,0.45750
6090.742,0.45723
6088.813,0.45701
6086.885,0.45678
6084.956,0.45646
6083.027,0.45613
6081.099,0.45589
6079.170,0.45570
6077.241,0.45546
6075.313,0.45518
6073.384,0.45494
6071.455,0.45478
6069.527,0.45463
6067.598,0.45445
6065.669,0.45426
6063.741,0.45408
6061.812,0.45385
6059.883,0.45363
6057.955,0.45345
6056.026,0.45326
6054.097,0.45304
6052.169,0.45287
6050.240,0.45277
6048.311,0.45265
6046.383,0.45248
6044.454,0.45233
6042.525,0.45225
6040.596,0.45218
6038.668,0.45208
6036.739,0.45193
6034.810,0.45171
6032.882,0.45149
6030.953,0.45130
6029.024,0.45109
6027.096,0.45093
6025.167,0.45081
6023.238,0.45067
6021.310,0.45046
6019.381,0.45019
6017.452,0.44991
6015.524,0.44969
6013.595,0.44950
6011.666,0.44929
6009.738,0.44908
6007.809,0.44889
6005.880,0.44871
6003.952,0.44851
6002.023,0.44830
6000.094,0.44807
5998.166,0.44785
5996.237,0.44761
5994.308,0.44734
5992.380,0.44710
5990.451,0.44689
5988.522,0.44675
5986.594,0.44669
5984.665,0.44661
5982.736,0.44646
5980.808,0.44633
5978.879,0.44620
5976.950,0.44603
5975.022,0.44585
5973.093,0.44570
5971.164,0.44550
5969.236,0.44517
5967.307,0.44484
5965.378,0.44467
5963.450,0.44459
5961.521,0.44452
5959.592,0.44443
5957.664,0.44430
5955.735,0.44412
5953.806,0.44391
5951.878,0.44372
5949.949,0.44361
5948.020,0.44351
5946.092,0.44335
5944.163,0.44316
5942.234,0.44306
5940.306,0.44300
5938.377,0.44289
5936.448,0.44275
5934.520,0.44263
5932.591,0.44254
5930.662,0.44248
5928.734,0.44237
5926.805,0.44222
5924.876,0.44209
5922.948,0.44201
5921.019,0.44192
5919.090,0.44187
5917.162,0.44184
5915.233,0.44176
5913.304,0.44158
5911.376,0.44136
5909.447,0.44115
5907.518,0.44094
5905.590,0.44070
5903.661,0.44041
5901.732,0.44011
5899.804,0.43984
5897.875,0.43956
5895.946,0.43929
5894.018,0.43913
5892.089,0.43898
5890.160,0.43881
5888.232,0.43863
5886.303,0.43845
5884.374,0.43826
5882.445,0.43807
5880.517,0.43793
5878.588,0.43790
5876.659,0.43795
5874.731,0.43792
5872.802,0.43775
5870.873,0.43757
5868.945,0.43750
5867.016,0.43751
5865.087,0.43748
5863.159,0.43737
5861.230,0.43725
5859.301,0.43721
5857.373,0.43721
5855.444,0.43720
5853.515,0.43720
5851.587,0.43721
5849.658,0.43720
5847.729,0.43725
5845.801,0.43735
5843.872,0.43740
5841.943,0.43738
5840.015,0.43734
5838.086,0.43727
5836.157,0.43720
5834.229,0.43713
5832.300,0.43695
5830.371,0.43657
5828.443,0.43609
5826.514,0.43562
5824.585,0.43519
5822.657,0.43479
5820.728,0.43441
5818.799,0.43409
5816.871,0.43381
5814.942,0.43353
5813.013,0.43325
5811.085,0.43297
5809.156,0.43271
5807.227,0.43248
5805.299,0.43232
5803.370,0.43216
5801.441,0.43193
5799.513,0.43165
5797.584,0.43138
5795.655,0.43120
5793.727,0.43112
5791.798,0.43105
5789.869,0.43089
5787.941,0.43068
5786.012,0.43045
5784.083,0.43025
5782.155,0.43011
5780.226,0.42998
5778.297,0.42981
5776.369,0.42962
5774.440,0.42945
5772.511,0.42924
5770.583,0.42900
5768.654,0.42878
5766.725,0.42854
5764.797,0.42830
5762.868,0.42812
5760.939,0.42795
5759.011,0.42774
5757.082,0.42747
5755.153,0.42717
5753.225,0.42691
5751.296,0.42678
5749.367,0.42674
5747.439,0.42663
5745.510,0.42640
5743.581,0.42614
5741.653,0.42590
5739.724,0.42566
5737.795,0.42540
5735.867,0.42515
5733.938,0.42488
5732.009,0.42466
5730.081,0.42452
5728.152,0.42439
5726.223,0.42422
5724.295,0.42404
5722.366,0.42387
5720.437,0.42376
5718.508,0.42372
5716.580,0.42368
5714.651,0.42357
5712.722,0.42348
5710.794,0.42350
5708.865,0.42363
5706.936,0.42380
5705.008,0.42396
5703.079,0.42413
5701.150,0.42430
5699.222,0.42436
5697.293,0.42420
5695.364,0.42375
5693.436,0.42308
5691.507,0.42240
5689.578,0.42184
5687.650,0.42137
5685.721,0.42092
5683.792,0.42050
5681.864,0.42016
5679.935,0.41989
5678.006,0.41963
5676.078,0.41938
5674.149,0.41913
5672.220,0.41889
5670.292,0.41866
5668.363,0.41846
5666.434,0.41829
5664.506,0.41811
5662.577,0.41793
5660.648,0.41777
5658.720,0.41758
5656.791,0.41729
5654.862,0.41699
5652.934,0.41674
5651.005,0.41655
5649.076,0.41636
5647.148,0.41619
5645.219,0.41603
5643.290,0.41584
5641.362,0.41560
5639.433,0.41537
5637.504,0.41521
5635.576,0.41507
5633.647,0.41491
5631.718,0.41468
5629.790,0.41439
5627.861,0.41409
5625.932,0.41387
5624.004,0.41367
5622.075,0.41349
5620.146,0.41333
5618.218,0.41318
5616.289,0.41303
5614.360,0.41286
5612.432,0.41264
5610.503,0.41236
5608.574,0.41213
5606.646,0.41202
5604.717,0.41188
5602.788,0.41167
5600.860,0.41148
5598.931,0.41136
5597.002,0.41128
5595.074,0.41116
5593.145,0.41094
5591.216,0.41067
5589.288,0.41041
5587.359,0.41014
5585.430,0.40991
5583.502,0.40974
5581.573,0.40959
5579.644,0.40944
5577.716,0.40928
5575.787,0.40908
5573.858,0.40888
5571.930,0.40873
5570.001,0.40861
5568.072,0.40843
5566.144,0.40823
5564.215,0.40803
5562.286,0.40787
5560.357,0.40772
5558.429,0.40759
5556.500,0.40744
5554.571,0.40725
5552.643,0.40706
5550.714,0.40691
5548.785,0.40671
5546.857,0.40646
5544.928,0.40623
5542.999,0.40606
5541.071,0.40591
5539.142,0.40574
5537.213,0.40558
5535.285,0.40540
5533.356,0.40520
5531.427,0.40500
5529.499,0.40483
5527.570,0.40466
5525.641,0.40451
5523.713,0.40440
5521.784,0.40426
5519.855,0.40407
5517.927,0.40390
5515.998,0.40372
5514.069,0.40346
5512.141,0.40320
5510.212,0.40303
5508.283,0.40291
5506.355,0.40277
5504.426,0.40263
5502.497,0.40250
5500.569,0.40230
5498.640,0.40208
5496.711,0.40190
5494.783,0.40175
5492.854,0.40157
5490.925,0.40137
5488.997,0.40122
5487.068,0.40112
5485.139,0.40098
5483.211,0.40079
5481.282,0.40061
5479.353,0.40047
5477.425,0.40033
5475.496,0.40018
5473.567,0.40003
5471.639,0.39990
5469.710,0.39976
5467.781,0.39955
5465.853,0.39930
5463.924,0.39908
5461.995,0.39890
5460.067,0.39877
5458.138,0.39864
5456.209,0.39843
5454.281,0.39817
5452.352,0.39798
5450.423,0.39791
5448.495,0.39784
5446.566,0.39768
5444.637,0.39746
5442.709,0.39722
5440.780,0.39702
5438.851,0.39688
5436.923,0.39672
5434.994,0.39654
5433.065,0.39642
5431.137,0.39630
5429.208,0.39612
5427.279,0.39589
5425.351,0.39568
5423.422,0.39556
5421.493,0.39548
5419.565,0.39536
5417.636,0.39520
5415.707,0.39503
5413.779,0.39486
5411.850,0.39466
5409.921,0.39443
5407.993,0.39421
5406.064,0.39403
5404.135,0.39387
5402.207,0.39370
5400.278,0.39354
5398.349,0.39339
5396.420,0.39320
5394.492,0.39301
5392.563,0.39287
5390.634,0.39271
5388.706,0.39251
5386.777,0.39229
5384.848,0.39210
5382.920,0.39188
5380.991,0.39165
5379.062,0.39144
5377.134,0.39126
5375.205,0.39109
5373.276,0.39092
5371.348,0.39074
5369.419,0.39056
5367.490,0.39034
5365.562,0.39011
5363.633,0.38994
5361.704,0.38981
5359.776,0.38966
5357.847,0.38951
5355.918,0.38939
5353.990,0.38929
5352.061,0.38916
5350.132,0.38898
5348.204,0.38878
5346.275,0.38860
5344.346,0.38842
5342.418,0.38821
5340.489,0.38802
5338.560,0.38784
5336.632,0.38760
5334.703,0.38738
5332.774,0.38722
5330.846,0.38707
5328.917,0.38689
5326.988,0.38674
5325.060,0.38659
5323.131,0.38640
5321.202,0.38617
5319.274,0.38598
5317.345,0.38584
5315.416,0.38571
5313.488,0.38557
5311.559,0.38540
5309.630,0.38522
5307.702,0.38502
5305.773,0.38481
5303.844,0.38459
5301.916,0.38438
5299.987,0.38422
5298.058,0.38411
5296.130,0.38400
5294.201,0.38387
5292.272,0.38372
5290.344,0.38355
5288.415,0.38334
5286.486,0.38317
5284.558,0.38306
5282.629,0.38295
5280.700,0.38281
5278.772,0.38265
5276.843,0.38243
5274.914,0.38215
5272.986,0.38193
5271.057,0.38183
5269.128,0.38174
5267.200,0.38157
5265.271,0.38136
5263.342,0.38114
5261.414,0.38093
5259.485,0.38074
5257.556,0.38062
5255.628,0.38049
5253.699,0.38032
5251.770,0.38016
5249.842,0.38002
5247.913,0.37985
5245.984,0.37965
5244.056,0.37950
5242.127,0.37937
5240.198,0.37924
5238.269,0.37903
5236.341,0.37877
5234.412,0.37854
5232.483,0.37838
5230.555,0.37823
5228.626,0.37807
5226.697,0.37794
5224.769,0.37781
5222.840,0.37765
5220.911,0.37749
5218.983,0.37731
5217.054,0.37715
5215.125,0.37699
5213.197,0.37677
5211.268,0.37653
5209.339,0.37632
5207.411,0.37615
5205.482,0.37602
5203.553,0.37589
5201.625,0.37573
5199.696,0.37554
5197.767,0.37534
5195.839,0.37517
5193.910,0.37502
5191.981,0.37491
5190.053,0.37480
5188.124,0.37464
5186.195,0.37445
5184.267,0.37426
5182.338,0.37409
5180.409,0.37392
5178.481,0.37379
5176.552,0.37367
5174.623,0.37347
5172.695,0.37321
5170.766,0.37301
5168.837,0.37287
5166.909,0.37275
5164.980,0.37261
5163.051,0.37245
5161.123,0.37226
5159.194,0.37209
5157.265,0.37193
5155.337,0.37175
5153.408,0.37154
5151.479,0.37139
5149.551,0.37126
5147.622,0.37109
5145.693,0.37093
5143.765,0.37078
5141.836,0.37060
5139.907,0.37041
5137.979,0.37024
5136.050,0.37009
5134.121,0.36994
5132.193,0.36976
5130.264,0.36955
5128.335,0.36933
5126.407,0.36914
5124.478,0.36900
5122.549,0.36888
5120.621,0.36872
5118.692,0.36852
5116.763,0.36830
5114.835,0.36812
5112.906,0.36796
5110.977,0.36780
5109.049,0.36763
5107.120,0.36747
5105.191,0.36733
5103.263,0.36716
5101.334,0.36696
5099.405,0.36674
5097.477,0.36654
5095.548,0.36634
5093.619,0.36618
5091.691,0.36604
5089.762,0.36587
5087.833,0.36570
5085.905,0.36557
5083.976,0.36547
5082.047,0.36532
5080.119,0.36511
5078.190,0.36490
5076.261,0.36470
5074.332,0.36452
5072.404,0.36436
5070.475,0.36421
5068.546,0.36405
5066.618,0.36386
5064.689,0.36366
5062.760,0.36345
5060.832,0.36325
5058.903,0.36308
5056.974,0.36297
5055.046,0.36284
5053.117,0.36264
5051.188,0.36244
5049.260,0.36226
5047.331,0.36212
5045.402,0.36197
5043.474,0.36182
5041.545,0.36167
5039.616,0.36150
5037.688,0.36131
5035.759,0.36110
5033.830,0.36088
5031.902,0.36070
5029.973,0.36056
5028.044,0.36038
5026.116,0.36016
5024.187,0.35995
5022.258,0.35974
5020.330,0.35958
5018.401,0.35944
5016.472,0.35928
5014.544,0.35906
5012.615,0.35885
5010.686,0.35868
5008.758,0.35854
5006.829,0.35840
5004.900,0.35824
5002.972,0.35807
5001.043,0.35792
4999.114,0.35777
4997.186,0.35758
4995.257,0.35736
4993.328,0.35716
4991.400,0.35702
4989.471,0.35688
4987.542,0.35670
4985.614,0.35650
4983.685,0.35631
4981.756,0.35616
4979.828,0.35603
4977.899,0.35591
4975.970,0.35576
4974.042,0.35556
4972.113,0.35534
4970.184,0.35514
4968.256,0.35500
4966.327,0.35489
4964.398,0.35478
4962.470,0.35463
4960.541,0.35446
4958.612,0.35426
4956.684,0.35406
4954.755,0.35387
4952.826,0.35370
4950.898,0.35354
4948.969,0.35335
4947.040,0.35314
4945.112,0.35298
4943.183,0.35284
4941.254,0.35269
4939.326,0.35253
4937.397,0.35238
4935.468,0.35222
4933.540,0.35203
4931.611,0.35187
4929.682,0.35175
4927.754,0.35160
4925.825,0.35139
4923.896,0.35118
4921.968,0.35102
4920.039,0.35087
4918.110,0.35070
4916.181,0.35051
4914.253,0.35035
4912.324,0.35021
4910.395,0.35009
4908.467,0.34993
4906.538,0.34972
4904.609,0.34952
4902.681,0.34934
4900.752,0.34917
4898.823,0.34900
4896.895,0.34885
4894.966,0.34869
4893.037,0.34848
4891.109,0.34827
4889.180,0.34811
4887.251,0.34800
4885.323,0.34790
4883.394,0.34778
4881.465,0.34759
4879.537,0.34738
4877.608,0.34720
4875.679,0.34705
4873.751,0.34686
4871.822,0.34665
4869.893,0.34647
4867.965,0.34630
4866.036,0.34613
4864.107,0.34596
4862.179,0.34580
4860.250,0.34564
4858.321,0.34547
4856.393,0.34527
4854.464,0.34506
4852.535,0.34488
4850.607,0.34470
4848.678,0.34452
4846.749,0.34434
4844.821,0.34421
4842.892,0.34411
4840.963,0.34395
4839.035,0.34373
4837.106,0.34352
4835.177,0.34338
4833.249,0.34327
4831.320,0.34313
4829.391,0.34293
4827.463,0.34274
4825.534,0.34260
4823.605,0.34248
4821.677,0.34231
4819.748,0.34211
4817.819,0.34191
4815.891,0.34174
4813.962,0.34158
4812.033,0.34143
4810.105,0.34128
4808.176,0.34112
4806.247,0.34093
4804.319,0.34073
4802.390,0.34054
4800.461,0.34040
4798.533,0.34029
4796.604,0.34016
4794.675,0.33999
4792.747,0.33982
4790.818,0.33966
4788.889,0.33947
4786.961,0.33929
4785.032,0.33911
4783.103,0.33894
4781.175,0.33879
4779.246,0.33864
4777.317,0.33849
4775.389,0.33830
4773.460,0.33809
4771.531,0.33792
4769.603,0.33779
4767.674,0.33766
4765.745,0.33751
4763.817,0.33733
4761.888,0.33709
4759.959,0.33687
4758.031,0.33671
4756.102,0.33659
4754.173,0.33647
4752.244,0.33632
4750.316,0.33615
4748.387,0.33598
4746.458,0.33579
4744.530,0.33560
4742.601,0.33542
4740.672,0.33527
4738.744,0.33511
4736.815,0.33493
4734.886,0.33471
4732.958,0.33449
4731.029,0.33432
4729.100,0.33421
4727.172,0.33409
4725.243,0.33397
4723.314,0.33386
4721.386,0.33372
4719.457,0.33353
4717.528,0.33332
4715.600,0.33314
4713.671,0.33299
4711.742,0.33286
4709.814,0.33271
4707.885,0.33256
4705.956,0.33247
4704.028,0.33240
4702.099,0.33229
4700.170,0.33211
4698.242,0.33192
4696.313,0.33174
4694.384,0.33153
4692.456,0.33134
4690.527,0.33118
4688.598,0.33102
4686.670,0.33086
4684.741,0.33072
4682.812,0.33059
4680.884,0.33041
4678.955,0.33018
4677.026,0.32997
4675.098,0.32979
4673.169,0.32961
4671.240,0.32943
4669.312,0.32928
4667.383,0.32913
4665.454,0.32898
4663.526,0.32885
4661.597,0.32867
4659.668,0.32849
4657.740,0.32838
4655.811,0.32828
4653.882,0.32814
4651.954,0.32798
4650.025,0.32784
4648.096,0.32770
4646.168,0.32757
4644.239,0.32742
4642.310,0.32725
4640.382,0.32707
4638.453,0.32692
4636.524,0.32676
4634.596,0.32657
4632.667,0.32638
4630.738,0.32620
4628.810,0.32603
4626.881,0.32586
4624.952,0.32568
4623.024,0.32552
4621.095,0.32535
4619.166,0.32517
4617.238,0.32499
4615.309,0.32484
4613.380,0.32470
4611.452,0.32457
4609.523,0.32443
4607.594,0.32426
4605.666,0.32409
4603.737,0.32393
4601.808,0.32378
4599.880,0.32363
4597.951,0.32348
4596.022,0.32335
4594.093,0.32322
4592.165,0.32308
4590.236,0.32295
4588.307,0.32281
4586.379,0.32268
4584.450,0.32258
4582.521,0.32250
4580.593,0.32242
4578.664,0.32234
4576.735,0.32225
4574.807,0.32216
4572.878,0.32207
4570.949,0.32195
4569.021,0.32180
4567.092,0.32161
4565.163,0.32140
4563.235,0.32116
4561.306,0.32092
4559.377,0.32071
4557.449,0.32050
4555.520,0.32026
4553.591,0.32005
4551.663,0.31989
4549.734,0.31975
4547.805,0.31958
4545.877,0.31939
4543.948,0.31921
4542.019,0.31903
4540.091,0.31883
4538.162,0.31859
4536.233,0.31838
4534.305,0.31822
4532.376,0.31807
4530.447,0.31792
4528.519,0.31776
4526.590,0.31758
4524.661,0.31742
4522.733,0.31730
4520.804,0.31721
4518.875,0.31711
4516.947,0.31699
4515.018,0.31687
4513.089,0.31676
4511.161,0.31666
4509.232,0.31654
4507.303,0.31640
4505.375,0.31625
4503.446,0.31609
4501.517,0.31590
4499.589,0.31574
4497.660,0.31559
4495.731,0.31544
4493.803,0.31528
4491.874,0.31510
4489.945,0.31491
4488.017,0.31472
4486.088,0.31455
4484.159,0.31440
4482.231,0.31424
4480.302,0.31411
4478.373,0.31399
4476.445,0.31385
4474.516,0.31370
4472.587,0.31358
4470.659,0.31351
4468.730,0.31346
4466.801,0.31340
4464.873,0.31335
4462.944,0.31331
4461.015,0.31332
4459.087,0.31334
4457.158,0.31335
4455.229,0.31332
4453.301,0.31322
4451.372,0.31308
4449.443,0.31289
4447.515,0.31266
4445.586,0.31242
4443.657,0.31217
4441.729,0.31191
4439.800,0.31166
4437.871,0.31143
4435.943,0.31122
4434.014,0.31102
4432.085,0.31082
4430.156,0.31065
4428.228,0.31050
4426.299,0.31031
4424.370,0.31012
4422.442,0.30999
4420.513,0.30983
4418.584,0.30965
4416.656,0.30949
4414.727,0.30934
4412.798,0.30919
4410.870,0.30903
4408.941,0.30887
4407.012,0.30873
4405.084,0.30856
4403.155,0.30838
4401.226,0.30821
4399.298,0.30805
4397.369,0.30790
4395.440,0.30775
4393.512,0.30761
4391.583,0.30752
4389.654,0.30747
4387.726,0.30743
4385.797,0.30740
4383.868,0.30742
4381.940,0.30744
4380.011,0.30739
4378.082,0.30727
4376.154,0.30711
4374.225,0.30690
4372.296,0.30666
4370.368,0.30641
4368.439,0.30617
4366.510,0.30591
4364.582,0.30565
4362.653,0.30543
4360.724,0.30523
4358.796,0.30501
4356.867,0.30480
4354.938,0.30464
4353.010,0.30449
4351.081,0.30436
4349.152,0.30423
4347.224,0.30408
4345.295,0.30393
4343.366,0.30382
4341.438,0.30376
4339.509,0.30373
4337.580,0.30371
4335.652,0.30369
4333.723,0.30362
4331.794,0.30354
4329.866,0.30351
4327.937,0.30355
4326.008,0.30363
4324.080,0.30369
4322.151,0.30357
4320.222,0.30319
4318.294,0.30260
4316.365,0.30201
4314.436,0.30155
4312.508,0.30119
4310.579,0.30093
4308.650,0.30074
4306.722,0.30060
4304.793,0.30051
4302.864,0.30044
4300.936,0.30034
4299.007,0.30023
4297.078,0.30010
4295.150,0.29995
4293.221,0.29979
4291.292,0.29961
4289.364,0.29939
4287.435,0.29916
4285.506,0.29895
4283.578,0.29879
4281.649,0.29865
4279.720,0.29858
4277.792,0.29860
4275.863,0.29866
4273.934,0.29871
4272.005,0.29873
4270.077,0.29868
4268.148,0.29859
4266.219,0.29848
4264.291,0.29833
4262.362,0.29814
4260.433,0.29794
4258.505,0.29782
4256.576,0.29775
4254.647,0.29767
4252.719,0.29754
4250.790,0.29730
4248.861,0.29691
4246.933,0.29645
4245.004,0.29604
4243.075,0.29572
4241.147,0.29548
4239.218,0.29531
4237.289,0.29516
4235.361,0.29503
4233.432,0.29493
4231.503,0.29483
4229.575,0.29469
4227.646,0.29455
4225.717,0.29440
4223.789,0.29423
4221.860,0.29402
4219.931,0.29381
4218.003,0.29359
4216.074,0.29336
4214.145,0.29315
4212.217,0.29298
4210.288,0.29281
4208.359,0.29260
4206.431,0.29240
4204.502,0.29222
4202.573,0.29209
4200.645,0.29199
4198.716,0.29190
4196.787,0.29181
4194.859,0.29172
4192.930,0.29167
4191.001,0.29166
4189.073,0.29167
4187.144,0.29168
4185.215,0.29169
4183.287,0.29165
4181.358,0.29157
4179.429,0.29147
4177.501,0.29133
4175.572,0.29114
4173.643,0.29092
4171.715,0.29066
4169.786,0.29037
4167.857,0.29011
4165.929,0.28988
4164.000,0.28962
4162.071,0.28934
4160.143,0.28907
4158.214,0.28882
4156.285,0.28858
4154.357,0.28836
4152.428,0.28817
4150.499,0.28799
4148.571,0.28781
4146.642,0.28765
4144.713,0.28748
4142.785,0.28731
4140.856,0.28716
4138.927,0.28701
4136.999,0.28683
4135.070,0.28665
4133.141,0.28648
4131.213,0.28628
4129.284,0.28602
4127.355,0.28577
4125.427,0.28555
4123.498,0.28532
4121.569,0.28510
4119.641,0.28493
4117.712,0.28478
4115.783,0.28461
4113.855,0.28446
4111.926,0.28431
4109.997,0.28416
4108.068,0.28401
4106.140,0.28390
4104.211,0.28378
4102.282,0.28364
4100.354,0.28351
4098.425,0.28337
4096.496,0.28319
4094.568,0.28300
4092.639,0.28277
4090.710,0.28250
4088.782,0.28224
4086.853,0.28202
4084.924,0.28182
4082.996,0.28159
4081.067,0.28135
4079.138,0.28115
4077.210,0.28096
4075.281,0.28077
4073.352,0.28060
4071.424,0.28045
4069.495,0.28029
4067.566,0.28013
4065.638,0.28000
4063.709,0.27989
4061.780,0.27979
4059.852,0.27971
4057.923,0.27962
4055.994,0.27954
4054.066,0.27949
4052.137,0.27944
4050.208,0.27937
4048.280,0.27926
4046.351,0.27918
4044.422,0.27911
4042.494,0.27903
4040.565,0.27896
4038.636,0.27888
4036.708,0.27876
4034.779,0.27859
4032.850,0.27837
4030.922,0.27811
4028.993,0.27786
4027.064,0.27767
4025.136,0.27748
4023.207,0.27724
4021.278,0.27696
4019.350,0.27667
4017.421,0.27637
4015.492,0.27611
4013.564,0.27592
4011.635,0.27579
4009.706,0.27568
4007.778,0.27560
4005.849,0.27555
4003.920,0.27554
4001.992,0.27563
4000.063,0.27578
3998.134,0.27586
3996.206,0.27580
3994.277,0.27565
3992.348,0.27543
3990.420,0.27517
3988.491,0.27491
3986.562,0.27468
3984.634,0.27447
3982.705,0.27426
3980.776,0.27409
3978.848,0.27395
3976.919,0.27383
3974.990,0.27374
3973.062,0.27365
3971.133,0.27349
3969.204,0.27325
3967.276,0.27297
3965.347,0.27266
3963.418,0.27233
3961.490,0.27200
3959.561,0.27169
3957.632,0.27140
3955.704,0.27112
3953.775,0.27086
3951.846,0.27062
3949.917,0.27039
3947.989,0.27016
3946.060,0.26994
3944.131,0.26972
3942.203,0.26951
3940.274,0.26931
3938.345,0.26914
3936.417,0.26900
3934.488,0.26888
3932.559,0.26875
3930.631,0.26860
3928.702,0.26844
3926.773,0.26830
3924.845,0.26818
3922.916,0.26804
3920.987,0.26789
3919.059,0.26775
3917.130,0.26757
3915.201,0.26733
3913.273,0.26710
3911.344,0.26691
3909.415,0.26675
3907.487,0.26664
3905.558,0.26654
3903.629,0.26638
3901.701,0.26620
3899.772,0.26603
3897.843,0.26587
3895.915,0.26573
3893.986,0.26567
3892.057,0.26562
3890.129,0.26550
3888.200,0.26536
3886.271,0.26520
3884.343,0.26498
3882.414,0.26477
3880.485,0.26459
3878.557,0.26438
3876.628,0.26420
3874.699,0.26408
3872.771,0.26395
3870.842,0.26376
3868.913,0.26350
3866.985,0.26328
3865.056,0.26313
3863.127,0.26294
3861.199,0.26271
3859.270,0.26253
3857.341,0.26251
3855.413,0.26259
3853.484,0.26251
3851.555,0.26216
3849.627,0.26179
3847.698,0.26157
3845.769,0.26142
3843.841,0.26127
3841.912,0.26114
3839.983,0.26105
3838.055,0.26092
3836.126,0.26069
3834.197,0.26043
3832.269,0.26022
3830.340,0.26002
3828.411,0.25983
3826.483,0.25971
3824.554,0.25964
3822.625,0.25960
3820.697,0.25951
3818.768,0.25937
3816.839,0.25922
3814.911,0.25899
3812.982,0.25871
3811.053,0.25847
3809.125,0.25831
3807.196,0.25820
3805.267,0.25806
3803.339,0.25790
3801.410,0.25772
3799.481,0.25750
3797.553,0.25727
3795.624,0.25704
3793.695,0.25684
3791.767,0.25667
3789.838,0.25649
3787.909,0.25635
3785.980,0.25620
3784.052,0.25601
3782.123,0.25582
3780.194,0.25568
3778.266,0.25553
3776.337,0.25537
3774.408,0.25522
3772.480,0.25507
3770.551,0.25490
3768.622,0.25472
3766.694,0.25453
3764.765,0.25433
3762.836,0.25416
3760.908,0.25402
3758.979,0.25385
3757.050,0.25364
3755.122,0.25350
3753.193,0.25343
3751.264,0.25334
3749.336,0.25317
3747.407,0.25302
3745.478,0.25290
3743.550,0.25262
3741.621,0.25226
3739.692,0.25208
3737.764,0.25203
3735.835,0.25195
3733.906,0.25176
3731.978,0.25149
3730.049,0.25120
3728.120,0.25100
3726.192,0.25086
3724.263,0.25071
3722.334,0.25058
3720.406,0.25044
3718.477,0.25026
3716.548,0.25010
3714.620,0.25002
3712.691,0.24994
3710.762,0.24976
3708.834,0.24955
3706.905,0.24936
3704.976,0.24921
3703.048,0.24908
3701.119,0.24892
3699.190,0.24873
3697.262,0.24856
3695.333,0.24844
3693.404,0.24832
3691.476,0.24819
3689.547,0.24803
3687.618,0.24784
3685.690,0.24762
3683.761,0.24745
3681.832,0.24742
3679.904,0.24744
3677.975,0.24747
3676.046,0.24746
3674.118,0.24737
3672.189,0.24725
3670.260,0.24715
3668.332,0.24702
3666.403,0.24687
3664.474,0.24671
3662.546,0.24661
3660.617,0.24655
3658.688,0.24651
3656.760,0.24647
3654.831,0.24642
3652.902,0.24640
3650.974,0.24642
3649.045,0.24639
3647.116,0.24624
3645.188,0.24606
3643.259,0.24595
3641.330,0.24588
3639.402,0.24580
3637.473,0.24572
3635.544,0.24568
3633.616,0.24566
3631.687,0.24567
3629.758,0.24567
3627.830,0.24554
3625.901,0.24535
3623.972,0.24524
3622.043,0.24524
3620.115,0.24523
3618.186,0.24517
3616.257,0.24514
3614.329,0.24517
3612.400,0.24521
3610.471,0.24527
3608.543,0.24531
3606.614,0.24526
3604.685,0.24516
3602.757,0.24509
3600.828,0.24500
3598.899,0.24487
3596.971,0.24475
3595.042,0.24468
3593.113,0.24460
3591.185,0.24454
3589.256,0.24451
3587.327,0.24442
3585.399,0.24427
3583.470,0.24417
3581.541,0.24414
3579.613,0.24408
3577.684,0.24400
3575.755,0.24396
3573.827,0.24393
3571.898,0.24390
3569.969,0.24390
3568.041,0.24390
3566.112,0.24384
3564.183,0.24377
3562.255,0.24374
3560.326,0.24372
3558.397,0.24366
3556.469,0.24363
3554.540,0.24363
3552.611,0.24360
3550.683,0.24355
3548.754,0.24352
3546.825,0.24346
3544.897,0.24337
3542.968,0.24328
3541.039,0.24321
3539.111,0.24315
3537.182,0.24311
3535.253,0.24306
3533.325,0.24299
3531.396,0.24293
3529.467,0.24287
3527.539,0.24282
3525.610,0.24277
3523.681,0.24272
3521.753,0.24266
3519.824,0.24258
3517.895,0.24248
3515.967,0.24239
3514.038,0.24232
3512.109,0.24225
3510.181,0.24218
3508.252,0.24212
3506.323,0.24206
3504.395,0.24199
3502.466,0.24189
3500.537,0.24178
3498.609,0.24169
3496.680,0.24161
3494.751,0.24155
3492.823,0.24149
3490.894,0.24141
3488.965,0.24132
3487.037,0.24121
3485.108,0.24112
3483.179,0.24106
3481.251,0.24098
3479.322,0.24089
3477.393,0.24081
3475.465,0.24077
3473.536,0.24071
3471.607,0.24064
3469.679,0.24057
3467.750,0.24051
3465.821,0.24045
3463.892,0.24040
3461.964,0.24034
3460.035,0.24026
3458.106,0.24018
3456.178,0.24010
3454.249,0.23998
3452.320,0.23982
3450.392,0.23966
3448.463,0.23953
3446.534,0.23938
3444.606,0.23921
3442.677,0.23904
3440.748,0.23886
3438.820,0.23869
3436.891,0.23851
3434.962,0.23834
3433.034,0.23818
3431.105,0.23803
3429.176,0.23788
3427.248,0.23771
3425.319,0.23754
3423.390,0.23738
3421.462,0.23719
3419.533,0.23699
3417.604,0.23680
3415.676,0.23662
3413.747,0.23643
3411.818,0.23622
3409.890,0.23600
3407.961,0.23576
3406.032,0.23549
3404.104,0.23519
3402.175,0.23487
3400.246,0.23458
3398.318,0.23431
3396.389,0.23404
3394.460,0.23374
3392.532,0.23343
3390.603,0.23313
3388.674,0.23285
3386.746,0.23259
3384.817,0.23235
3382.888,0.23209
3380.960,0.23181
3379.031,0.23152
3377.102,0.23122
3375.174,0.23093
3373.245,0.23064
3371.316,0.23035
3369.388,0.23004
3367.459,0.22972
3365.530,0.22941
3363.602,0.22908
3361.673,0.22875
3359.744,0.22844
3357.816,0.22814
3355.887,0.22786
3353.958,0.22758
3352.030,0.22727
3350.101,0.22693
3348.172,0.22663
3346.244,0.22635
3344.315,0.22608
3342.386,0.22579
3340.458,0.22550
3338.529,0.22520
3336.600,0.22490
3334.672,0.22462
3332.743,0.22435
3330.814,0.22406
3328.886,0.22376
3326.957,0.22348
3325.028,0.22323
3323.100,0.22295
3321.171,0.22267
3319.242,0.22242
3317.314,0.22217
3315.385,0.22192
3313.456,0.22167
3311.528,0.22144
3309.599,0.22120
3307.670,0.22093
3305.742,0.22068
3303.813,0.22046
3301.884,0.22023
3299.955,0.22000
3298.027,0.21978
3296.098,0.21958
3294.169,0.21940
3292.241,0.21921
3290.312,0.21899
3288.383,0.21876
3286.455,0.21854
3284.526,0.21831
3282.597,0.21807
3280.669,0.21783
3278.740,0.21762
3276.811,0.21739
3274.883,0.21715
3272.954,0.21688
3271.025,0.21661
3269.097,0.21634
3267.168,0.21609
3265.239,0.21584
3263.311,0.21556
3261.382,0.21526
3259.453,0.21496
3257.525,0.21467
3255.596,0.21439
3253.667,0.21413
3251.739,0.21385
3249.810,0.21352
3247.881,0.21316
3245.953,0.21276
3244.024,0.21233
3242.095,0.21186
3240.167,0.21141
3238.238,0.21103
3236.309,0.21072
3234.381,0.21049
3232.452,0.21035
3230.523,0.21028
3228.595,0.21023
3226.666,0.21020
3224.737,0.21020
3222.809,0.21019
3220.880,0.21012
3218.951,0.20996
3217.023,0.20969
3215.094,0.20932
3213.165,0.20891
3211.237,0.20855
3209.308,0.20822
3207.379,0.20794
3205.451,0.20772
3203.522,0.20755
3201.593,0.20739
3199.665,0.20722
3197.736,0.20703
3195.807,0.20678
3193.879,0.20649
3191.950,0.20621
3190.021,0.20588
3188.093,0.20551
3186.164,0.20516
3184.235,0.20484
3182.307,0.20451
3180.378,0.20419
3178.449,0.20388
3176.521,0.20361
3174.592,0.20335
3172.663,0.20311
3170.735,0.20289
3168.806,0.20266
3166.877,0.20244
3164.949,0.20225
3163.020,0.20206
3161.091,0.20185
3159.163,0.20167
3157.234,0.20154
3155.305,0.20144
3153.377,0.20135
3151.448,0.20125
3149.519,0.20111
3147.591,0.20087
3145.662,0.20057
3143.733,0.20017
3141.804,0.19966
3139.876,0.19910
3137.947,0.19856
3136.018,0.19804
3134.090,0.19753
3132.161,0.19705
3130.232,0.19657
3128.304,0.19610
3126.375,0.19565
3124.446,0.19525
3122.518,0.19493
3120.589,0.19476
3118.660,0.19491
3116.732,0.19559
3114.803,0.19724
3112.874,0.20081
3110.946,0.20809
3109.017,0.22160
3107.088,0.24309
3105.160,0.27051
3103.231,0.29767
3101.302,0.32002
3099.374,0.33755
3097.445,0.34760
3095.516,0.34418
3093.588,0.32988
3091.659,0.31597
3089.730,0.30983
3087.802,0.31053
3085.873,0.31233
3083.944,0.30974
3082.016,0.30158
3080.087,0.29065
3078.158,0.28028
3076.230,0.27239
3074.301,0.26765
3072.372,0.26589
3070.444,0.26633
3068.515,0.26820
3066.586,0.27127
3064.658,0.27584
3062.729,0.28209
3060.800,0.28954
3058.872,0.29648
3056.943,0.30019
3055.014,0.29861
3053.086,0.29184
3051.157,0.28172
3049.228,0.27046
3047.300,0.25978
3045.371,0.25062
3043.442,0.24320
3041.514,0.23743
3039.585,0.23305
3037.656,0.22977
3035.728,0.22731
3033.799,0.22554
3031.870,0.22442
3029.942,0.22397
3028.013,0.22427
3026.084,0.22542
3024.156,0.22729
3022.227,0.22963
3020.298,0.23212
3018.370,0.23434
3016.441,0.23581
3014.512,0.23631
3012.584,0.23587
3010.655,0.23454
3008.726,0.23243
3006.798,0.22984
3004.869,0.22720
3002.940,0.22481
3001.012,0.22283
2999.083,0.22127
2997.154,0.22003
2995.226,0.21901
2993.297,0.21819
2991.368,0.21755
2989.440,0.21709
2987.511,0.21683
2985.582,0.21680
2983.654,0.21697
2981.725,0.21735
2979.796,0.21798
2977.867,0.21892
2975.939,0.22018
2974.010,0.22184
2972.081,0.22396
2970.153,0.22652
2968.224,0.22951
2966.295,0.23303
2964.367,0.23723
2962.438,0.24220
2960.509,0.24763
2958.581,0.25254
2956.652,0.25529
2954.723,0.25444
2952.795,0.25008
2950.866,0.24413
2948.937,0.23897
2947.009,0.23585
2945.080,0.23484
2943.151,0.23552
2941.223,0.23757
2939.294,0.24080
2937.365,0.24507
2935.437,0.25036
2933.508,0.25673
2931.579,0.26424
2929.651,0.27303
2927.722,0.28343
2925.793,0.29591
2923.865,0.31065
2921.936,0.32695
2920.007,0.34227
2918.079,0.35104
2916.150,0.34656
2914.221,0.32870
2912.293,0.30640
2910.364,0.28819
2908.435,0.27616
2906.507,0.26875
2904.578,0.26426
2902.649,0.26157
2900.721,0.25991
2898.792,0.25880
2896.863,0.25794
2894.935,0.25716
2893.006,0.25636
2891.077,0.25544
2889.149,0.25439
2887.220,0.25324
2885.291,0.25202
2883.363,0.25082
2881.434,0.24974
2879.505,0.24878
2877.577,0.24777
2875.648,0.24638
2873.719,0.24420
2871.791,0.24115
2869.862,0.23773
2867.933,0.23491
2866.005,0.23347
2864.076,0.23380
2862.147,0.23588
2860.219,0.23963
2858.290,0.24532
2856.361,0.25420
2854.433,0.26849
2852.504,0.28861
2850.575,0.30713
2848.647,0.30973
2846.718,0.29245
2844.789,0.26809
2842.861,0.24849
2840.932,0.23563
2839.003,0.22728
2837.075,0.22152
2835.146,0.21740
2833.217,0.21448
2831.289,0.21250
2829.360,0.21117
2827.431,0.21012
2825.503,0.20898
2823.574,0.20754
2821.645,0.20584
2819.716,0.20404
2817.788,0.20224
2815.859,0.20052
2813.930,0.19889
2812.002,0.19735
2810.073,0.19590
2808.144,0.19452
2806.216,0.19319
2804.287,0.19195
2802.358,0.19085
2800.430,0.18991
2798.501,0.18910
2796.572,0.18841
2794.644,0.18787
2792.715,0.18746
2790.786,0.18716
2788.858,0.18688
2786.929,0.18653
2785.000,0.18605
2783.072,0.18552
2781.143,0.18506
2779.214,0.18479
2777.286,0.18472
2775.357,0.18467
2773.428,0.18448
2771.500,0.18405
2769.571,0.18344
2767.642,0.18275
2765.714,0.18207
2763.785,0.18143
2761.856,0.18092
2759.928,0.18060
2757.999,0.18045
2756.070,0.18037
2754.142,0.18030
2752.213,0.18020
2750.284,0.18004
2748.356,0.17978
2746.427,0.17947
2744.498,0.17918
2742.570,0.17890
2740.641,0.17861
2738.712,0.17829
2736.784,0.17794
2734.855,0.17762
2732.926,0.17735
2730.998,0.17711
2729.069,0.17685
2727.140,0.17662
2725.212,0.17643
2723.283,0.17624
2721.354,0.17608
2719.426,0.17598
2717.497,0.17594
2715.568,0.17595
2713.640,0.17604
2711.711,0.17617
2709.782,0.17633
2707.854,0.17649
2705.925,0.17664
2703.996,0.17669
2702.068,0.17648
2700.139,0.17593
2698.210,0.17503
2696.282,0.17389
2694.353,0.17271
2692.424,0.17165
2690.496,0.17073
2688.567,0.16994
2686.638,0.16930
2684.710,0.16879
2682.781,0.16839
2680.852,0.16811
2678.924,0.16793
2676.995,0.16779
2675.066,0.16765
2673.138,0.16751
2671.209,0.16737
2669.280,0.16723
2667.352,0.16711
2665.423,0.16702
2663.494,0.16689
2661.566,0.16672
2659.637,0.16656
2657.708,0.16636
2655.779,0.16610
2653.851,0.16581
2651.922,0.16559
2649.993,0.16541
2648.065,0.16529
2646.136,0.16527
2644.207,0.16530
2642.279,0.16529
2640.350,0.16529
2638.421,0.16530
2636.493,0.16525
2634.564,0.16512
2632.635,0.16493
2630.707,0.16464
2628.778,0.16423
2626.849,0.16379
2624.921,0.16341
2622.992,0.16308
2621.063,0.16285
2619.135,0.16277
2617.206,0.16280
2615.277,0.16286
2613.349,0.16286
2611.420,0.16271
2609.491,0.16235
2607.563,0.16188
2605.634,0.16141
2603.705,0.16094
2601.777,0.16052
2599.848,0.16023
2597.919,0.16011
2595.991,0.16006
2594.062,0.16006
2592.133,0.16008
2590.205,0.16002
2588.276,0.15989
2586.347,0.15982
2584.419,0.15989
2582.490,0.16007
2580.561,0.16032
2578.633,0.16059
2576.704,0.16076
2574.775,0.16082
2572.847,0.16077
2570.918,0.16063
2568.989,0.16042
2567.061,0.16025
2565.132,0.16017
2563.203,0.16009
2561.275,0.15993
2559.346,0.15975
2557.417,0.15948
2555.489,0.15906
2553.560,0.15853
2551.631,0.15793
2549.703,0.15724
2547.774,0.15655
2545.845,0.15599
2543.917,0.15555
2541.988,0.15519
2540.059,0.15494
2538.131,0.15481
2536.202,0.15476
2534.273,0.15479
2532.345,0.15496
2530.416,0.15516
2528.487,0.15535
2526.559,0.15555
2524.630,0.15567
2522.701,0.15553
2520.773,0.15509
2518.844,0.15442
2516.915,0.15366
2514.987,0.15292
2513.058,0.15231
2511.129,0.15180
2509.201,0.15131
2507.272,0.15089
2505.343,0.15056
2503.415,0.15025
2501.486,0.14997
2499.557,0.14980
2497.628,0.14971
2495.700,0.14965
2493.771,0.14967
2491.842,0.14978
2489.914,0.14988
2487.985,0.14997
2486.056,0.15009
2484.128,0.15019
2482.199,0.15018
2480.270,0.15014
2478.342,0.15010
2476.413,0.14999
2474.484,0.14984
2472.556,0.14974
2470.627,0.14964
2468.698,0.14946
2466.770,0.14929
2464.841,0.14918
2462.912,0.14910
2460.984,0.14906
2459.055,0.14908
2457.126,0.14908
2455.198,0.14905
2453.269,0.14904
2451.340,0.14904
2449.412,0.14903
2447.483,0.14904
2445.554,0.14913
2443.626,0.14920
2441.697,0.14921
2439.768,0.14915
2437.840,0.14895
2435.911,0.14853
2433.982,0.14797
2432.054,0.14742
2430.125,0.14692
2428.196,0.14658
2426.268,0.14641
2424.339,0.14627
2422.410,0.14605
2420.482,0.14585
2418.553,0.14572
2416.624,0.14562
2414.696,0.14556
2412.767,0.14558
2410.838,0.14557
2408.910,0.14549
2406.981,0.14546
2405.052,0.14561
2403.124,0.14591
2401.195,0.14609
2399.266,0.14576
2397.338,0.14487
2395.409,0.14381
2393.480,0.14295
2391.552,0.14236
2389.623,0.14195
2387.694,0.14166
2385.766,0.14146
2383.837,0.14127
2381.908,0.14113
2379.980,0.14110
2378.051,0.14112
2376.122,0.14113
2374.194,0.14114
2372.265,0.14117
2370.336,0.14116
2368.408,0.14104
2366.479,0.14078
2364.550,0.14040
2362.622,0.14003
2360.693,0.13976
2358.764,0.13958
2356.836,0.13941
2354.907,0.13921
2352.978,0.13892
2351.050,0.13852
2349.121,0.13808
2347.192,0.13771
2345.264,0.13745
2343.335,0.13730
2341.406,0.13728
2339.478,0.13729
2337.549,0.13719
2335.620,0.13695
2333.691,0.13663
2331.763,0.13626
2329.834,0.13588
2327.905,0.13554
2325.977,0.13523
2324.048,0.13494
2322.119,0.13471
2320.191,0.13450
2318.262,0.13428
2316.333,0.13406
2314.405,0.13386
2312.476,0.13374
2310.547,0.13371
2308.619,0.13381
2306.690,0.13403
2304.761,0.13433
2302.833,0.13467
2300.904,0.13501
2298.975,0.13529
2297.047,0.13548
2295.118,0.13564
2293.189,0.13575
2291.261,0.13572
2289.332,0.13545
2287.403,0.13492
2285.475,0.13420
2283.546,0.13345
2281.617,0.13278
2279.689,0.13222
2277.760,0.13174
2275.831,0.13133
2273.903,0.13100
2271.974,0.13072
2270.045,0.13049
2268.117,0.13031
2266.188,0.13018
2264.259,0.13006
2262.331,0.12993
2260.402,0.12978
2258.473,0.12959
2256.545,0.12932
2254.616,0.12895
2252.687,0.12852
2250.759,0.12811
2248.830,0.12779
2246.901,0.12754
2244.973,0.12727
2243.044,0.12696
2241.115,0.12661
2239.187,0.12623
2237.258,0.12586
2235.329,0.12550
2233.401,0.12516
2231.472,0.12482
2229.543,0.12450
2227.615,0.12421
2225.686,0.12391
2223.757,0.12361
2221.829,0.12332
2219.900,0.12307
2217.971,0.12284
2216.043,0.12262
2214.114,0.12243
2212.185,0.12223
2210.257,0.12204
2208.328,0.12186
2206.399,0.12170
2204.471,0.12152
2202.542,0.12134
2200.613,0.12118
2198.685,0.12101
2196.756,0.12080
2194.827,0.12053
2192.899,0.12024
2190.970,0.11995
2189.041,0.11969
2187.113,0.11946
2185.184,0.11922
2183.255,0.11901
2181.327,0.11890
2179.398,0.11891
2177.469,0.11900
2175.540,0.11904
2173.612,0.11891
2171.683,0.11854
2169.754,0.11803
2167.826,0.11758
2165.897,0.11725
2163.968,0.11695
2162.040,0.11669
2160.111,0.11649
2158.182,0.11631
2156.254,0.11615
2154.325,0.11606
2152.396,0.11603
2150.468,0.11595
2148.539,0.11580
2146.610,0.11559
2144.682,0.11529
2142.753,0.11496
2140.824,0.11469
2138.896,0.11444
2136.967,0.11418
2135.038,0.11396
2133.110,0.11381
2131.181,0.11367
2129.252,0.11358
2127.324,0.11359
2125.395,0.11365
2123.466,0.11370
2121.538,0.11375
2119.609,0.11379
2117.680,0.11376
2115.752,0.11368
2113.823,0.11361
2111.894,0.11351
2109.966,0.11333
2108.037,0.11311
2106.108,0.11281
2104.180,0.11238
2102.251,0.11192
2100.322,0.11156
2098.394,0.11125
2096.465,0.11089
2094.536,0.11059
2092.608,0.11037
2090.679,0.11015
2088.750,0.10996
2086.822,0.10983
2084.893,0.10967
2082.964,0.10948
2081.036,0.10932
2079.107,0.10911
2077.178,0.10879
2075.250,0.10846
2073.321,0.10817
2071.392,0.10786
2069.464,0.10756
2067.535,0.10737
2065.606,0.10716
2063.678,0.10683
2061.749,0.10651
2059.820,0.10624
2057.892,0.10593
2055.963,0.10560
2054.034,0.10537
2052.106,0.10519
2050.177,0.10501
2048.248,0.10486
2046.320,0.10469
2044.391,0.10443
2042.462,0.10414
2040.534,0.10393
2038.605,0.10369
2036.676,0.10340
2034.748,0.10320
2032.819,0.10308
2030.890,0.10292
2028.962,0.10279
2027.033,0.10277
2025.104,0.10271
2023.176,0.10256
2021.247,0.10243
2019.318,0.10227
2017.390,0.10198
2015.461,0.10167
2013.532,0.10144
2011.603,0.10118
2009.675,0.10096
2007.746,0.10094
2005.817,0.10100
2003.889,0.10100
2001.960,0.10096
2000.031,0.10077
1998.103,0.10032
1996.174,0.09976
1994.245,0.09932
1992.317,0.09889
1990.388,0.09841
1988.459,0.09802
1986.531,0.09773
1984.602,0.09740
1982.673,0.09709
1980.745,0.09689
1978.816,0.09669
1976.887,0.09645
1974.959,0.09629
1973.030,0.09612
1971.101,0.09585
1969.173,0.09556
1967.244,0.09534
1965.315,0.09505
1963.387,0.09469
1961.458,0.09440
1959.529,0.09413
1957.601,0.09379
1955.672,0.09352
1953.743,0.09337
1951.815,0.09316
1949.886,0.09291
1947.957,0.09276
1946.029,0.09265
1944.100,0.09247
1942.171,0.09230
1940.243,0.09211
1938.314,0.09182
1936.385,0.09152
1934.457,0.09132
1932.528,0.09109
1930.599,0.09078
1928.671,0.09051
1926.742,0.09028
1924.813,0.08998
1922.885,0.08969
1920.956,0.08952
1919.027,0.08935
1917.099,0.08912
1915.170,0.08894
1913.241,0.08880
1911.313,0.08861
1909.384,0.08843
1907.455,0.08829
1905.527,0.08806
1903.598,0.08779
1901.669,0.08759
1899.741,0.08739
1897.812,0.08710
1895.883,0.08685
1893.955,0.08667
1892.026,0.08644
1890.097,0.08621
1888.169,0.08607
1886.240,0.08592
1884.311,0.08573
1882.383,0.08558
1880.454,0.08548
1878.525,0.08529
1876.597,0.08506
1874.668,0.08486
1872.739,0.08461
1870.811,0.08433
1868.882,0.08412
1866.953,0.08396
1865.025,0.08378
1863.096,0.08366
1861.167,0.08366
1859.239,0.08371
1857.310,0.08383
1855.381,0.08421
1853.452,0.08493
1851.524,0.08619
1849.595,0.08854
1847.666,0.09249
1845.738,0.09733
1843.809,0.10044
1841.880,0.09960
1839.952,0.09566
1838.023,0.09145
1836.094,0.08867
1834.166,0.08724
1832.237,0.08654
1830.308,0.08631
1828.380,0.08650
1826.451,0.08691
1824.522,0.08743
1822.594,0.08827
1820.665,0.08940
1818.736,0.09043
1816.808,0.09134
1814.879,0.09244
1812.950,0.09367
1811.022,0.09455
1809.093,0.09396
1807.164,0.09118
1805.236,0.08725
1803.307,0.08384
1801.378,0.08151
1799.450,0.07995
1797.521,0.07883
1795.592,0.07801
1793.664,0.07736
1791.735,0.07673
1789.806,0.07609
1787.878,0.07555
1785.949,0.07508
1784.020,0.07464
1782.092,0.07422
1780.163,0.07387
1778.234,0.07355
1776.306,0.07330
1774.377,0.07316
1772.448,0.07303
1770.520,0.07286
1768.591,0.07267
1766.662,0.07253
1764.734,0.07244
1762.805,0.07237
1760.876,0.07229
1758.948,0.07223
1757.019,0.07219
1755.090,0.07221
1753.162,0.07236
1751.233,0.07258
1749.304,0.07276
1747.376,0.07297
1745.447,0.07326
1743.518,0.07361
1741.590,0.07404
1739.661,0.07452
1737.732,0.07501
1735.804,0.07554
1733.875,0.07604
1731.946,0.07635
1730.018,0.07644
1728.089,0.07643
1726.160,0.07644
1724.232,0.07651
1722.303,0.07670
1720.374,0.07709
1718.446,0.07758
1716.517,0.07804
1714.588,0.07856
1712.660,0.07916
1710.731,0.07972
1708.802,0.08017
1706.874,0.08049
1704.945,0.08069
1703.016,0.08089
1701.088,0.08124
1699.159,0.08166
1697.230,0.08207
1695.302,0.08251
1693.373,0.08309
1691.444,0.08383
1689.515,0.08475
1687.587,0.08593
1685.658,0.08734
1683.729,0.08878
1681.801,0.09026
1679.872,0.09195
1677.943,0.09377
1676.015,0.09557
1674.086,0.09737
1672.157,0.09936
1670.229,0.10173
1668.300,0.10460
1666.371,0.10797
1664.443,0.11172
1662.514,0.11561
1660.585,0.11922
1658.657,0.12204
1656.728,0.12421
1654.799,0.12653
1652.871,0.12947
1650.942,0.13298
1649.013,0.13694
1647.085,0.14100
1645.156,0.14461
1643.227,0.14752
1641.299,0.15001
1639.370,0.15291
1637.441,0.15727
1635.513,0.16378
1633.584,0.17255
1631.655,0.18316
1629.727,0.19507
1627.798,0.20825
1625.869,0.22474
1623.941,0.24935
1622.012,0.28639
1620.083,0.32970
1618.155,0.35523
1616.226,0.34151
1614.297,0.30264
1612.369,0.27097
1610.440,0.26323
1608.511,0.27767
1606.583,0.30357
1604.654,0.32689
1602.725,0.33290
1600.797,0.31352
1598.868,0.27723
1596.939,0.24190
1595.011,0.21813
1593.082,0.20642
1591.153,0.20381
1589.225,0.20769
1587.296,0.21564
1585.367,0.22545
1583.439,0.23602
1581.510,0.24761
1579.581,0.26075
1577.653,0.27564
1575.724,0.29219
1573.795,0.31036
1571.867,0.33036
1569.938,0.35250
1568.009,0.37678
1566.081,0.40314
1564.152,0.43201
1562.223,0.46476
1560.295,0.50394
1558.366,0.55279
1556.437,0.61410
1554.509,0.68839
1552.580,0.77116
1550.651,0.85272
1548.723,0.92741
1546.794,1.00156
1544.865,1.08098
1542.937,1.15458
1541.008,1.20247
1539.079,1.21559
1537.151,1.19741
1535.222,1.15378
1533.293,1.09100
1531.364,1.01725
1529.436,0.93898
1527.507,0.86005
1525.578,0.78496
1523.650,0.71833
1521.721,0.66214
1519.792,0.61594
1517.864,0.57811
1515.935,0.54677
1514.006,0.52055
1512.078,0.49856
1510.149,0.47965
1508.220,0.46181
1506.292,0.44326
1504.363,0.42389
1502.434,0.40460
1500.506,0.38602
1498.577,0.36849
1496.648,0.35227
1494.720,0.33739
1492.791,0.32398
1490.862,0.31225
1488.934,0.30204
1487.005,0.29281
1485.076,0.28413
1483.148,0.27607
1481.219,0.26904
1479.290,0.26391
1477.362,0.26256
1475.433,0.26571
1473.504,0.26862
1471.576,0.26737
1469.647,0.26753
1467.718,0.27454
1465.790,0.28421
1463.861,0.28710
1461.932,0.27626
1460.004,0.25510
1458.075,0.23400
1456.146,0.21849
1454.218,0.20804
1452.289,0.20107
1450.360,0.19626
1448.432,0.19266
1446.503,0.19079
1444.574,0.19269
1442.646,0.20087
1440.717,0.21640
1438.788,0.23417
1436.860,0.24177
1434.931,0.23163
1433.002,0.21080
1431.074,0.19042
1429.145,0.17518
1427.216,0.16516
1425.288,0.15941
1423.359,0.15697
1421.430,0.15742
1419.502,0.16154
1417.573,0.17103
1415.644,0.18801
1413.716,0.21426
1411.787,0.24920
1409.858,0.28792
1407.930,0.32127
1406.001,0.33869
1404.072,0.33426
1402.144,0.31195
1400.215,0.28212
1398.286,0.25330
1396.358,0.22948
1394.429,0.21201
1392.500,0.20121
1390.572,0.19651
1388.643,0.19719
1386.714,0.20457
1384.786,0.22261
1382.857,0.24966
1380.928,0.26961
1379.000,0.27024
1377.071,0.26499
1375.142,0.27207
1373.214,0.29547
1371.285,0.33278
1369.356,0.38302
1367.427,0.44744
1365.499,0.52842
1363.570,0.62667
1361.641,0.73895
1359.713,0.85964
1357.784,0.98233
1355.855,1.09111
1353.927,1.15017
1351.998,1.12955
1350.069,1.04603
1348.141,0.93967
1346.212,0.83663
1344.283,0.74736
1342.355,0.67445
1340.426,0.61678
1338.497,0.57106
1336.569,0.53310
1334.640,0.49949
1332.711,0.46873
1330.783,0.44060
1328.854,0.41531
1326.925,0.39320
1324.997,0.37423
1323.068,0.35779
1321.139,0.34340
1319.211,0.33100
1317.282,0.32017
1315.353,0.31015
1313.425,0.30080
1311.496,0.29282
1309.567,0.28761
1307.639,0.28608
1305.710,0.28581
1303.781,0.28247
1301.853,0.27568
1299.924,0.26875
1297.995,0.26361
1296.067,0.26005
1294.138,0.25760
1292.209,0.25553
1290.281,0.25273
1288.352,0.24878
1286.423,0.24402
1284.495,0.23852
1282.566,0.23245
1280.637,0.22682
1278.709,0.22247
1276.780,0.21933
1274.851,0.21699
1272.923,0.21505
1270.994,0.21282
1269.065,0.21011
1267.137,0.20764
1265.208,0.20588
1263.279,0.20422
1261.351,0.20200
1259.422,0.19919
1257.493,0.19590
1255.565,0.19236
1253.636,0.18908
1251.707,0.18624
1249.779,0.18365
1247.850,0.18134
1245.921,0.17950
1243.993,0.17803
1242.064,0.17685
1240.135,0.17606
1238.207,0.17557
1236.278,0.17500
1234.349,0.17418
1232.421,0.17299
1230.492,0.17117
1228.563,0.16890
1226.635,0.16666
1224.706,0.16456
1222.777,0.16247
1220.849,0.16059
1218.920,0.15924
1216.991,0.15912
1215.063,0.16196
1213.134,0.16944
1211.205,0.18025
1209.277,0.18931
1207.348,0.19275
1205.419,0.19131
1203.490,0.18685
1201.562,0.18055
1199.633,0.17399
1197.704,0.16839
1195.776,0.16400
1193.847,0.16063
1191.918,0.15778
1189.990,0.15505
1188.061,0.15242
1186.132,0.14995
1184.204,0.14772
1182.275,0.14614
1180.346,0.14610
1178.418,0.14930
1176.489,0.15884
1174.560,0.17701
1172.632,0.19988
1170.703,0.21453
1168.774,0.21048
1166.846,0.19391
1164.917,0.17788
1162.988,0.16727
1161.060,0.16035
1159.131,0.15515
1157.202,0.15098
1155.274,0.14777
1153.345,0.14529
1151.416,0.14327
1149.488,0.14170
1147.559,0.14041
1145.630,0.13901
1143.702,0.13741
1141.773,0.13584
1139.844,0.13432
1137.916,0.13283
1135.987,0.13151
1134.058,0.13036
1132.130,0.12926
1130.201,0.12825
1128.272,0.12738
1126.344,0.12640
1124.415,0.12525
1122.486,0.12414
1120.558,0.12305
1118.629,0.12191
1116.700,0.12085
1114.772,0.11984
1112.843,0.11868
1110.914,0.11745
1108.986,0.11632
1107.057,0.11525
1105.128,0.11429
1103.200,0.11376
1101.271,0.11383
1099.342,0.11496
1097.414,0.11891
1095.485,0.12923
1093.556,0.15007
1091.628,0.18127
1089.699,0.21466
1087.770,0.23876
1085.842,0.24555
1083.913,0.23403
1081.984,0.21212
1080.056,0.19029
1078.127,0.17364
1076.198,0.16227
1074.270,0.15450
1072.341,0.14871
1070.412,0.14399
1068.484,0.13976
1066.555,0.13583
1064.626,0.13248
1062.698,0.12982
1060.769,0.12753
1058.840,0.12550
1056.912,0.12381
1054.983,0.12224
1053.054,0.12066
1051.126,0.11932
1049.197,0.11825
1047.268,0.11713
1045.339,0.11606
1043.411,0.11526
1041.482,0.11456
1039.553,0.11395
1037.625,0.11369
1035.696,0.11372
1033.767,0.11406
1031.839,0.11594
1029.910,0.12122
1027.981,0.12864
1026.053,0.13249
1024.124,0.12925
1022.195,0.12242
1020.267,0.11665
1018.338,0.11305
1016.409,0.11074
1014.481,0.10885
1012.552,0.10731
1010.623,0.10623
1008.695,0.10530
1006.766,0.10442
1004.837,0.10375
1002.909,0.10307
1000.980,0.10207
999.051,0.10101
997.123,0.10007
995.194,0.09904
993.265,0.09803
991.337,0.09728
989.408,0.09655
987.479,0.09569
985.551,0.09498
983.622,0.09443
981.693,0.09370
979.765,0.09298
977.836,0.09245
975.907,0.09183
973.979,0.09107
972.050,0.09053
970.121,0.09009
968.193,0.08944
966.264,0.08885
964.335,0.08840
962.407,0.08780
960.478,0.08710
958.549,0.08658
956.621,0.08600
954.692,0.08529
952.763,0.08484
950.835,0.08469
948.906,0.08498
946.977,0.08730
945.049,0.09583
943.120,0.11639
941.191,0.14788
939.263,0.17223
937.334,0.16915
935.405,0.14526
933.477,0.12162
931.548,0.10735
929.619,0.10346
927.691,0.11238
925.762,0.12819
923.833,0.13226
921.905,0.12161
919.976,0.11862
918.047,0.14022
916.119,0.18176
914.190,0.22870
912.261,0.27730
910.333,0.32976
908.404,0.37046
906.475,0.36591
904.547,0.31047
902.618,0.24465
900.689,0.19857
898.761,0.17166
896.832,0.15485
894.903,0.14329
892.975,0.13526
891.046,0.12929
889.117,0.12433
887.189,0.12022
885.260,0.11678
883.331,0.11374
881.402,0.11118
879.474,0.10921
877.545,0.10740
875.616,0.10576
873.688,0.10463
871.759,0.10361
869.830,0.10229
867.902,0.10090
865.973,0.09969
864.044,0.09839
862.116,0.09723
860.187,0.09660
858.258,0.09613
856.330,0.09553
854.401,0.09503
852.472,0.09455
850.544,0.09375
848.615,0.09281
846.686,0.09184
844.758,0.09057
842.829,0.08919
840.900,0.08815
838.972,0.08727
837.043,0.08627
835.114,0.08547
833.186,0.08483
831.257,0.08401
829.328,0.08417
827.400,0.08644
825.471,0.08865
823.542,0.08759
821.614,0.08418
819.685,0.08121
817.756,0.07937
815.828,0.07829
813.899,0.07765
811.970,0.07696
810.042,0.07617
808.113,0.07567
806.184,0.07534
804.256,0.07506
802.327,0.07564
800.398,0.07908
798.470,0.09286
796.541,0.13340
794.612,0.20123
792.684,0.24220
790.755,0.21114
788.826,0.15643
786.898,0.12090
784.969,0.10230
783.040,0.09182
781.112,0.08565
779.183,0.08157
777.254,0.07928
775.326,0.08112
773.397,0.09004
771.468,0.10370
769.540,0.11345
767.611,0.11239
765.682,0.10344
763.754,0.09930
761.825,0.10662
759.896,0.11261
757.968,0.10413
756.039,0.08848
754.110,0.07708
752.182,0.07171
750.253,0.07089
748.324,0.07436
746.396,0.08304
744.467,0.10031
742.538,0.13233
740.610,0.18713
738.681,0.26553
736.752,0.34367
734.824,0.37718
732.895,0.35083
730.966,0.29751
729.038,0.25315
727.109,0.23563
725.180,0.25604
723.251,0.32391
721.323,0.42485
719.394,0.49732
717.465,0.49126
715.537,0.43006
713.608,0.35578
711.679,0.30098
709.751,0.28125
707.822,0.29228
705.893,0.31558
703.965,0.32299
702.036,0.29915
700.107,0.25915
698.179,0.22358
696.250,0.19819
694.321,0.18055
692.393,0.16813
690.464,0.15901
688.535,0.15175
686.607,0.14585
684.678,0.14118
682.749,0.13712
680.821,0.13336
678.892,0.13020
676.963,0.12747
675.035,0.12500
673.106,0.12322
671.177,0.12237
669.249,0.12230
667.320,0.12352
665.391,0.12626
663.463,0.12870
661.534,0.12872
659.605,0.12618
657.677,0.12227
655.748,0.11822
653.819,0.11540
651.891,0.11450
649.962,0.11561
648.033,0.12012
646.105,0.13081
644.176,0.14976
642.247,0.17522
640.319,0.19846
638.390,0.20717
636.461,0.19805
634.533,0.17999
632.604,0.16221
630.675,0.14783
628.747,0.13707
626.818,0.12959
624.889,0.12398
622.961,0.11923
621.032,0.11566
619.103,0.11298
617.175,0.11040
615.246,0.10822
613.317,0.10671
611.389,0.10512
609.460,0.10344
607.531,0.10229
605.603,0.10122
603.674,0.09984
601.745,0.09892
599.817,0.09842
597.888,0.09754
595.959,0.09668
594.031,0.09631
592.102,0.09578
590.173,0.09522
588.245,0.09557
586.316,0.09665
584.387,0.09845
582.459,0.10194
580.530,0.10588
578.601,0.10708
576.673,0.10518
574.744,0.10241
572.815,0.10015
570.887,0.09964
568.958,0.10182
567.029,0.10479
565.101,0.10550
563.172,0.10373
561.243,0.10082
559.314,0.09752
557.386,0.09486
555.457,0.09338
553.528,0.09209
551.600,0.09073
549.671,0.09005
547.742,0.08949
545.814,0.08845
543.885,0.08786
541.956,0.08768
540.028,0.08695
538.099,0.08627
536.170,0.08621
534.242,0.08575
532.313,0.08484
530.384,0.08448
528.456,0.08431
526.527,0.08382
524.598,0.08369
522.670,0.08383
520.741,0.08356
518.812,0.08361
516.884,0.08460
514.955,0.08599
513.026,0.08819
511.098,0.09263
509.169,0.09916
507.240,0.10599
505.312,0.11123
503.383,0.11328
501.454,0.11199
499.526,0.10919
497.597,0.10606
495.668,0.10253
493.740,0.09918
491.811,0.09671
489.882,0.09476
487.954,0.09316
486.025,0.09233
484.096,0.09202
482.168,0.09180
480.239,0.09171
478.310,0.09182
476.382,0.09209
474.453,0.09298
472.524,0.09497
470.596,0.09810
468.667,0.10340
466.738,0.11221
464.810,0.12310
462.881,0.13171
460.952,0.13407
459.024,0.12977
457.095,0.12220
455.166,0.11539
453.238,0.11063
451.309,0.10680
449.380,0.10326
447.452,0.10033
445.523,0.09797
443.594,0.09601
441.666,0.09466
439.737,0.09363
437.808,0.09256
435.880,0.09159
433.951,0.09088
432.022,0.09040
430.094,0.09027
428.165,0.09066
426.236,0.09152
424.308,0.09288
422.379,0.09505
420.450,0.09792
418.522,0.10048
416.593,0.10202
414.664,0.10390
412.736,0.10868
410.807,0.11684
408.878,0.12787
406.950,0.14310
405.021,0.16359
403.092,0.19026
401.163,0.22375
399.235,0.26400
