7600.891,0.58636
7598.962,0.58620
7597.034,0.58602
7595.105,0.58597
7593.176,0.58599
7591.248,0.58608
7589.319,0.58612
7587.390,0.58594
7585.462,0.58557
7583.533,0.58521
7581.604,0.58498
7579.676,0.58478
7577.747,0.58442
7575.818,0.58400
7573.890,0.58387
7571.961,0.58393
7570.032,0.58387
7568.104,0.58363
7566.175,0.58348
7564.246,0.58364
7562.318,0.58358
7560.389,0.58308
7558.460,0.58280
7556.532,0.58299
7554.603,0.58307
7552.674,0.58270
7550.746,0.58226
7548.817,0.58195
7546.888,0.58171
7544.960,0.58160
7543.031,0.58169
7541.102,0.58184
7539.174,0.58189
7537.245,0.58169
7535.316,0.58117
7533.388,0.58068
7531.459,0.58041
7529.530,0.58015
7527.602,0.57988
7525.673,0.57979
7523.744,0.57969
7521.816,0.57944
7519.887,0.57933
7517.958,0.57930
7516.030,0.57922
7514.101,0.57914
7512.172,0.57888
7510.244,0.57844
7508.315,0.57809
7506.386,0.57783
7504.458,0.57761
7502.529,0.57767
7500.600,0.57790
7498.672,0.57773
7496.743,0.57715
7494.814,0.57662
7492.885,0.57635
7490.957,0.57623
7489.028,0.57618
7487.099,0.57608
7485.171,0.57584
7483.242,0.57556
7481.313,0.57526
7479.385,0.57499
7477.456,0.57510
7475.527,0.57545
7473.599,0.57544
7471.670,0.57503
7469.741,0.57450
7467.813,0.57414
7465.884,0.57409
7463.955,0.57417
7462.027,0.57421
7460.098,0.57405
7458.169,0.57354
7456.241,0.57305
7454.312,0.57283
7452.383,0.57278
7450.455,0.57296
7448.526,0.57313
7446.597,0.57288
7444.669,0.57243
7442.740,0.57220
7440.811,0.57200
7438.883,0.57161
7436.954,0.57122
7435.025,0.57117
7433.097,0.57123
7431.168,0.57101
7429.239,0.57066
7427.311,0.57033
7425.382,0.57018
7423.453,0.57020
7421.525,0.57006
7419.596,0.56975
7417.667,0.56959
7415.739,0.56971
7413.810,0.56987
7411.881,0.56996
7409.953,0.57002
7408.024,0.57010
7406.095,0.56996
7404.167,0.56945
7402.238,0.56882
7400.309,0.56839
7398.381,0.56830
7396.452,0.56833
7394.523,0.56808
7392.595,0.56775
7390.666,0.56763
7388.737,0.56747
7386.809,0.56721
7384.880,0.56707
7382.951,0.56708
7381.023,0.56705
7379.094,0.56681
7377.165,0.56641
7375.237,0.56610
7373.308,0.56603
7371.379,0.56609
7369.451,0.56605
7367.522,0.56590
7365.593,0.56568
7363.665,0.56528
7361.736,0.56476
7359.807,0.56444
7357.879,0.56445
7355.950,0.56459
7354.021,0.56459
7352.093,0.56434
7350.164,0.56400
7348.235,0.56379
7346.307,0.56359
7344.378,0.56334
7342.449,0.56317
7340.521,0.56296
7338.592,0.56267
7336.663,0.56258
7334.734,0.56266
7332.806,0.56261
7330.877,0.56235
7328.948,0.56191
7327.020,0.56155
7325.091,0.56137
7323.162,0.56108
7321.234,0.56071
7319.305,0.56061
7317.376,0.56060
7315.448,0.56042
7313.519,0.56015
7311.590,0.55983
7309.662,0.55960
7307.733,0.55964
7305.804,0.55978
7303.876,0.55978
7301.947,0.55958
7300.018,0.55919
7298.090,0.55872
7296.161,0.55841
7294.232,0.55852
7292.304,0.55893
7290.375,0.55911
7288.446,0.55894
7286.518,0.55870
7284.589,0.55838
7282.660,0.55796
7280.732,0.55763
7278.803,0.55729
7276.874,0.55679
7274.946,0.55650
7273.017,0.55648
7271.088,0.55634
7269.160,0.55604
7267.231,0.55590
7265.302,0.55587
7263.374,0.55568
7261.445,0.55545
7259.516,0.55552
7257.588,0.55579
7255.659,0.55589
7253.730,0.55558
7251.802,0.55514
7249.873,0.55490
7247.944,0.55471
7246.016,0.55450
7244.087,0.55432
7242.158,0.55415
7240.230,0.55418
7238.301,0.55429
7236.372,0.55412
7234.444,0.55386
7232.515,0.55366
7230.586,0.55332
7228.658,0.55292
7226.729,0.55266
7224.800,0.55251
7222.872,0.55241
7220.943,0.55237
7219.014,0.55235
7217.086,0.55224
7215.157,0.55201
7213.228,0.55178
7211.300,0.55166
7209.371,0.55160
7207.442,0.55148
7205.514,0.55122
7203.585,0.55077
7201.656,0.55024
7199.728,0.54989
7197.799,0.54982
7195.870,0.54980
7193.942,0.54978
7192.013,0.54982
7190.084,0.54973
7188.156,0.54944
7186.227,0.54928
7184.298,0.54924
7182.370,0.54908
7180.441,0.54888
7178.512,0.54886
7176.584,0.54892
7174.655,0.54887
7172.726,0.54871
7170.797,0.54853
7168.869,0.54826
7166.940,0.54786
7165.011,0.54751
7163.083,0.54741
7161.154,0.54748
7159.225,0.54751
7157.297,0.54725
7155.368,0.54681
7153.439,0.54654
7151.511,0.54646
7149.582,0.54634
7147.653,0.54613
7145.725,0.54602
7143.796,0.54595
7141.867,0.54579
7139.939,0.54560
7138.010,0.54535
7136.081,0.54499
7134.153,0.54477
7132.224,0.54475
7130.295,0.54470
7128.367,0.54463
7126.438,0.54468
7124.509,0.54459
7122.581,0.54414
7120.652,0.54366
7118.723,0.54346
7116.795,0.54338
7114.866,0.54320
7112.937,0.54302
7111.009,0.54297
7109.080,0.54295
7107.151,0.54282
7105.223,0.54276
7103.294,0.54278
7101.365,0.54253
7099.437,0.54201
7097.508,0.54162
7095.579,0.54157
7093.651,0.54168
7091.722,0.54157
7089.793,0.54114
7087.865,0.54072
7085.936,0.54060
7084.007,0.54070
7082.079,0.54082
7080.150,0.54083
7078.221,0.54063
7076.293,0.54022
7074.364,0.53987
7072.435,0.53969
7070.507,0.53955
7068.578,0.53959
7066.649,0.53971
7064.721,0.53956
7062.792,0.53913
7060.863,0.53869
7058.935,0.53841
7057.006,0.53839
7055.077,0.53846
7053.149,0.53838
7051.220,0.53815
7049.291,0.53790
7047.363,0.53775
7045.434,0.53780
7043.505,0.53785
7041.577,0.53762
7039.648,0.53729
7037.719,0.53717
7035.791,0.53717
7033.862,0.53706
7031.933,0.53693
7030.005,0.53685
7028.076,0.53671
7026.147,0.53659
7024.219,0.53650
7022.290,0.53621
7020.361,0.53581
7018.433,0.53555
7016.504,0.53539
7014.575,0.53535
7012.646,0.53537
7010.718,0.53526
7008.789,0.53496
7006.860,0.53458
7004.932,0.53430
7003.003,0.53418
7001.074,0.53411
6999.146,0.53387
6997.217,0.53355
6995.288,0.53346
6993.360,0.53355
6991.431,0.53347
6989.502,0.53319
6987.574,0.53294
6985.645,0.53276
6983.716,0.53263
6981.788,0.53259
6979.859,0.53245
6977.930,0.53210
6976.002,0.53180
6974.073,0.53174
6972.144,0.53185
6970.216,0.53185
6968.287,0.53166
6966.358,0.53146
6964.430,0.53126
6962.501,0.53097
6960.572,0.53070
6958.644,0.53050
6956.715,0.53023
6954.786,0.52996
6952.858,0.52983
6950.929,0.52974
6949.000,0.52969
6947.072,0.52968
6945.143,0.52948
6943.214,0.52915
6941.286,0.52891
6939.357,0.52877
6937.428,0.52866
6935.500,0.52857
6933.571,0.52842
6931.642,0.52824
6929.714,0.52812
6927.785,0.52810
6925.856,0.52803
6923.928,0.52775
6921.999,0.52742
6920.070,0.52718
6918.142,0.52712
6916.213,0.52718
6914.284,0.52713
6912.356,0.52681
6910.427,0.52631
6908.498,0.52594
6906.570,0.52579
6904.641,0.52565
6902.712,0.52543
6900.784,0.52524
6898.855,0.52513
6896.926,0.52504
6894.998,0.52486
6893.069,0.52456
6891.140,0.52431
6889.212,0.52415
6887.283,0.52398
6885.354,0.52383
6883.426,0.52373
6881.497,0.52370
6879.568,0.52367
6877.640,0.52353
6875.711,0.52332
6873.782,0.52316
6871.854,0.52303
6869.925,0.52285
6867.996,0.52264
6866.068,0.52237
6864.139,0.52212
6862.210,0.52190
6860.282,0.52162
6858.353,0.52136
6856.424,0.52123
6854.496,0.52124
6852.567,0.52130
6850.638,0.52118
6848.709,0.52086
6846.781,0.52053
6844.852,0.52029
6842.923,0.52012
6840.995,0.51999
6839.066,0.51980
6837.137,0.51961
6835.209,0.51954
6833.280,0.51934
6831.351,0.51892
6829.423,0.51853
6827.494,0.51827
6825.565,0.51808
6823.637,0.51797
6821.708,0.51790
6819.779,0.51781
6817.851,0.51765
6815.922,0.51745
6813.993,0.51731
6812.065,0.51718
6810.136,0.51691
6808.207,0.51660
6806.279,0.51636
6804.350,0.51615
6802.421,0.51594
6800.493,0.51574
6798.564,0.51556
6796.635,0.51540
6794.707,0.51527
6792.778,0.51522
6790.849,0.51517
6788.921,0.51501
6786.992,0.51468
6785.063,0.51428
6783.135,0.51398
6781.206,0.51376
6779.277,0.51357
6777.349,0.51345
6775.420,0.51337
6773.491,0.51324
6771.563,0.51308
6769.634,0.51300
6767.705,0.51293
6765.777,0.51273
6763.848,0.51247
6761.919,0.51224
6759.991,0.51204
6758.062,0.51193
6756.133,0.51186
6754.205,0.51164
6752.276,0.51125
6750.347,0.51096
6748.419,0.51087
6746.490,0.51082
6744.561,0.51065
6742.633,0.51042
6740.704,0.51018
6738.775,0.50996
6736.847,0.50982
6734.918,0.50964
6732.989,0.50941
6731.061,0.50932
6729.132,0.50938
6727.203,0.50933
6725.275,0.50905
6723.346,0.50868
6721.417,0.50837
6719.489,0.50814
6717.560,0.50802
6715.631,0.50794
6713.703,0.50780
6711.774,0.50762
6709.845,0.50752
6707.917,0.50742
6705.988,0.50722
6704.059,0.50700
6702.131,0.50684
6700.202,0.50669
6698.273,0.50642
6696.345,0.50615
6694.416,0.50601
6692.487,0.50596
6690.558,0.50583
6688.630,0.50564
6686.701,0.50538
6684.772,0.50507
6682.844,0.50494
6680.915,0.50489
6678.986,0.50467
6677.058,0.50446
6675.129,0.50435
6673.200,0.50420
6671.272,0.50397
6669.343,0.50374
6667.414,0.50355
6665.486,0.50332
6663.557,0.50304
6661.628,0.50280
6659.700,0.50263
6657.771,0.50253
6655.842,0.50251
6653.914,0.50243
6651.985,0.50221
6650.056,0.50200
6648.128,0.50187
6646.199,0.50177
6644.270,0.50157
6642.342,0.50122
6640.413,0.50084
6638.484,0.50061
6636.556,0.50059
6634.627,0.50065
6632.698,0.50052
6630.770,0.50025
6628.841,0.50012
6626.912,0.50005
6624.984,0.49979
6623.055,0.49946
6621.126,0.49930
6619.198,0.49923
6617.269,0.49909
6615.340,0.49894
6613.412,0.49883
6611.483,0.49864
6609.554,0.49836
6607.626,0.49809
6605.697,0.49789
6603.768,0.49773
6601.840,0.49753
6599.911,0.49736
6597.982,0.49731
6596.054,0.49717
6594.125,0.49688
6592.196,0.49661
6590.268,0.49644
6588.339,0.49637
6586.410,0.49630
6584.482,0.49611
6582.553,0.49586
6580.624,0.49564
6578.696,0.49548
6576.767,0.49529
6574.838,0.49507
6572.910,0.49491
6570.981,0.49474
6569.052,0.49450
6567.124,0.49430
6565.195,0.49422
6563.266,0.49422
6561.338,0.49411
6559.409,0.49391
6557.480,0.49369
6555.552,0.49340
6553.623,0.49304
6551.694,0.49280
6549.766,0.49267
6547.837,0.49257
6545.908,0.49246
6543.980,0.49230
6542.051,0.49213
6540.122,0.49201
6538.194,0.49191
6536.265,0.49176
6534.336,0.49152
6532.408,0.49127
6530.479,0.49112
6528.550,0.49106
6526.621,0.49093
6524.693,0.49073
6522.764,0.49062
6520.835,0.49057
6518.907,0.49043
6516.978,0.49018
6515.049,0.48993
6513.121,0.48968
6511.192,0.48944
6509.263,0.48923
6507.335,0.48903
6505.406,0.48888
6503.477,0.48878
6501.549,0.48867
6499.620,0.48847
6497.691,0.48822
6495.763,0.48795
6493.834,0.48775
6491.905,0.48761
6489.977,0.48741
6488.048,0.48714
6486.119,0.48695
6484.191,0.48689
6482.262,0.48686
6480.333,0.48677
6478.405,0.48658
6476.476,0.48635
6474.547,0.48613
6472.619,0.48594
6470.690,0.48575
6468.761,0.48553
6466.833,0.48528
6464.904,0.48511
6462.975,0.48503
6461.047,0.48490
6459.118,0.48468
6457.189,0.48450
6455.261,0.48440
6453.332,0.48427
6451.403,0.48407
6449.475,0.48380
6447.546,0.48352
6445.617,0.48326
6443.689,0.48306
6441.760,0.48291
6439.831,0.48281
6437.903,0.48270
6435.974,0.48247
6434.045,0.48215
6432.117,0.48187
6430.188,0.48169
6428.259,0.48153
6426.331,0.48129
6424.402,0.48115
6422.473,0.48113
6420.545,0.48103
6418.616,0.48078
6416.687,0.48054
6414.759,0.48036
6412.830,0.48025
6410.901,0.48014
6408.973,0.47997
6407.044,0.47976
6405.115,0.47948
6403.187,0.47917
6401.258,0.47897
6399.329,0.47892
6397.401,0.47893
6395.472,0.47886
6393.543,0.47861
6391.615,0.47832
6389.686,0.47813
6387.757,0.47801
6385.829,0.47788
6383.900,0.47763
6381.971,0.47733
6380.043,0.47711
6378.114,0.47694
6376.185,0.47678
6374.257,0.47660
6372.328,0.47645
6370.399,0.47637
6368.471,0.47623
6366.542,0.47592
6364.613,0.47556
6362.684,0.47538
6360.756,0.47537
6358.827,0.47527
6356.898,0.47503
6354.970,0.47480
6353.041,0.47462
6351.112,0.47445
6349.184,0.47425
6347.255,0.47405
6345.326,0.47392
6343.398,0.47387
6341.469,0.47382
6339.540,0.47366
6337.612,0.47342
6335.683,0.47315
6333.754,0.47286
6331.826,0.47258
6329.897,0.47237
6327.968,0.47224
6326.040,0.47215
6324.111,0.47205
6322.182,0.47189
6320.254,0.47173
6318.325,0.47163
6316.396,0.47149
6314.468,0.47123
6312.539,0.47095
6310.610,0.47080
6308.682,0.47067
6306.753,0.47044
6304.824,0.47024
6302.896,0.47012
6300.967,0.46990
6299.038,0.46962
6297.110,0.46941
6295.181,0.46928
6293.252,0.46917
6291.324,0.46904
6289.395,0.46882
6287.466,0.46854
6285.538,0.46829
6283.609,0.46809
6281.680,0.46795
6279.752,0.46786
6277.823,0.46778
6275.894,0.46761
6273.966,0.46736
6272.037,0.46720
6270.108,0.46718
6268.180,0.46712
6266.251,0.46691
6264.322,0.46662
6262.394,0.46636
6260.465,0.46616
6258.536,0.46596
6256.608,0.46575
6254.679,0.46558
6252.750,0.46541
6250.822,0.46522
6248.893,0.46504
6246.964,0.46490
6245.036,0.46473
6243.107,0.46449
6241.178,0.46430
6239.250,0.46417
6237.321,0.46401
6235.392,0.46387
6233.464,0.46376
6231.535,0.46359
6229.606,0.46340
6227.678,0.46328
6225.749,0.46325
6223.820,0.46327
6221.892,0.46335
6219.963,0.46346
6218.034,0.46354
6216.106,0.46365
6214.177,0.46394
6212.248,0.46438
6210.320,0.46484
6208.391,0.46529
6206.462,0.46563
6204.533,0.46581
6202.605,0.46593
6200.676,0.46600
6198.747,0.46610
6196.819,0.46630
6194.890,0.46644
6192.961,0.46631
6191.033,0.46593
6189.104,0.46541
6187.175,0.46482
6185.247,0.46423
6183.318,0.46375
6181.389,0.46352
6179.461,0.46338
6177.532,0.46320
6175.603,0.46311
6173.675,0.46311
6171.746,0.46304
6169.817,0.46284
6167.889,0.46257
6165.960,0.46225
6164.031,0.46185
6162.103,0.46148
6160.174,0.46116
6158.245,0.46081
6156.317,0.46044
6154.388,0.46017
6152.459,0.45991
6150.531,0.45961
6148.602,0.45934
6146.673,0.45909
6144.745,0.45881
6142.816,0.45859
6140.887,0.45853
6138.959,0.45852
6137.030,0.45842
6135.101,0.45828
6133.173,0.45814
6131.244,0.45800
6129.315,0.45790
6127.387,0.45784
6125.458,0.45781
6123.529,0.45784
6121.601,0.45788
6119.672,0.45785
6117.743,0.45775
6115.815,0.45762
6113.886,0.45747
6111.957,0.45726
6110.029,0.45697
6108.100,0.45668
6106.171,0.45643
6104.243,0.45619
6102.314,0.45588
6100.385,0.45543
6098.457,0.45493
6096.528,0.45451
6094.599,0.45421
6092.671,0.45399
6090.742,0.45375
6088.813,0.45346
6086.885,0.45315
6084.956,0.45285
6083.027,0.45257
6081.099,0.45235
6079.170,0.45218
6077.241,0.45198
6075.313,0.45174
6073.384,0.45151
6071.455,0.45135
6069.527,0.45123
6067.598,0.45102
6065.669,0.45075
6063.741,0.45056
6061.812,0.45043
6059.883,0.45027
6057.955,0.45006
6056.026,0.44985
6054.097,0.44970
6052.169,0.44953
6050.240,0.44931
6048.311,0.44915
6046.383,0.44910
6044.454,0.44899
6042.525,0.44883
6040.596,0.44876
6038.668,0.44873
6036.739,0.44859
6034.810,0.44839
6032.882,0.44822
6030.953,0.44808
6029.024,0.44791
6027.096,0.44774
6025.167,0.44759
6023.238,0.44738
6021.310,0.44707
6019.381,0.44676
6017.452,0.44653
6015.524,0.44635
6013.595,0.44614
6011.666,0.44589
6009.738,0.44562
6007.809,0.44537
6005.880,0.44517
6003.952,0.44500
6002.023,0.44482
6000.094,0.44463
5998.166,0.44447
5996.237,0.44430
5994.308,0.44408
5992.380,0.44384
5990.451,0.44366
5988.522,0.44352
5986.594,0.44341
5984.665,0.44327
5982.736,0.44312
5980.808,0.44303
5978.879,0.44294
5976.950,0.44278
5975.022,0.44256
5973.093,0.44238
5971.164,0.44221
5969.236,0.44199
5967.307,0.44178
5965.378,0.44160
5963.450,0.44147
5961.521,0.44137
5959.592,0.44123
5957.664,0.44103
5955.735,0.44083
5953.806,0.44062
5951.878,0.44038
5949.949,0.44020
5948.020,0.44013
5946.092,0.44008
5944.163,0.43995
5942.234,0.43973
5940.306,0.43952
5938.377,0.43940
5936.448,0.43935
5934.520,0.43929
5932.591,0.43916
5930.662,0.43906
5928.734,0.43901
5926.805,0.43893
5924.876,0.43881
5922.948,0.43868
5921.019,0.43860
5919.090,0.43861
5917.162,0.43860
5915.233,0.43849
5913.304,0.43831
5911.376,0.43812
5909.447,0.43790
5907.518,0.43764
5905.590,0.43733
5903.661,0.43700
5901.732,0.43670
5899.804,0.43645
5897.875,0.43624
5895.946,0.43607
5894.018,0.43590
5892.089,0.43572
5890.160,0.43553
5888.232,0.43533
5886.303,0.43517
5884.374,0.43505
5882.445,0.43493
5880.517,0.43480
5878.588,0.43469
5876.659,0.43458
5874.731,0.43450
5872.802,0.43444
5870.873,0.43439
5868.945,0.43436
5867.016,0.43433
5865.087,0.43425
5863.159,0.43411
5861.230,0.43396
5859.301,0.43387
5857.373,0.43383
5855.444,0.43383
5853.515,0.43386
5851.587,0.43390
5849.658,0.43397
5847.729,0.43406
5845.801,0.43408
5843.872,0.43407
5841.943,0.43410
5840.015,0.43411
5838.086,0.43405
5836.157,0.43397
5834.229,0.43388
5832.300,0.43367
5830.371,0.43327
5828.443,0.43274
5826.514,0.43218
5824.585,0.43172
5822.657,0.43140
5820.728,0.43114
5818.799,0.43084
5816.871,0.43051
5814.942,0.43017
5813.013,0.42984
5811.085,0.42958
5809.156,0.42937
5807.227,0.42920
5805.299,0.42904
5803.370,0.42885
5801.441,0.42860
5799.513,0.42832
5797.584,0.42810
5795.655,0.42795
5793.727,0.42783
5791.798,0.42770
5789.869,0.42752
5787.941,0.42734
5786.012,0.42717
5784.083,0.42701
5782.155,0.42684
5780.226,0.42666
5778.297,0.42648
5776.369,0.42630
5774.440,0.42608
5772.511,0.42587
5770.583,0.42569
5768.654,0.42544
5766.725,0.42518
5764.797,0.42497
5762.868,0.42476
5760.939,0.42455
5759.011,0.42439
5757.082,0.42426
5755.153,0.42411
5753.225,0.42389
5751.296,0.42364
5749.367,0.42343
5747.439,0.42325
5745.510,0.42302
5743.581,0.42272
5741.653,0.42243
5739.724,0.42220
5737.795,0.42203
5735.867,0.42183
5733.938,0.42159
5732.009,0.42139
5730.081,0.42128
5728.152,0.42116
5726.223,0.42101
5724.295,0.42087
5722.366,0.42073
5720.437,0.42060
5718.508,0.42047
5716.580,0.42035
5714.651,0.42026
5712.722,0.42020
5710.794,0.42022
5708.865,0.42029
5706.936,0.42038
5705.008,0.42052
5703.079,0.42072
5701.150,0.42089
5699.222,0.42095
5697.293,0.42080
5695.364,0.42035
5693.436,0.41969
5691.507,0.41899
5689.578,0.41839
5687.650,0.41793
5685.721,0.41759
5683.792,0.41727
5681.864,0.41694
5679.935,0.41665
5678.006,0.41638
5676.078,0.41606
5674.149,0.41578
5672.220,0.41562
5670.292,0.41550
5668.363,0.41530
5666.434,0.41507
5664.506,0.41483
5662.577,0.41460
5660.648,0.41440
5658.720,0.41422
5656.791,0.41400
5654.862,0.41378
5652.934,0.41358
5651.005,0.41337
5649.076,0.41316
5647.148,0.41296
5645.219,0.41278
5643.290,0.41261
5641.362,0.41243
5639.433,0.41219
5637.504,0.41192
5635.576,0.41168
5633.647,0.41149
5631.718,0.41128
5629.790,0.41103
5627.861,0.41081
5625.932,0.41064
5624.004,0.41049
5622.075,0.41031
5620.146,0.41012
5618.218,0.40994
5616.289,0.40977
5614.360,0.40956
5612.432,0.40929
5610.503,0.40902
5608.574,0.40887
5606.646,0.40878
5604.717,0.40865
5602.788,0.40842
5600.860,0.40814
5598.931,0.40794
5597.002,0.40785
5595.074,0.40775
5593.145,0.40753
5591.216,0.40726
5589.288,0.40703
5587.359,0.40685
5585.430,0.40668
5583.502,0.40650
5581.573,0.40636
5579.644,0.40622
5577.716,0.40601
5575.787,0.40577
5573.858,0.40559
5571.930,0.40546
5570.001,0.40532
5568.072,0.40516
5566.144,0.40500
5564.215,0.40484
5562.286,0.40468
5560.357,0.40453
5558.429,0.40440
5556.500,0.40422
5554.571,0.40399
5552.643,0.40379
5550.714,0.40360
5548.785,0.40343
5546.857,0.40327
5544.928,0.40312
5542.999,0.40296
5541.071,0.40275
5539.142,0.40249
5537.213,0.40222
5535.285,0.40201
5533.356,0.40188
5531.427,0.40178
5529.499,0.40158
5527.570,0.40131
5525.641,0.40113
5523.713,0.40110
5521.784,0.40108
5519.855,0.40098
5517.927,0.40078
5515.998,0.40052
5514.069,0.40024
5512.141,0.40004
5510.212,0.39989
5508.283,0.39973
5506.355,0.39954
5504.426,0.39939
5502.497,0.39929
5500.569,0.39919
5498.640,0.39900
5496.711,0.39875
5494.783,0.39854
5492.854,0.39838
5490.925,0.39825
5488.997,0.39813
5487.068,0.39797
5485.139,0.39779
5483.211,0.39761
5481.282,0.39745
5479.353,0.39730
5477.425,0.39714
5475.496,0.39696
5473.567,0.39678
5471.639,0.39659
5469.710,0.39639
5467.781,0.39618
5465.853,0.39598
5463.924,0.39581
5461.995,0.39564
5460.067,0.39544
5458.138,0.39529
5456.209,0.39517
5454.281,0.39501
5452.352,0.39480
5450.423,0.39460
5448.495,0.39442
5446.566,0.39428
5444.637,0.39414
5442.709,0.39402
5440.780,0.39390
5438.851,0.39375
5436.923,0.39354
5434.994,0.39332
5433.065,0.39313
5431.137,0.39296
5429.208,0.39281
5427.279,0.39266
5425.351,0.39255
5423.422,0.39241
5421.493,0.39219
5419.565,0.39201
5417.636,0.39191
5415.707,0.39179
5413.779,0.39159
5411.850,0.39141
5409.921,0.39125
5407.993,0.39106
5406.064,0.39087
5404.135,0.39071
5402.207,0.39056
5400.278,0.39037
5398.349,0.39016
5396.420,0.39000
5394.492,0.38987
5392.563,0.38968
5390.634,0.38945
5388.706,0.38926
5386.777,0.38909
5384.848,0.38888
5382.920,0.38866
5380.991,0.38847
5379.062,0.38832
5377.134,0.38814
5375.205,0.38793
5373.276,0.38774
5371.348,0.38757
5369.419,0.38738
5367.490,0.38717
5365.562,0.38696
5363.633,0.38677
5361.704,0.38660
5359.776,0.38642
5357.847,0.38627
5355.918,0.38614
5353.990,0.38603
5352.061,0.38592
5350.132,0.38573
5348.204,0.38548
5346.275,0.38526
5344.346,0.38513
5342.418,0.38499
5340.489,0.38482
5338.560,0.38462
5336.632,0.38443
5334.703,0.38425
5332.774,0.38412
5330.846,0.38398
5328.917,0.38379
5326.988,0.38362
5325.060,0.38348
5323.131,0.38332
5321.202,0.38310
5319.274,0.38288
5317.345,0.38271
5315.416,0.38255
5313.488,0.38235
5311.559,0.38216
5309.630,0.38198
5307.702,0.38181
5305.773,0.38167
5303.844,0.38155
5301.916,0.38141
5299.987,0.38123
5298.058,0.38104
5296.130,0.38087
5294.201,0.38070
5292.272,0.38052
5290.344,0.38032
5288.415,0.38014
5286.486,0.37999
5284.558,0.37987
5282.629,0.37974
5280.700,0.37955
5278.772,0.37932
5276.843,0.37908
5274.914,0.37890
5272.986,0.37878
5271.057,0.37869
5269.128,0.37857
5267.200,0.37840
5265.271,0.37820
5263.342,0.37799
5261.414,0.37783
5259.485,0.37767
5257.556,0.37746
5255.628,0.37724
5253.699,0.37708
5251.770,0.37693
5249.842,0.37673
5247.913,0.37655
5245.984,0.37640
5244.056,0.37623
5242.127,0.37606
5240.198,0.37589
5238.269,0.37569
5236.341,0.37550
5234.412,0.37535
5232.483,0.37523
5230.555,0.37509
5228.626,0.37493
5226.697,0.37477
5224.769,0.37462
5222.840,0.37446
5220.911,0.37426
5218.983,0.37405
5217.054,0.37386
5215.125,0.37366
5213.197,0.37348
5211.268,0.37330
5209.339,0.37310
5207.411,0.37291
5205.482,0.37277
5203.553,0.37264
5201.625,0.37249
5199.696,0.37231
5197.767,0.37215
5195.839,0.37202
5193.910,0.37188
5191.981,0.37171
5190.053,0.37153
5188.124,0.37137
5186.195,0.37125
5184.267,0.37112
5182.338,0.37090
5180.409,0.37068
5178.481,0.37053
5176.552,0.37043
5174.623,0.37028
5172.695,0.37009
5170.766,0.36989
5168.837,0.36969
5166.909,0.36952
5164.980,0.36940
5163.051,0.36926
5161.123,0.36909
5159.194,0.36893
5157.265,0.36878
5155.337,0.36860
5153.408,0.36844
5151.479,0.36830
5149.551,0.36811
5147.622,0.36790
5145.693,0.36772
5143.765,0.36757
5141.836,0.36740
5139.907,0.36719
5137.979,0.36701
5136.050,0.36691
5134.121,0.36685
5132.193,0.36672
5130.264,0.36647
5128.335,0.36619
5126.407,0.36600
5124.478,0.36588
5122.549,0.36575
5120.621,0.36557
5118.692,0.36536
5116.763,0.36518
5114.835,0.36505
5112.906,0.36490
5110.977,0.36472
5109.049,0.36453
5107.120,0.36436
5105.191,0.36420
5103.263,0.36401
5101.334,0.36378
5099.405,0.36358
5097.477,0.36343
5095.548,0.36326
5093.619,0.36306
5091.691,0.36292
5089.762,0.36285
5087.833,0.36271
5085.905,0.36250
5083.976,0.36231
5082.047,0.36213
5080.119,0.36190
5078.190,0.36167
5076.261,0.36150
5074.332,0.36136
5072.404,0.36123
5070.475,0.36108
5068.546,0.36092
5066.618,0.36074
5064.689,0.36054
5062.760,0.36034
5060.832,0.36018
5058.903,0.36005
5056.974,0.35994
5055.046,0.35978
5053.117,0.35958
5051.188,0.35936
5049.260,0.35915
5047.331,0.35898
5045.402,0.35884
5043.474,0.35870
5041.545,0.35853
5039.616,0.35835
5037.688,0.35817
5035.759,0.35798
5033.830,0.35782
5031.902,0.35767
5029.973,0.35752
5028.044,0.35734
5026.116,0.35712
5024.187,0.35687
5022.258,0.35665
5020.330,0.35647
5018.401,0.35633
5016.472,0.35618
5014.544,0.35596
5012.615,0.35576
5010.686,0.35561
5008.758,0.35545
5006.829,0.35527
5004.900,0.35511
5002.972,0.35496
5001.043,0.35479
4999.114,0.35458
4997.186,0.35440
4995.257,0.35424
4993.328,0.35409
4991.400,0.35395
4989.471,0.35379
4987.542,0.35359
4985.614,0.35341
4983.685,0.35329
4981.756,0.35317
4979.828,0.35303
4977.899,0.35288
4975.970,0.35272
4974.042,0.35253
4972.113,0.35234
4970.184,0.35214
4968.256,0.35193
4966.327,0.35175
4964.398,0.35162
4962.470,0.35149
4960.541,0.35136
4958.612,0.35123
4956.684,0.35107
4954.755,0.35088
4952.826,0.35068
4950.898,0.35048
4948.969,0.35029
4947.040,0.35011
4945.112,0.34994
4943.183,0.34978
4941.254,0.34964
4939.326,0.34949
4937.397,0.34931
4935.468,0.34912
4933.540,0.34893
4931.611,0.34878
4929.682,0.34866
4927.754,0.34852
4925.825,0.34835
4923.896,0.34818
4921.968,0.34801
4920.039,0.34782
4918.110,0.34762
4916.181,0.34744
4914.253,0.34729
4912.324,0.34717
4910.395,0.34703
4908.467,0.34683
4906.538,0.34663
4904.609,0.34648
4902.681,0.34633
4900.752,0.34616
4898.823,0.34597
4896.895,0.34578
4894.966,0.34562
4893.037,0.34547
4891.109,0.34530
4889.180,0.34511
4887.251,0.34495
4885.323,0.34480
4883.394,0.34468
4881.465,0.34452
4879.537,0.34433
4877.608,0.34414
4875.679,0.34398
4873.751,0.34381
4871.822,0.34362
4869.893,0.34342
4867.965,0.34324
4866.036,0.34306
4864.107,0.34287
4862.179,0.34270
4860.250,0.34252
4858.321,0.34233
4856.393,0.34215
4854.464,0.34197
4852.535,0.34181
4850.607,0.34168
4848.678,0.34152
4846.749,0.34132
4844.821,0.34118
4842.892,0.34107
4840.963,0.34092
4839.035,0.34075
4837.106,0.34062
4835.177,0.34049
4833.249,0.34032
4831.320,0.34014
4829.391,0.33995
4827.463,0.33975
4825.534,0.33959
4823.605,0.33946
4821.677,0.33929
4819.748,0.33907
4817.819,0.33888
4815.891,0.33874
4813.962,0.33858
4812.033,0.33839
4810.105,0.33820
4808.176,0.33805
4806.247,0.33790
4804.319,0.33774
4802.390,0.33759
4800.461,0.33744
4798.533,0.33730
4796.604,0.33715
4794.675,0.33699
4792.747,0.33682
4790.818,0.33665
4788.889,0.33646
4786.961,0.33625
4785.032,0.33605
4783.103,0.33590
4781.175,0.33577
4779.246,0.33565
4777.317,0.33551
4775.389,0.33533
4773.460,0.33514
4771.531,0.33496
4769.603,0.33478
4767.674,0.33458
4765.745,0.33440
4763.817,0.33425
4761.888,0.33411
4759.959,0.33395
4758.031,0.33379
4756.102,0.33362
4754.173,0.33345
4752.244,0.33329
4750.316,0.33314
4748.387,0.33298
4746.458,0.33280
4744.530,0.33261
4742.601,0.33241
4740.672,0.33222
4738.744,0.33206
4736.815,0.33189
4734.886,0.33170
4732.958,0.33153
4731.029,0.33140
4729.100,0.33126
4727.172,0.33109
4725.243,0.33093
4723.314,0.33080
4721.386,0.33066
4719.457,0.33050
4717.528,0.33032
4715.600,0.33014
4713.671,0.32998
4711.742,0.32984
4709.814,0.32974
4707.885,0.32964
4705.956,0.32953
4704.028,0.32938
4702.099,0.32921
4700.170,0.32904
4698.242,0.32889
4696.313,0.32873
4694.384,0.32853
4692.456,0.32833
4690.527,0.32815
4688.598,0.32797
4686.670,0.32780
4684.741,0.32766
4682.812,0.32752
4680.884,0.32735
4678.955,0.32714
4677.026,0.32693
4675.098,0.32675
4673.169,0.32657
4671.240,0.32640
4669.312,0.32624
4667.383,0.32609
4665.454,0.32593
4663.526,0.32578
4661.597,0.32563
4659.668,0.32548
4657.740,0.32534
4655.811,0.32523
4653.882,0.32512
4651.954,0.32500
4650.025,0.32486
4648.096,0.32473
4646.168,0.32462
4644.239,0.32448
4642.310,0.32431
4640.382,0.32410
4638.453,0.32388
4636.524,0.32369
4634.596,0.32353
4632.667,0.32338
4630.738,0.32323
4628.810,0.32305
4626.881,0.32285
4624.952,0.32268
4623.024,0.32249
4621.095,0.32230
4619.166,0.32211
4617.238,0.32197
4615.309,0.32183
4613.380,0.32169
4611.452,0.32155
4609.523,0.32142
4607.594,0.32129
4605.666,0.32112
4603.737,0.32095
4601.808,0.32079
4599.880,0.32064
4597.951,0.32049
4596.022,0.32036
4594.093,0.32024
4592.165,0.32010
4590.236,0.31995
4588.307,0.31983
4586.379,0.31974
4584.450,0.31966
4582.521,0.31956
4580.593,0.31947
4578.664,0.31939
4576.735,0.31928
4574.807,0.31919
4572.878,0.31913
4570.949,0.31901
4569.021,0.31882
4567.092,0.31860
4565.163,0.31839
4563.235,0.31818
4561.306,0.31797
4559.377,0.31774
4557.449,0.31753
4555.520,0.31735
4553.591,0.31721
4551.663,0.31707
4549.734,0.31690
4547.805,0.31667
4545.877,0.31644
4543.948,0.31622
4542.019,0.31602
4540.091,0.31584
4538.162,0.31569
4536.233,0.31554
4534.305,0.31535
4532.376,0.31515
4530.447,0.31498
4528.519,0.31483
4526.590,0.31467
4524.661,0.31452
4522.733,0.31442
4520.804,0.31432
4518.875,0.31419
4516.947,0.31405
4515.018,0.31390
4513.089,0.31379
4511.161,0.31371
4509.232,0.31359
4507.303,0.31345
4505.375,0.31331
4503.446,0.31316
4501.517,0.31297
4499.589,0.31279
4497.660,0.31265
4495.731,0.31252
4493.803,0.31236
4491.874,0.31217
4489.945,0.31199
4488.017,0.31184
4486.088,0.31170
4484.159,0.31154
4482.231,0.31138
4480.302,0.31126
4478.373,0.31114
4476.445,0.31099
4474.516,0.31082
4472.587,0.31068
4470.659,0.31058
4468.730,0.31051
4466.801,0.31046
4464.873,0.31040
4462.944,0.31036
4461.015,0.31036
4459.087,0.31037
4457.158,0.31040
4455.229,0.31037
4453.301,0.31024
4451.372,0.31008
4449.443,0.30992
4447.515,0.30971
4445.586,0.30945
4443.657,0.30919
4441.729,0.30894
4439.800,0.30871
4437.871,0.30848
4435.943,0.30827
4434.014,0.30809
4432.085,0.30792
4430.156,0.30773
4428.228,0.30752
4426.299,0.30732
4424.370,0.30716
4422.442,0.30701
4420.513,0.30685
4418.584,0.30667
4416.656,0.30653
4414.727,0.30641
4412.798,0.30628
4410.870,0.30615
4408.941,0.30602
4407.012,0.30587
4405.084,0.30568
4403.155,0.30550
4401.226,0.30534
4399.298,0.30518
4397.369,0.30502
4395.440,0.30489
4393.512,0.30477
4391.583,0.30468
4389.654,0.30463
4387.726,0.30456
4385.797,0.30450
4383.868,0.30450
4381.940,0.30451
4380.011,0.30445
4378.082,0.30431
4376.154,0.30412
4374.225,0.30394
4372.296,0.30375
4370.368,0.30355
4368.439,0.30330
4366.510,0.30302
4364.582,0.30274
4362.653,0.30251
4360.724,0.30230
4358.796,0.30208
4356.867,0.30187
4354.938,0.30171
4353.010,0.30157
4351.081,0.30142
4349.152,0.30129
4347.224,0.30119
4345.295,0.30110
4343.366,0.30101
4341.438,0.30092
4339.509,0.30083
4337.580,0.30075
4335.652,0.30069
4333.723,0.30066
4331.794,0.30065
4329.866,0.30069
4327.937,0.30076
4326.008,0.30086
4324.080,0.30089
4322.151,0.30073
4320.222,0.30032
4318.294,0.29974
4316.365,0.29914
4314.436,0.29866
4312.508,0.29830
4310.579,0.29803
4308.650,0.29785
4306.722,0.29773
4304.793,0.29766
4302.864,0.29759
4300.936,0.29751
4299.007,0.29741
4297.078,0.29728
4295.150,0.29712
4293.221,0.29694
4291.292,0.29673
4289.364,0.29649
4287.435,0.29625
4285.506,0.29605
4283.578,0.29591
4281.649,0.29578
4279.720,0.29568
4277.792,0.29566
4275.863,0.29575
4273.934,0.29587
4272.005,0.29592
4270.077,0.29587
4268.148,0.29575
4266.219,0.29560
4264.291,0.29542
4262.362,0.29523
4260.433,0.29506
4258.505,0.29494
4256.576,0.29485
4254.647,0.29474
4252.719,0.29462
4250.790,0.29439
4248.861,0.29402
4246.933,0.29360
4245.004,0.29322
4243.075,0.29292
4241.147,0.29267
4239.218,0.29247
4237.289,0.29233
4235.361,0.29219
4233.432,0.29205
4231.503,0.29190
4229.575,0.29175
4227.646,0.29161
4225.717,0.29148
4223.789,0.29133
4221.860,0.29114
4219.931,0.29096
4218.003,0.29079
4216.074,0.29058
4214.145,0.29034
4212.217,0.29011
4210.288,0.28990
4208.359,0.28970
4206.431,0.28950
4204.502,0.28935
4202.573,0.28924
4200.645,0.28913
4198.716,0.28904
4196.787,0.28896
4194.859,0.28889
4192.930,0.28883
4191.001,0.28881
4189.073,0.28882
4187.144,0.28885
4185.215,0.28886
4183.287,0.28883
4181.358,0.28874
4179.429,0.28861
4177.501,0.28846
4175.572,0.28828
4173.643,0.28806
4171.715,0.28780
4169.786,0.28754
4167.857,0.28729
4165.929,0.28703
4164.000,0.28677
4162.071,0.28649
4160.143,0.28624
4158.214,0.28601
4156.285,0.28577
4154.357,0.28553
4152.428,0.28533
4150.499,0.28513
4148.571,0.28495
4146.642,0.28479
4144.713,0.28462
4142.785,0.28444
4140.856,0.28428
4138.927,0.28413
4136.999,0.28396
4135.070,0.28377
4133.141,0.28357
4131.213,0.28335
4129.284,0.28312
4127.355,0.28291
4125.427,0.28271
4123.498,0.28250
4121.569,0.28232
4119.641,0.28216
4117.712,0.28197
4115.783,0.28178
4113.855,0.28161
4111.926,0.28145
4109.997,0.28130
4108.068,0.28117
4106.140,0.28105
4104.211,0.28092
4102.282,0.28078
4100.354,0.28063
4098.425,0.28048
4096.496,0.28031
4094.568,0.28014
4092.639,0.27996
4090.710,0.27972
4088.782,0.27947
4086.853,0.27925
4084.924,0.27902
4082.996,0.27878
4081.067,0.27856
4079.138,0.27837
4077.210,0.27815
4075.281,0.27793
4073.352,0.27776
4071.424,0.27760
4069.495,0.27744
4067.566,0.27731
4065.638,0.27719
4063.709,0.27707
4061.780,0.27696
4059.852,0.27687
4057.923,0.27679
4055.994,0.27674
4054.066,0.27672
4052.137,0.27668
4050.208,0.27657
4048.280,0.27644
4046.351,0.27636
4044.422,0.27627
4042.494,0.27618
4040.565,0.27610
4038.636,0.27602
4036.708,0.27589
4034.779,0.27573
4032.850,0.27553
4030.922,0.27528
4028.993,0.27503
4027.064,0.27484
4025.136,0.27464
4023.207,0.27436
4021.278,0.27406
4019.350,0.27380
4017.421,0.27356
4015.492,0.27334
4013.564,0.27316
4011.635,0.27301
4009.706,0.27288
4007.778,0.27278
4005.849,0.27274
4003.920,0.27276
4001.992,0.27284
4000.063,0.27295
3998.134,0.27300
3996.206,0.27294
3994.277,0.27279
3992.348,0.27258
3990.420,0.27235
3988.491,0.27212
3986.562,0.27192
3984.634,0.27171
3982.705,0.27148
3980.776,0.27128
3978.848,0.27112
3976.919,0.27101
3974.990,0.27092
3973.062,0.27082
3971.133,0.27065
3969.204,0.27043
3967.276,0.27017
3965.347,0.26988
3963.418,0.26956
3961.490,0.26924
3959.561,0.26892
3957.632,0.26861
3955.704,0.26832
3953.775,0.26805
3951.846,0.26778
3949.917,0.26754
3947.989,0.26733
3946.060,0.26711
3944.131,0.26689
3942.203,0.26668
3940.274,0.26652
3938.345,0.26639
3936.417,0.26624
3934.488,0.26609
3932.559,0.26593
3930.631,0.26578
3928.702,0.26565
3926.773,0.26555
3924.845,0.26542
3922.916,0.26525
3920.987,0.26506
3919.059,0.26487
3917.130,0.26467
3915.201,0.26447
3913.273,0.26427
3911.344,0.26408
3909.415,0.26389
3907.487,0.26373
3905.558,0.26357
3903.629,0.26339
3901.701,0.26323
3899.772,0.26312
3897.843,0.26304
3895.915,0.26294
3893.986,0.26284
3892.057,0.26275
3890.129,0.26263
3888.200,0.26248
3886.271,0.26229
3884.343,0.26206
3882.414,0.26185
3880.485,0.26167
3878.557,0.26150
3876.628,0.26131
3874.699,0.26113
3872.771,0.26095
3870.842,0.26076
3868.913,0.26056
3866.985,0.26037
3865.056,0.26021
3863.127,0.26006
3861.199,0.25991
3859.270,0.25975
3857.341,0.25956
3855.413,0.25938
3853.484,0.25924
3851.555,0.25911
3849.627,0.25896
3847.698,0.25879
3845.769,0.25860
3843.841,0.25840
3841.912,0.25822
3839.983,0.25808
3838.055,0.25793
3836.126,0.25773
3834.197,0.25753
3832.269,0.25734
3830.340,0.25717
3828.411,0.25701
3826.483,0.25689
3824.554,0.25676
3822.625,0.25664
3820.697,0.25652
3818.768,0.25640
3816.839,0.25627
3814.911,0.25612
3812.982,0.25595
3811.053,0.25573
3809.125,0.25551
3807.196,0.25532
3805.267,0.25513
3803.339,0.25493
3801.410,0.25476
3799.481,0.25462
3797.553,0.25445
3795.624,0.25425
3793.695,0.25407
3791.767,0.25389
3789.838,0.25372
3787.909,0.25358
3785.980,0.25344
3784.052,0.25329
3782.123,0.25311
3780.194,0.25296
3778.266,0.25281
3776.337,0.25265
3774.408,0.25248
3772.480,0.25229
3770.551,0.25208
3768.622,0.25190
3766.694,0.25175
3764.765,0.25158
3762.836,0.25139
3760.908,0.25120
3758.979,0.25099
3757.050,0.25077
3755.122,0.25057
3753.193,0.25039
3751.264,0.25022
3749.336,0.25006
3747.407,0.24989
3745.478,0.24969
3743.550,0.24954
3741.621,0.24940
3739.692,0.24922
3737.764,0.24900
3735.835,0.24882
3733.906,0.24867
3731.978,0.24851
3730.049,0.24834
3728.120,0.24820
3726.192,0.24806
3724.263,0.24792
3722.334,0.24780
3720.406,0.24768
3718.477,0.24751
3716.548,0.24733
3714.620,0.24717
3712.691,0.24702
3710.762,0.24687
3708.834,0.24675
3706.905,0.24663
3704.976,0.24647
3703.048,0.24630
3701.119,0.24614
3699.190,0.24596
3697.262,0.24580
3695.333,0.24567
3693.404,0.24550
3691.476,0.24528
3689.547,0.24509
3687.618,0.24497
3685.690,0.24487
3683.761,0.24475
3681.832,0.24466
3679.904,0.24458
3677.975,0.24448
3676.046,0.24440
3674.118,0.24435
3672.189,0.24428
3670.260,0.24421
3668.332,0.24417
3666.403,0.24411
3664.474,0.24401
3662.546,0.24390
3660.617,0.24380
3658.688,0.24372
3656.760,0.24364
3654.831,0.24357
3652.902,0.24347
3650.974,0.24338
3649.045,0.24333
3647.116,0.24330
3645.188,0.24325
3643.259,0.24318
3641.330,0.24312
3639.402,0.24302
3637.473,0.24292
3635.544,0.24284
3633.616,0.24277
3631.687,0.24268
3629.758,0.24259
3627.830,0.24252
3625.901,0.24245
3623.972,0.24238
3622.043,0.24230
3620.115,0.24225
3618.186,0.24223
3616.257,0.24224
3614.329,0.24227
3612.400,0.24228
3610.471,0.24231
3608.543,0.24235
3606.614,0.24235
3604.685,0.24229
3602.757,0.24221
3600.828,0.24210
3598.899,0.24197
3596.971,0.24183
3595.042,0.24173
3593.113,0.24164
3591.185,0.24158
3589.256,0.24152
3587.327,0.24145
3585.399,0.24135
3583.470,0.24130
3581.541,0.24127
3579.613,0.24121
3577.684,0.24114
3575.755,0.24112
3573.827,0.24110
3571.898,0.24103
3569.969,0.24098
3568.041,0.24095
3566.112,0.24092
3564.183,0.24089
3562.255,0.24086
3560.326,0.24081
3558.397,0.24076
3556.469,0.24073
3554.540,0.24073
3552.611,0.24069
3550.683,0.24064
3548.754,0.24059
3546.825,0.24054
3544.897,0.24047
3542.968,0.24041
3541.039,0.24034
3539.111,0.24026
3537.182,0.24020
3535.253,0.24016
3533.325,0.24007
3531.396,0.23999
3529.467,0.23994
3527.539,0.23989
3525.610,0.23984
3523.681,0.23980
3521.753,0.23977
3519.824,0.23969
3517.895,0.23960
3515.967,0.23951
3514.038,0.23941
3512.109,0.23931
3510.181,0.23925
3508.252,0.23921
3506.323,0.23915
3504.395,0.23907
3502.466,0.23898
3500.537,0.23887
3498.609,0.23875
3496.680,0.23868
3494.751,0.23863
3492.823,0.23856
3490.894,0.23847
3488.965,0.23839
3487.037,0.23831
3485.108,0.23824
3483.179,0.23816
3481.251,0.23808
3479.322,0.23800
3477.393,0.23795
3475.465,0.23788
3473.536,0.23779
3471.607,0.23772
3469.679,0.23766
3467.750,0.23760
3465.821,0.23753
3463.892,0.23748
3461.964,0.23743
3460.035,0.23735
3458.106,0.23728
3456.178,0.23721
3454.249,0.23711
3452.320,0.23697
3450.392,0.23684
3448.463,0.23669
3446.534,0.23649
3444.606,0.23628
3442.677,0.23609
3440.748,0.23594
3438.820,0.23581
3436.891,0.23566
3434.962,0.23550
3433.034,0.23534
3431.105,0.23519
3429.176,0.23503
3427.248,0.23486
3425.319,0.23469
3423.390,0.23452
3421.462,0.23433
3419.533,0.23415
3417.604,0.23397
3415.676,0.23378
3413.747,0.23359
3411.818,0.23339
3409.890,0.23317
3407.961,0.23292
3406.032,0.23264
3404.104,0.23237
3402.175,0.23208
3400.246,0.23178
3398.318,0.23150
3396.389,0.23123
3394.460,0.23094
3392.532,0.23066
3390.603,0.23038
3388.674,0.23008
3386.746,0.22980
3384.817,0.22954
3382.888,0.22928
3380.960,0.22899
3379.031,0.22871
3377.102,0.22843
3375.174,0.22814
3373.245,0.22786
3371.316,0.22758
3369.388,0.22728
3367.459,0.22697
3365.530,0.22666
3363.602,0.22633
3361.673,0.22600
3359.744,0.22571
3357.816,0.22544
3355.887,0.22515
3353.958,0.22485
3352.030,0.22455
3350.101,0.22425
3348.172,0.22395
3346.244,0.22367
3344.315,0.22339
3342.386,0.22310
3340.458,0.22282
3338.529,0.22253
3336.600,0.22223
3334.672,0.22194
3332.743,0.22167
3330.814,0.22140
3328.886,0.22113
3326.957,0.22086
3325.028,0.22063
3323.100,0.22038
3321.171,0.22012
3319.242,0.21984
3317.314,0.21954
3315.385,0.21924
3313.456,0.21899
3311.528,0.21878
3309.599,0.21857
3307.670,0.21833
3305.742,0.21811
3303.813,0.21790
3301.884,0.21768
3299.955,0.21745
3298.027,0.21723
3296.098,0.21700
3294.169,0.21680
3292.241,0.21659
3290.312,0.21637
3288.383,0.21613
3286.455,0.21592
3284.526,0.21571
3282.597,0.21549
3280.669,0.21526
3278.740,0.21503
3276.811,0.21479
3274.883,0.21454
3272.954,0.21429
3271.025,0.21403
3269.097,0.21378
3267.168,0.21353
3265.239,0.21328
3263.311,0.21301
3261.382,0.21271
3259.453,0.21239
3257.525,0.21211
3255.596,0.21184
3253.667,0.21158
3251.739,0.21130
3249.810,0.21098
3247.881,0.21060
3245.953,0.21022
3244.024,0.20981
3242.095,0.20936
3240.167,0.20892
3238.238,0.20853
3236.309,0.20820
3234.381,0.20796
3232.452,0.20780
3230.523,0.20772
3228.595,0.20769
3226.666,0.20769
3224.737,0.20770
3222.809,0.20766
3220.880,0.20755
3218.951,0.20739
3217.023,0.20714
3215.094,0.20680
3213.165,0.20640
3211.237,0.20603
3209.308,0.20569
3207.379,0.20540
3205.451,0.20519
3203.522,0.20504
3201.593,0.20488
3199.665,0.20471
3197.736,0.20451
3195.807,0.20427
3193.879,0.20397
3191.950,0.20368
3190.021,0.20336
3188.093,0.20301
3186.164,0.20266
3184.235,0.20233
3182.307,0.20198
3180.378,0.20164
3178.449,0.20134
3176.521,0.20107
3174.592,0.20081
3172.663,0.20056
3170.735,0.20033
3168.806,0.20011
3166.877,0.19989
3164.949,0.19970
3163.020,0.19952
3161.091,0.19932
3159.163,0.19914
3157.234,0.19899
3155.305,0.19886
3153.377,0.19876
3151.448,0.19868
3149.519,0.19855
3147.591,0.19833
3145.662,0.19802
3143.733,0.19762
3141.804,0.19714
3139.876,0.19660
3137.947,0.19605
3136.018,0.19552
3134.090,0.19502
3132.161,0.19455
3130.232,0.19409
3128.304,0.19358
3126.375,0.19310
3124.446,0.19269
3122.518,0.19237
3120.589,0.19221
3118.660,0.19236
3116.732,0.19303
3114.803,0.19469
3112.874,0.19827
3110.946,0.20554
3109.017,0.21902
3107.088,0.24050
3105.160,0.26790
3103.231,0.29503
3101.302,0.31737
3099.374,0.33492
3097.445,0.34496
3095.516,0.34150
3093.588,0.32718
3091.659,0.31328
3089.730,0.30715
3087.802,0.30785
3085.873,0.30963
3083.944,0.30704
3082.016,0.29888
3080.087,0.28795
3078.158,0.27761
3076.230,0.26973
3074.301,0.26497
3072.372,0.26317
3070.444,0.26360
3068.515,0.26548
3066.586,0.26858
3064.658,0.27316
3062.729,0.27940
3060.800,0.28683
3058.872,0.29375
3056.943,0.29746
3055.014,0.29589
3053.086,0.28912
3051.157,0.27901
3049.228,0.26777
3047.300,0.25709
3045.371,0.24793
3043.442,0.24054
3041.514,0.23477
3039.585,0.23038
3037.656,0.22710
3035.728,0.22467
3033.799,0.22292
3031.870,0.22181
3029.942,0.22136
3028.013,0.22165
3026.084,0.22276
3024.156,0.22460
3022.227,0.22694
3020.298,0.22944
3018.370,0.23166
3016.441,0.23314
3014.512,0.23366
3012.584,0.23324
3010.655,0.23191
3008.726,0.22978
3006.798,0.22718
3004.869,0.22455
3002.940,0.22219
3001.012,0.22024
2999.083,0.21868
2997.154,0.21742
2995.226,0.21637
2993.297,0.21555
2991.368,0.21493
2989.440,0.21449
2987.511,0.21423
2985.582,0.21418
2983.654,0.21433
2981.725,0.21470
2979.796,0.21534
2977.867,0.21630
2975.939,0.21759
2974.010,0.21924
2972.081,0.22134
2970.153,0.22387
2968.224,0.22687
2966.295,0.23040
2964.367,0.23460
2962.438,0.23953
2960.509,0.24496
2958.581,0.24989
2956.652,0.25266
2954.723,0.25181
2952.795,0.24745
2950.866,0.24153
2948.937,0.23638
2947.009,0.23327
2945.080,0.23226
2943.151,0.23295
2941.223,0.23501
2939.294,0.23822
2937.365,0.24249
2935.437,0.24779
2933.508,0.25417
2931.579,0.26166
2929.651,0.27042
2927.722,0.28081
2925.793,0.29329
2923.865,0.30803
2921.936,0.32431
2920.007,0.33963
2918.079,0.34842
2916.150,0.34393
2914.221,0.32607
2912.293,0.30377
2910.364,0.28557
2908.435,0.27354
2906.507,0.26614
2904.578,0.26165
2902.649,0.25896
2900.721,0.25732
2898.792,0.25621
2896.863,0.25534
2894.935,0.25453
2893.006,0.25371
2891.077,0.25279
2889.149,0.25175
2887.220,0.25060
2885.291,0.24939
2883.363,0.24819
2881.434,0.24711
2879.505,0.24614
2877.577,0.24514
2875.648,0.24375
2873.719,0.24159
2871.791,0.23854
2869.862,0.23512
2867.933,0.23226
2866.005,0.23081
2864.076,0.23116
2862.147,0.23326
2860.219,0.23700
2858.290,0.24268
2856.361,0.25160
2854.433,0.26591
2852.504,0.28603
2850.575,0.30450
2848.647,0.30706
2846.718,0.28978
2844.789,0.26543
2842.861,0.24584
2840.932,0.23301
2839.003,0.22468
2837.075,0.21892
2835.146,0.21478
2833.217,0.21186
2831.289,0.20989
2829.360,0.20858
2827.431,0.20755
2825.503,0.20642
2823.574,0.20497
2821.645,0.20325
2819.716,0.20143
2817.788,0.19963
2815.859,0.19792
2813.930,0.19631
2812.002,0.19478
2810.073,0.19334
2808.144,0.19196
2806.216,0.19064
2804.287,0.18940
2802.358,0.18828
2800.430,0.18732
2798.501,0.18650
2796.572,0.18582
2794.644,0.18529
2792.715,0.18489
2790.786,0.18458
2788.858,0.18429
2786.929,0.18394
2785.000,0.18347
2783.072,0.18294
2781.143,0.18251
2779.214,0.18226
2777.286,0.18217
2775.357,0.18209
2773.428,0.18190
2771.500,0.18150
2769.571,0.18091
2767.642,0.18021
2765.714,0.17951
2763.785,0.17887
2761.856,0.17837
2759.928,0.17808
2757.999,0.17793
2756.070,0.17783
2754.142,0.17774
2752.213,0.17763
2750.284,0.17749
2748.356,0.17725
2746.427,0.17695
2744.498,0.17665
2742.570,0.17637
2740.641,0.17608
2738.712,0.17576
2736.784,0.17542
2734.855,0.17511
2732.926,0.17483
2730.998,0.17457
2729.069,0.17430
2727.140,0.17406
2725.212,0.17386
2723.283,0.17368
2721.354,0.17353
2719.426,0.17345
2717.497,0.17343
2715.568,0.17344
2713.640,0.17351
2711.711,0.17364
2709.782,0.17380
2707.854,0.17396
2705.925,0.17413
2703.996,0.17418
2702.068,0.17396
2700.139,0.17340
2698.210,0.17249
2696.282,0.17134
2694.353,0.17016
2692.424,0.16912
2690.496,0.16823
2688.567,0.16746
2686.638,0.16682
2684.710,0.16631
2682.781,0.16590
2680.852,0.16560
2678.924,0.16542
2676.995,0.16528
2675.066,0.16514
2673.138,0.16499
2671.209,0.16483
2669.280,0.16470
2667.352,0.16460
2665.423,0.16451
2663.494,0.16439
2661.566,0.16422
2659.637,0.16406
2657.708,0.16388
2655.779,0.16360
2653.851,0.16331
2651.922,0.16307
2649.993,0.16287
2648.065,0.16275
2646.136,0.16273
2644.207,0.16277
2642.279,0.16278
2640.350,0.16278
2638.421,0.16278
2636.493,0.16272
2634.564,0.16259
2632.635,0.16241
2630.707,0.16214
2628.778,0.16173
2626.849,0.16130
2624.921,0.16093
2622.992,0.16060
2621.063,0.16036
2619.135,0.16027
2617.206,0.16030
2615.277,0.16035
2613.349,0.16036
2611.420,0.16023
2609.491,0.15989
2607.563,0.15941
2605.634,0.15892
2603.705,0.15844
2601.777,0.15802
2599.848,0.15774
2597.919,0.15760
2595.991,0.15755
2594.062,0.15756
2592.133,0.15759
2590.205,0.15755
2588.276,0.15741
2586.347,0.15734
2584.419,0.15743
2582.490,0.15760
2580.561,0.15782
2578.633,0.15807
2576.704,0.15826
2574.775,0.15832
2572.847,0.15829
2570.918,0.15816
2568.989,0.15796
2567.061,0.15780
2565.132,0.15770
2563.203,0.15757
2561.275,0.15741
2559.346,0.15725
2557.417,0.15702
2555.489,0.15661
2553.560,0.15607
2551.631,0.15545
2549.703,0.15476
2547.774,0.15407
2545.845,0.15352
2543.917,0.15308
2541.988,0.15271
2540.059,0.15246
2538.131,0.15233
2536.202,0.15227
2534.273,0.15230
2532.345,0.15247
2530.416,0.15270
2528.487,0.15291
2526.559,0.15310
2524.630,0.15321
2522.701,0.15307
2520.773,0.15263
2518.844,0.15196
2516.915,0.15118
2514.987,0.15044
2513.058,0.14983
2511.129,0.14932
2509.201,0.14882
2507.272,0.14839
2505.343,0.14807
2503.415,0.14777
2501.486,0.14749
2499.557,0.14731
2497.628,0.14722
2495.700,0.14717
2493.771,0.14722
2491.842,0.14734
2489.914,0.14744
2487.985,0.14752
2486.056,0.14763
2484.128,0.14772
2482.199,0.14773
2480.270,0.14770
2478.342,0.14764
2476.413,0.14753
2474.484,0.14740
2472.556,0.14732
2470.627,0.14720
2468.698,0.14701
2466.770,0.14685
2464.841,0.14674
2462.912,0.14665
2460.984,0.14660
2459.055,0.14663
2457.126,0.14663
2455.198,0.14658
2453.269,0.14658
2451.340,0.14660
2449.412,0.14659
2447.483,0.14660
2445.554,0.14668
2443.626,0.14675
2441.697,0.14676
2439.768,0.14671
2437.840,0.14652
2435.911,0.14609
2433.982,0.14552
2432.054,0.14498
2430.125,0.14452
2428.196,0.14420
2426.268,0.14401
2424.339,0.14385
2422.410,0.14362
2420.482,0.14343
2418.553,0.14331
2416.624,0.14321
2414.696,0.14314
2412.767,0.14314
2410.838,0.14314
2408.910,0.14306
2406.981,0.14300
2405.052,0.14314
2403.124,0.14346
2401.195,0.14366
2399.266,0.14333
2397.338,0.14243
2395.409,0.14137
2393.480,0.14052
2391.552,0.13995
2389.623,0.13953
2387.694,0.13924
2385.766,0.13903
2383.837,0.13885
2381.908,0.13871
2379.980,0.13867
2378.051,0.13868
2376.122,0.13868
2374.194,0.13868
2372.265,0.13869
2370.336,0.13867
2368.408,0.13852
2366.479,0.13823
2364.550,0.13784
2362.622,0.13746
2360.693,0.13719
2358.764,0.13702
2356.836,0.13686
2354.907,0.13669
2352.978,0.13644
2351.050,0.13607
2349.121,0.13564
2347.192,0.13526
2345.264,0.13497
2343.335,0.13481
2341.406,0.13478
2339.478,0.13478
2337.549,0.13468
2335.620,0.13444
2333.691,0.13411
2331.763,0.13375
2329.834,0.13339
2327.905,0.13306
2325.977,0.13275
2324.048,0.13248
2322.119,0.13225
2320.191,0.13205
2318.262,0.13184
2316.333,0.13163
2314.405,0.13146
2312.476,0.13136
2310.547,0.13133
2308.619,0.13142
2306.690,0.13165
2304.761,0.13196
2302.833,0.13230
2300.904,0.13261
2298.975,0.13288
2297.047,0.13309
2295.118,0.13325
2293.189,0.13335
2291.261,0.13332
2289.332,0.13305
2287.403,0.13251
2285.475,0.13181
2283.546,0.13107
2281.617,0.13041
2279.689,0.12983
2277.760,0.12935
2275.831,0.12896
2273.903,0.12865
2271.974,0.12838
2270.045,0.12815
2268.117,0.12796
2266.188,0.12781
2264.259,0.12768
2262.331,0.12754
2260.402,0.12739
2258.473,0.12720
2256.545,0.12693
2254.616,0.12657
2252.687,0.12615
2250.759,0.12574
2248.830,0.12541
2246.901,0.12515
2244.973,0.12489
2243.044,0.12458
2241.115,0.12424
2239.187,0.12386
2237.258,0.12349
2235.329,0.12314
2233.401,0.12281
2231.472,0.12248
2229.543,0.12215
2227.615,0.12185
2225.686,0.12155
2223.757,0.12125
2221.829,0.12097
2219.900,0.12072
2217.971,0.12049
2216.043,0.12027
2214.114,0.12007
2212.185,0.11987
2210.257,0.11968
2208.328,0.11951
2206.399,0.11936
2204.471,0.11919
2202.542,0.11900
2200.613,0.11882
2198.685,0.11865
2196.756,0.11845
2194.827,0.11820
2192.899,0.11791
2190.970,0.11762
2189.041,0.11736
2187.113,0.11712
2185.184,0.11687
2183.255,0.11665
2181.327,0.11656
2179.398,0.11659
2177.469,0.11667
2175.540,0.11669
2173.612,0.11657
2171.683,0.11620
2169.754,0.11569
2167.826,0.11524
2165.897,0.11490
2163.968,0.11462
2162.040,0.11437
2160.111,0.11418
2158.182,0.11399
2156.254,0.11383
2154.325,0.11376
2152.396,0.11372
2150.468,0.11363
2148.539,0.11347
2146.610,0.11325
2144.682,0.11295
2142.753,0.11262
2140.824,0.11233
2138.896,0.11208
2136.967,0.11183
2135.038,0.11163
2133.110,0.11150
2131.181,0.11137
2129.252,0.11128
2127.324,0.11128
2125.395,0.11133
2123.466,0.11137
2121.538,0.11142
2119.609,0.11146
2117.680,0.11143
2115.752,0.11134
2113.823,0.11128
2111.894,0.11119
2109.966,0.11102
2108.037,0.11079
2106.108,0.11049
2104.180,0.11007
2102.251,0.10962
2100.322,0.10927
2098.394,0.10895
2096.465,0.10860
2094.536,0.10829
2092.608,0.10804
2090.679,0.10780
2088.750,0.10759
2086.822,0.10746
2084.893,0.10732
2082.964,0.10714
2081.036,0.10698
2079.107,0.10678
2077.178,0.10646
2075.250,0.10614
2073.321,0.10587
2071.392,0.10557
2069.464,0.10527
2067.535,0.10506
2065.606,0.10484
2063.678,0.10453
2061.749,0.10421
2059.820,0.10395
2057.892,0.10362
2055.963,0.10328
2054.034,0.10304
2052.106,0.10287
2050.177,0.10270
2048.248,0.10255
2046.320,0.10239
2044.391,0.10212
2042.462,0.10184
2040.534,0.10164
2038.605,0.10141
2036.676,0.10110
2034.748,0.10088
2032.819,0.10074
2030.890,0.10060
2028.962,0.10051
2027.033,0.10051
2025.104,0.10044
2023.176,0.10027
2021.247,0.10013
2019.318,0.09998
2017.390,0.09970
2015.461,0.09940
2013.532,0.09917
2011.603,0.09890
2009.675,0.09869
2007.746,0.09868
2005.817,0.09875
2003.889,0.09875
2001.960,0.09871
2000.031,0.09852
1998.103,0.09805
1996.174,0.09748
1994.245,0.09704
1992.317,0.09661
1990.388,0.09614
1988.459,0.09576
1986.531,0.09549
1984.602,0.09516
1982.673,0.09485
1980.745,0.09466
1978.816,0.09445
1976.887,0.09419
1974.959,0.09401
1973.030,0.09386
1971.101,0.09360
1969.173,0.09331
1967.244,0.09309
1965.315,0.09280
1963.387,0.09243
1961.458,0.09214
1959.529,0.09188
1957.601,0.09155
1955.672,0.09129
1953.743,0.09114
1951.815,0.09093
1949.886,0.09068
1947.957,0.09052
1946.029,0.09041
1944.100,0.09022
1942.171,0.09004
1940.243,0.08988
1938.314,0.08960
1936.385,0.08930
1934.457,0.08910
1932.528,0.08887
1930.599,0.08854
1928.671,0.08826
1926.742,0.08803
1924.813,0.08772
1922.885,0.08743
1920.956,0.08726
1919.027,0.08707
1917.099,0.08685
1915.170,0.08672
1913.241,0.08661
1911.313,0.08641
1909.384,0.08621
1907.455,0.08606
1905.527,0.08585
1903.598,0.08557
1901.669,0.08536
1899.741,0.08515
1897.812,0.08487
1895.883,0.08462
1893.955,0.08444
1892.026,0.08419
1890.097,0.08395
1888.169,0.08381
1886.240,0.08369
1884.311,0.08352
1882.383,0.08339
1880.454,0.08331
1878.525,0.08313
1876.597,0.08290
1874.668,0.08268
1872.739,0.08240
1870.811,0.08206
1868.882,0.08184
1866.953,0.08173
1865.025,0.08160
1863.096,0.08150
1861.167,0.08148
1859.239,0.08151
1857.310,0.08163
1855.381,0.08201
1853.452,0.08275
1851.524,0.08402
1849.595,0.08634
1847.666,0.09025
1845.738,0.09502
1843.809,0.09814
1841.880,0.09736
1839.952,0.09347
1838.023,0.08926
1836.094,0.08648
1834.166,0.08505
1832.237,0.08433
1830.308,0.08408
1828.380,0.08426
1826.451,0.08468
1824.522,0.08521
1822.594,0.08608
1820.665,0.08722
1818.736,0.08826
1816.808,0.08916
1814.879,0.09025
1812.950,0.09147
1811.022,0.09233
1809.093,0.09176
1807.164,0.08900
1805.236,0.08506
1803.307,0.08162
1801.378,0.07927
1799.450,0.07772
1797.521,0.07662
1795.592,0.07579
1793.664,0.07511
1791.735,0.07447
1789.806,0.07388
1787.878,0.07335
1785.949,0.07287
1784.020,0.07241
1782.092,0.07200
1780.163,0.07164
1778.234,0.07133
1776.306,0.07107
1774.377,0.07087
1772.448,0.07069
1770.520,0.07054
1768.591,0.07041
1766.662,0.07032
1764.734,0.07024
1762.805,0.07014
1760.876,0.07006
1758.948,0.07003
1757.019,0.07001
1755.090,0.07004
1753.162,0.07015
1751.233,0.07030
1749.304,0.07047
1747.376,0.07073
1745.447,0.07106
1743.518,0.07142
1741.590,0.07183
1739.661,0.07230
1737.732,0.07277
1735.804,0.07321
1733.875,0.07367
1731.946,0.07405
1730.018,0.07424
1728.089,0.07429
1726.160,0.07433
1724.232,0.07440
1722.303,0.07455
1720.374,0.07485
1718.446,0.07526
1716.517,0.07570
1714.588,0.07628
1712.660,0.07697
1710.731,0.07758
1708.802,0.07799
1706.874,0.07826
1704.945,0.07842
1703.016,0.07857
1701.088,0.07885
1699.159,0.07928
1697.230,0.07974
1695.302,0.08024
1693.373,0.08089
1691.444,0.08167
1689.515,0.08257
1687.587,0.08371
1685.658,0.08504
1683.729,0.08647
1681.801,0.08802
1679.872,0.08975
1677.943,0.09155
1676.015,0.09332
1674.086,0.09513
1672.157,0.09712
1670.229,0.09947
1668.300,0.10236
1666.371,0.10579
1664.443,0.10954
1662.514,0.11342
1660.585,0.11705
1658.657,0.11987
1656.728,0.12198
1654.799,0.12415
1652.871,0.12703
1650.942,0.13062
1649.013,0.13462
1647.085,0.13867
1645.156,0.14234
1643.227,0.14532
1641.299,0.14784
1639.370,0.15070
1637.441,0.15497
1635.513,0.16146
1633.584,0.17029
1631.655,0.18097
1629.727,0.19286
1627.798,0.20601
1625.869,0.22246
1623.941,0.24702
1622.012,0.28398
1620.083,0.32722
1618.155,0.35274
1616.226,0.33912
1614.297,0.30040
1612.369,0.26879
1610.440,0.26101
1608.511,0.27539
1606.583,0.30123
1604.654,0.32451
1602.725,0.33054
1600.797,0.31124
1598.868,0.27504
1596.939,0.23976
1595.011,0.21602
1593.082,0.20432
1591.153,0.20170
1589.225,0.20555
1587.296,0.21348
1585.367,0.22331
1583.439,0.23391
1581.510,0.24548
1579.581,0.25858
1577.653,0.27339
1575.724,0.28992
1573.795,0.30810
1571.867,0.32806
1569.938,0.35011
1568.009,0.37437
1566.081,0.40076
1564.152,0.42963
1562.223,0.46227
1560.295,0.50127
1558.366,0.55000
1556.437,0.61131
1554.509,0.68561
1552.580,0.76830
1550.651,0.84978
1548.723,0.92433
1546.794,0.99823
1544.865,1.07737
1542.937,1.15081
1541.008,1.19865
1539.079,1.21198
1537.151,1.19417
1535.222,1.15074
1533.293,1.08804
1531.364,1.01437
1529.436,0.93610
1527.507,0.85710
1525.578,0.78196
1523.650,0.71530
1521.721,0.65910
1519.792,0.61294
1517.864,0.57522
1515.935,0.54401
1514.006,0.51785
1512.078,0.49585
1510.149,0.47687
1508.220,0.45898
1506.292,0.44047
1504.363,0.42122
1502.434,0.40203
1500.506,0.38347
1498.577,0.36593
1496.648,0.34973
1494.720,0.33491
1492.791,0.32151
1490.862,0.30976
1488.934,0.29957
1487.005,0.29040
1485.076,0.28176
1483.148,0.27371
1481.219,0.26668
1479.290,0.26153
1477.362,0.26015
1475.433,0.26325
1473.504,0.26616
1471.576,0.26496
1469.647,0.26518
1467.718,0.27220
1465.790,0.28184
1463.861,0.28472
1461.932,0.27385
1460.004,0.25258
1458.075,0.23140
1456.146,0.21594
1454.218,0.20564
1452.289,0.19879
1450.360,0.19400
1448.432,0.19037
1446.503,0.18850
1444.574,0.19042
1442.646,0.19862
1440.717,0.21412
1438.788,0.23178
1436.860,0.23931
1434.931,0.22924
1433.002,0.20848
1431.074,0.18811
1429.145,0.17289
1427.216,0.16291
1425.288,0.15719
1423.359,0.15472
1421.430,0.15510
1419.502,0.15917
1417.573,0.16871
1415.644,0.18576
1413.716,0.21203
1411.787,0.24693
1409.858,0.28561
1407.930,0.31891
1406.001,0.33629
1404.072,0.33187
1402.144,0.30959
1400.215,0.27977
1398.286,0.25094
1396.358,0.22714
1394.429,0.20972
1392.500,0.19896
1390.572,0.19428
1388.643,0.19496
1386.714,0.20236
1384.786,0.22043
1382.857,0.24750
1380.928,0.26741
1379.000,0.26803
1377.071,0.26279
1375.142,0.26988
1373.214,0.29327
1371.285,0.33054
1369.356,0.38073
1367.427,0.44507
1365.499,0.52597
1363.570,0.62414
1361.641,0.73627
1359.713,0.85667
1357.784,0.97914
1355.855,1.08792
1353.927,1.14700
1351.998,1.12638
1350.069,1.04315
1348.141,0.93714
1346.212,0.83421
1344.283,0.74491
1342.355,0.67196
1340.426,0.61427
1338.497,0.56856
1336.569,0.53061
1334.640,0.49705
1332.711,0.46630
1330.783,0.43815
1328.854,0.41288
1326.925,0.39083
1324.997,0.37189
1323.068,0.35542
1321.139,0.34098
1319.211,0.32856
1317.282,0.31775
1315.353,0.30777
1313.425,0.29846
1311.496,0.29050
1309.567,0.28529
1307.639,0.28372
1305.710,0.28343
1303.781,0.28013
1301.853,0.27337
1299.924,0.26644
1297.995,0.26126
1296.067,0.25767
1294.138,0.25521
1292.209,0.25318
1290.281,0.25042
1288.352,0.24647
1286.423,0.24169
1284.495,0.23617
1282.566,0.23011
1280.637,0.22449
1278.709,0.22014
1276.780,0.21701
1274.851,0.21471
1272.923,0.21281
1270.994,0.21059
1269.065,0.20786
1267.137,0.20538
1265.208,0.20363
1263.279,0.20201
1261.351,0.19982
1259.422,0.19700
1257.493,0.19369
1255.565,0.19017
1253.636,0.18690
1251.707,0.18405
1249.779,0.18144
1247.850,0.17914
1245.921,0.17733
1243.993,0.17587
1242.064,0.17469
1240.135,0.17391
1238.207,0.17340
1236.278,0.17281
1234.349,0.17200
1232.421,0.17081
1230.492,0.16899
1228.563,0.16672
1226.635,0.16449
1224.706,0.16239
1222.777,0.16030
1220.849,0.15841
1218.920,0.15704
1216.991,0.15692
1215.063,0.15976
1213.134,0.16723
1211.205,0.17805
1209.277,0.18713
1207.348,0.19058
1205.419,0.18910
1203.490,0.18463
1201.562,0.17833
1199.633,0.17177
1197.704,0.16614
1195.776,0.16176
1193.847,0.15844
1191.918,0.15561
1189.990,0.15286
1188.061,0.15025
1186.132,0.14781
1184.204,0.14558
1182.275,0.14399
1180.346,0.14392
1178.418,0.14710
1176.489,0.15664
1174.560,0.17482
1172.632,0.19769
1170.703,0.21234
1168.774,0.20830
1166.846,0.19173
1164.917,0.17573
1162.988,0.16513
1161.060,0.15822
1159.131,0.15300
1157.202,0.14878
1155.274,0.14555
1153.345,0.14311
1151.416,0.14115
1149.488,0.13959
1147.559,0.13828
1145.630,0.13685
1143.702,0.13523
1141.773,0.13366
1139.844,0.13216
1137.916,0.13068
1135.987,0.12936
1134.058,0.12819
1132.130,0.12708
1130.201,0.12609
1128.272,0.12522
1126.344,0.12423
1124.415,0.12308
1122.486,0.12197
1120.558,0.12090
1118.629,0.11976
1116.700,0.11869
1114.772,0.11770
1112.843,0.11655
1110.914,0.11533
1108.986,0.11422
1107.057,0.11315
1105.128,0.11217
1103.200,0.11164
1101.271,0.11175
1099.342,0.11287
1097.414,0.11681
1095.485,0.12715
1093.556,0.14797
1091.628,0.17909
1089.699,0.21241
1087.770,0.23648
1085.842,0.24331
1083.913,0.23185
1081.984,0.20996
1080.056,0.18811
1078.127,0.17146
1076.198,0.16014
1074.270,0.15241
1072.341,0.14664
1070.412,0.14193
1068.484,0.13773
1066.555,0.13381
1064.626,0.13047
1062.698,0.12782
1060.769,0.12554
1058.840,0.12352
1056.912,0.12186
1054.983,0.12033
1053.054,0.11876
1051.126,0.11744
1049.197,0.11635
1047.268,0.11522
1045.339,0.11416
1043.411,0.11338
1041.482,0.11268
1039.553,0.11208
1037.625,0.11183
1035.696,0.11185
1033.767,0.11218
1031.839,0.11407
1029.910,0.11934
1027.981,0.12676
1026.053,0.13061
1024.124,0.12737
1022.195,0.12055
1020.267,0.11480
1018.338,0.11121
1016.409,0.10888
1014.481,0.10697
1012.552,0.10542
1010.623,0.10435
1008.695,0.10342
1006.766,0.10255
1004.837,0.10190
1002.909,0.10123
1000.980,0.10022
999.051,0.09916
997.123,0.09823
995.194,0.09720
993.265,0.09617
991.337,0.09539
989.408,0.09464
987.479,0.09378
985.551,0.09308
983.622,0.09255
981.693,0.09183
979.765,0.09109
977.836,0.09054
975.907,0.08990
973.979,0.08914
972.050,0.08861
970.121,0.08815
968.193,0.08751
966.264,0.08693
964.335,0.08649
962.407,0.08586
960.478,0.08514
958.549,0.08462
956.621,0.08406
954.692,0.08334
952.763,0.08289
950.835,0.08274
948.906,0.08302
946.977,0.08533
945.049,0.09387
943.120,0.11445
941.191,0.14593
939.263,0.17025
937.334,0.16716
935.405,0.14328
933.477,0.11964
931.548,0.10537
929.619,0.10146
927.691,0.11034
925.762,0.12616
923.833,0.13028
921.905,0.11968
919.976,0.11666
918.047,0.13820
916.119,0.17967
914.190,0.22655
912.261,0.27509
910.333,0.32749
908.404,0.36815
906.475,0.36363
904.547,0.30829
902.618,0.24254
900.689,0.19646
898.761,0.16953
896.832,0.15272
894.903,0.14119
892.975,0.13316
891.046,0.12717
889.117,0.12219
887.189,0.11809
885.260,0.11467
883.331,0.11163
881.402,0.10906
879.474,0.10707
877.545,0.10525
875.616,0.10363
873.688,0.10253
871.759,0.10154
869.830,0.10021
867.902,0.09880
865.973,0.09756
864.044,0.09623
862.116,0.09507
860.187,0.09443
858.258,0.09397
856.330,0.09340
854.401,0.09292
852.472,0.09245
850.544,0.09162
848.615,0.09068
846.686,0.08975
844.758,0.08849
842.829,0.08709
840.900,0.08603
838.972,0.08517
837.043,0.08416
835.114,0.08335
833.186,0.08269
831.257,0.08188
829.328,0.08202
827.400,0.08429
825.471,0.08651
823.542,0.08548
821.614,0.08211
819.685,0.07913
817.756,0.07725
815.828,0.07616
813.899,0.07554
811.970,0.07488
810.042,0.07410
808.113,0.07357
806.184,0.07320
804.256,0.07289
802.327,0.07345
800.398,0.07691
798.470,0.09075
796.541,0.13131
794.612,0.19913
792.684,0.24009
790.755,0.20904
788.826,0.15431
786.898,0.11876
784.969,0.10018
783.040,0.08972
781.112,0.08353
779.183,0.07946
777.254,0.07727
775.326,0.07922
773.397,0.08818
771.468,0.10184
769.540,0.11161
767.611,0.11059
765.682,0.10170
763.754,0.09761
761.825,0.10494
759.896,0.11094
757.968,0.10249
756.039,0.08684
754.110,0.07541
752.182,0.07000
750.253,0.06915
748.324,0.07261
746.396,0.08129
744.467,0.09854
742.538,0.13052
740.610,0.18525
738.681,0.26360
736.752,0.34171
734.824,0.37520
732.895,0.34882
730.966,0.29549
729.038,0.25121
727.109,0.23374
725.180,0.25408
723.251,0.32175
721.323,0.42251
719.394,0.49492
717.465,0.48888
715.537,0.42777
713.608,0.35364
711.679,0.29895
709.751,0.27925
707.822,0.29019
705.893,0.31340
703.965,0.32085
702.036,0.29705
700.107,0.25699
698.179,0.22140
696.250,0.19606
694.321,0.17841
692.393,0.16593
690.464,0.15683
688.535,0.14968
686.607,0.14384
684.678,0.13915
682.749,0.13505
680.821,0.13127
678.892,0.12811
676.963,0.12543
675.035,0.12299
673.106,0.12119
671.177,0.12031
669.249,0.12020
667.320,0.12141
665.391,0.12414
663.463,0.12657
661.534,0.12659
659.605,0.12407
657.677,0.12020
655.748,0.11620
653.819,0.11339
651.891,0.11242
649.962,0.11345
648.033,0.11797
646.105,0.12872
644.176,0.14765
642.247,0.17302
640.319,0.19621
638.390,0.20495
636.461,0.19589
634.533,0.17787
632.604,0.16007
630.675,0.14566
628.747,0.13492
626.818,0.12745
624.889,0.12184
622.961,0.11708
621.032,0.11351
619.103,0.11084
617.175,0.10829
615.246,0.10615
613.317,0.10467
611.389,0.10308
609.460,0.10136
607.531,0.10018
605.603,0.09909
603.674,0.09770
601.745,0.09672
599.817,0.09609
597.888,0.09517
595.959,0.09436
594.031,0.09403
592.102,0.09348
590.173,0.09296
588.245,0.09336
586.316,0.09444
584.387,0.09623
582.459,0.09968
580.530,0.10359
578.601,0.10485
576.673,0.10309
574.744,0.10043
572.815,0.09816
570.887,0.09754
568.958,0.09967
567.029,0.10266
565.101,0.10337
563.172,0.10159
561.243,0.09869
559.314,0.09538
557.386,0.09266
555.457,0.09113
553.528,0.08983
551.600,0.08851
549.671,0.08793
547.742,0.08743
545.814,0.08638
543.885,0.08573
541.956,0.08547
540.028,0.08463
538.099,0.08379
536.170,0.08362
534.242,0.08316
532.313,0.08234
530.384,0.08210
528.456,0.08204
526.527,0.08158
524.598,0.08129
522.670,0.08120
520.741,0.08077
518.812,0.08074
516.884,0.08178
514.955,0.08334
513.026,0.08577
511.098,0.09026
509.169,0.09661
507.240,0.10322
505.312,0.10830
503.383,0.11033
501.454,0.10918
499.526,0.10646
497.597,0.10326
495.668,0.09961
493.740,0.09626
491.811,0.09409
489.882,0.09255
487.954,0.09105
486.025,0.08999
484.096,0.08936
482.168,0.08894
480.239,0.08898
478.310,0.08924
476.382,0.08932
474.453,0.08996
472.524,0.09180
470.596,0.09480
468.667,0.10012
466.738,0.10922
464.810,0.12058
462.881,0.12953
460.952,0.13184
459.024,0.12738
457.095,0.11974
455.166,0.11278
453.238,0.10772
451.309,0.10353
449.380,0.09959
447.452,0.09653
445.523,0.09445
443.594,0.09282
441.666,0.09143
439.737,0.09008
437.808,0.08870
435.880,0.08776
433.951,0.08728
432.022,0.08664
430.094,0.08614
428.165,0.08646
426.236,0.08738
424.308,0.08863
422.379,0.09007
420.450,0.09130
418.522,0.09287
416.593,0.09585
414.664,0.10047
412.736,0.10710
410.807,0.11606
408.878,0.12756
406.950,0.14194
405.021,0.15940
403.092,0.18390
401.163,0.21804
399.235,0.25543
