7600.891,0.58712
7598.962,0.58704
7597.034,0.58712
7595.105,0.58680
7593.176,0.58609
7591.248,0.58539
7589.319,0.58499
7587.390,0.58499
7585.462,0.58527
7583.533,0.58547
7581.604,0.58544
7579.676,0.58523
7577.747,0.58476
7575.818,0.58423
7573.890,0.58408
7571.961,0.58390
7570.032,0.58341
7568.104,0.58322
7566.175,0.58345
7564.246,0.58357
7562.318,0.58339
7560.389,0.58298
7558.460,0.58261
7556.532,0.58245
7554.603,0.58235
7552.674,0.58215
7550.746,0.58192
7548.817,0.58188
7546.888,0.58221
7544.960,0.58247
7543.031,0.58201
7541.102,0.58113
7539.174,0.58073
7537.245,0.58073
7535.316,0.58064
7533.388,0.58048
7531.459,0.58025
7529.530,0.57989
7527.602,0.57960
7525.673,0.57958
7523.744,0.57961
7521.816,0.57940
7519.887,0.57921
7517.958,0.57923
7516.030,0.57918
7514.101,0.57880
7512.172,0.57824
7510.244,0.57785
7508.315,0.57785
7506.386,0.57807
7504.458,0.57811
7502.529,0.57788
7500.600,0.57748
7498.672,0.57697
7496.743,0.57669
7494.814,0.57680
7492.885,0.57696
7490.957,0.57705
7489.028,0.57717
7487.099,0.57700
7485.171,0.57635
7483.242,0.57561
7481.313,0.57510
7479.385,0.57494
7477.456,0.57512
7475.527,0.57526
7473.599,0.57511
7471.670,0.57487
7469.741,0.57475
7467.813,0.57479
7465.884,0.57485
7463.955,0.57459
7462.027,0.57410
7460.098,0.57376
7458.169,0.57359
7456.241,0.57332
7454.312,0.57310
7452.383,0.57319
7450.455,0.57337
7448.526,0.57345
7446.597,0.57322
7444.669,0.57255
7442.740,0.57193
7440.811,0.57178
7438.883,0.57182
7436.954,0.57169
7435.025,0.57134
7433.097,0.57093
7431.168,0.57072
7429.239,0.57062
7427.311,0.57048
7425.382,0.57045
7423.453,0.57056
7421.525,0.57050
7419.596,0.57022
7417.667,0.56998
7415.739,0.56985
7413.810,0.56975
7411.881,0.56962
7409.953,0.56937
7408.024,0.56909
7406.095,0.56890
7404.167,0.56872
7402.238,0.56863
7400.309,0.56863
7398.381,0.56841
7396.452,0.56805
7394.523,0.56787
7392.595,0.56787
7390.666,0.56791
7388.737,0.56779
7386.809,0.56757
7384.880,0.56756
7382.951,0.56757
7381.023,0.56725
7379.094,0.56688
7377.165,0.56666
7375.237,0.56637
7373.308,0.56608
7371.379,0.56594
7369.451,0.56579
7367.522,0.56548
7365.593,0.56518
7363.665,0.56495
7361.736,0.56477
7359.807,0.56475
7357.879,0.56487
7355.950,0.56493
7354.021,0.56472
7352.093,0.56417
7350.164,0.56355
7348.235,0.56317
7346.307,0.56302
7344.378,0.56293
7342.449,0.56285
7340.521,0.56286
7338.592,0.56284
7336.663,0.56253
7334.734,0.56213
7332.806,0.56195
7330.877,0.56191
7328.948,0.56191
7327.020,0.56193
7325.091,0.56186
7323.162,0.56171
7321.234,0.56146
7319.305,0.56120
7317.376,0.56107
7315.448,0.56092
7313.519,0.56058
7311.590,0.56022
7309.662,0.56008
7307.733,0.56005
7305.804,0.55998
7303.876,0.55991
7301.947,0.55977
7300.018,0.55945
7298.090,0.55919
7296.161,0.55922
7294.232,0.55931
7292.304,0.55925
7290.375,0.55911
7288.446,0.55889
7286.518,0.55850
7284.589,0.55812
7282.660,0.55794
7280.732,0.55782
7278.803,0.55759
7276.874,0.55727
7274.946,0.55693
7273.017,0.55655
7271.088,0.55620
7269.160,0.55610
7267.231,0.55635
7265.302,0.55673
7263.374,0.55673
7261.445,0.55618
7259.516,0.55558
7257.588,0.55533
7255.659,0.55528
7253.730,0.55521
7251.802,0.55511
7249.873,0.55492
7247.944,0.55464
7246.016,0.55439
7244.087,0.55425
7242.158,0.55417
7240.230,0.55402
7238.301,0.55389
7236.372,0.55384
7234.444,0.55377
7232.515,0.55356
7230.586,0.55328
7228.658,0.55304
7226.729,0.55291
7224.800,0.55287
7222.872,0.55282
7220.943,0.55290
7219.014,0.55299
7217.086,0.55277
7215.157,0.55235
7213.228,0.55213
7211.300,0.55214
7209.371,0.55210
7207.442,0.55187
7205.514,0.55157
7203.585,0.55122
7201.656,0.55074
7199.728,0.55049
7197.799,0.55064
7195.870,0.55076
7193.942,0.55051
7192.013,0.55005
7190.084,0.54954
7188.156,0.54926
7186.227,0.54928
7184.298,0.54927
7182.370,0.54911
7180.441,0.54887
7178.512,0.54866
7176.584,0.54845
7174.655,0.54816
7172.726,0.54794
7170.797,0.54802
7168.869,0.54829
7166.940,0.54851
7165.011,0.54849
7163.083,0.54810
7161.154,0.54761
7159.225,0.54732
7157.297,0.54712
7155.368,0.54692
7153.439,0.54672
7151.511,0.54647
7149.582,0.54631
7147.653,0.54625
7145.725,0.54608
7143.796,0.54583
7141.867,0.54571
7139.939,0.54568
7138.010,0.54545
7136.081,0.54510
7134.153,0.54496
7132.224,0.54499
7130.295,0.54498
7128.367,0.54482
7126.438,0.54449
7124.509,0.54420
7122.581,0.54403
7120.652,0.54384
7118.723,0.54363
7116.795,0.54340
7114.866,0.54315
7112.937,0.54301
7111.009,0.54305
7109.080,0.54322
7107.151,0.54337
7105.223,0.54334
7103.294,0.54300
7101.365,0.54251
7099.437,0.54221
7097.508,0.54201
7095.579,0.54174
7093.651,0.54152
7091.722,0.54141
7089.793,0.54133
7087.865,0.54128
7085.936,0.54129
7084.007,0.54123
7082.079,0.54090
7080.150,0.54044
7078.221,0.54022
7076.293,0.54022
7074.364,0.54013
7072.435,0.53996
7070.507,0.53987
7068.578,0.53985
7066.649,0.53962
7064.721,0.53913
7062.792,0.53881
7060.863,0.53888
7058.935,0.53894
7057.006,0.53876
7055.077,0.53843
7053.149,0.53813
7051.220,0.53802
7049.291,0.53810
7047.363,0.53806
7045.434,0.53778
7043.505,0.53748
7041.577,0.53728
7039.648,0.53718
7037.719,0.53719
7035.791,0.53723
7033.862,0.53717
7031.933,0.53694
7030.005,0.53664
7028.076,0.53638
7026.147,0.53620
7024.219,0.53615
7022.290,0.53611
7020.361,0.53583
7018.433,0.53541
7016.504,0.53512
7014.575,0.53509
7012.646,0.53523
7010.718,0.53533
7008.789,0.53526
7006.860,0.53510
7004.932,0.53491
7003.003,0.53461
7001.074,0.53412
6999.146,0.53372
6997.217,0.53356
6995.288,0.53337
6993.360,0.53324
6991.431,0.53333
6989.502,0.53342
6987.574,0.53330
6985.645,0.53309
6983.716,0.53293
6981.788,0.53283
6979.859,0.53270
6977.930,0.53245
6976.002,0.53209
6974.073,0.53181
6972.144,0.53178
6970.216,0.53198
6968.287,0.53219
6966.358,0.53215
6964.430,0.53183
6962.501,0.53146
6960.572,0.53118
6958.644,0.53095
6956.715,0.53075
6954.786,0.53065
6952.858,0.53063
6950.929,0.53040
6949.000,0.52998
6947.072,0.52969
6945.143,0.52957
6943.214,0.52940
6941.286,0.52919
6939.357,0.52898
6937.428,0.52881
6935.500,0.52869
6933.571,0.52852
6931.642,0.52835
6929.714,0.52827
6927.785,0.52816
6925.856,0.52790
6923.928,0.52769
6921.999,0.52754
6920.070,0.52728
6918.142,0.52706
6916.213,0.52702
6914.284,0.52684
6912.356,0.52651
6910.427,0.52636
6908.498,0.52634
6906.570,0.52608
6904.641,0.52568
6902.712,0.52555
6900.784,0.52558
6898.855,0.52552
6896.926,0.52535
6894.998,0.52513
6893.069,0.52488
6891.140,0.52465
6889.212,0.52450
6887.283,0.52439
6885.354,0.52422
6883.426,0.52397
6881.497,0.52367
6879.568,0.52343
6877.640,0.52322
6875.711,0.52302
6873.782,0.52294
6871.854,0.52297
6869.925,0.52285
6867.996,0.52256
6866.068,0.52238
6864.139,0.52239
6862.210,0.52236
6860.282,0.52219
6858.353,0.52195
6856.424,0.52168
6854.496,0.52139
6852.567,0.52112
6850.638,0.52076
6848.709,0.52033
6846.781,0.52002
6844.852,0.51989
6842.923,0.51980
6840.995,0.51969
6839.066,0.51956
6837.137,0.51944
6835.209,0.51933
6833.280,0.51923
6831.351,0.51913
6829.423,0.51895
6827.494,0.51876
6825.565,0.51865
6823.637,0.51853
6821.708,0.51826
6819.779,0.51792
6817.851,0.51768
6815.922,0.51750
6813.993,0.51723
6812.065,0.51698
6810.136,0.51682
6808.207,0.51671
6806.279,0.51657
6804.350,0.51636
6802.421,0.51613
6800.493,0.51601
6798.564,0.51601
6796.635,0.51589
6794.707,0.51556
6792.778,0.51521
6790.849,0.51497
6788.921,0.51479
6786.992,0.51466
6785.063,0.51453
6783.135,0.51433
6781.206,0.51411
6779.277,0.51395
6777.349,0.51383
6775.420,0.51378
6773.491,0.51378
6771.563,0.51371
6769.634,0.51354
6767.705,0.51334
6765.777,0.51310
6763.848,0.51280
6761.919,0.51248
6759.991,0.51226
6758.062,0.51206
6756.133,0.51175
6754.205,0.51143
6752.276,0.51125
6750.347,0.51118
6748.419,0.51113
6746.490,0.51097
6744.561,0.51079
6742.633,0.51070
6740.704,0.51060
6738.775,0.51036
6736.847,0.51005
6734.918,0.50986
6732.989,0.50980
6731.061,0.50977
6729.132,0.50968
6727.203,0.50942
6725.275,0.50905
6723.346,0.50869
6721.417,0.50836
6719.489,0.50817
6717.560,0.50806
6715.631,0.50786
6713.703,0.50759
6711.774,0.50736
6709.845,0.50724
6707.917,0.50722
6705.988,0.50711
6704.059,0.50690
6702.131,0.50672
6700.202,0.50661
6698.273,0.50653
6696.345,0.50642
6694.416,0.50624
6692.487,0.50601
6690.558,0.50583
6688.630,0.50575
6686.701,0.50563
6684.772,0.50534
6682.844,0.50507
6680.915,0.50497
6678.986,0.50492
6677.058,0.50480
6675.129,0.50458
6673.200,0.50432
6671.272,0.50411
6669.343,0.50394
6667.414,0.50378
6665.486,0.50364
6663.557,0.50341
6661.628,0.50304
6659.700,0.50278
6657.771,0.50276
6655.842,0.50273
6653.914,0.50254
6651.985,0.50241
6650.056,0.50241
6648.128,0.50235
6646.199,0.50208
6644.270,0.50168
6642.342,0.50129
6640.413,0.50102
6638.484,0.50094
6636.556,0.50094
6634.627,0.50087
6632.698,0.50067
6630.770,0.50038
6628.841,0.50011
6626.912,0.49990
6624.984,0.49980
6623.055,0.49977
6621.126,0.49966
6619.198,0.49941
6617.269,0.49914
6615.340,0.49898
6613.412,0.49886
6611.483,0.49865
6609.554,0.49839
6607.626,0.49824
6605.697,0.49816
6603.768,0.49806
6601.840,0.49792
6599.911,0.49767
6597.982,0.49743
6596.054,0.49729
6594.125,0.49714
6592.196,0.49687
6590.268,0.49660
6588.339,0.49649
6586.410,0.49644
6584.482,0.49626
6582.553,0.49596
6580.624,0.49575
6578.696,0.49565
6576.767,0.49550
6574.838,0.49525
6572.910,0.49503
6570.981,0.49488
6569.052,0.49479
6567.124,0.49468
6565.195,0.49447
6563.266,0.49417
6561.338,0.49389
6559.409,0.49371
6557.480,0.49360
6555.552,0.49349
6553.623,0.49337
6551.694,0.49321
6549.766,0.49301
6547.837,0.49284
6545.908,0.49264
6543.980,0.49237
6542.051,0.49213
6540.122,0.49201
6538.194,0.49194
6536.265,0.49182
6534.336,0.49169
6532.408,0.49153
6530.479,0.49135
6528.550,0.49114
6526.621,0.49085
6524.693,0.49057
6522.764,0.49047
6520.835,0.49052
6518.907,0.49044
6516.978,0.49016
6515.049,0.48981
6513.121,0.48946
6511.192,0.48920
6509.263,0.48909
6507.335,0.48898
6505.406,0.48880
6503.477,0.48866
6501.549,0.48855
6499.620,0.48840
6497.691,0.48824
6495.763,0.48801
6493.834,0.48776
6491.905,0.48755
6489.977,0.48743
6488.048,0.48737
6486.119,0.48720
6484.191,0.48694
6482.262,0.48675
6480.333,0.48660
6478.405,0.48640
6476.476,0.48620
6474.547,0.48604
6472.619,0.48591
6470.690,0.48578
6468.761,0.48569
6466.833,0.48557
6464.904,0.48540
6462.975,0.48521
6461.047,0.48501
6459.118,0.48483
6457.189,0.48471
6455.261,0.48460
6453.332,0.48437
6451.403,0.48402
6449.475,0.48369
6447.546,0.48346
6445.617,0.48330
6443.689,0.48316
6441.760,0.48298
6439.831,0.48276
6437.903,0.48264
6435.974,0.48258
6434.045,0.48246
6432.117,0.48233
6430.188,0.48218
6428.259,0.48195
6426.331,0.48169
6424.402,0.48152
6422.473,0.48134
6420.545,0.48113
6418.616,0.48094
6416.687,0.48079
6414.759,0.48066
6412.830,0.48053
6410.901,0.48037
6408.973,0.48013
6407.044,0.47989
6405.115,0.47968
6403.187,0.47941
6401.258,0.47921
6399.329,0.47918
6397.401,0.47915
6395.472,0.47894
6393.543,0.47869
6391.615,0.47853
6389.686,0.47835
6387.757,0.47804
6385.829,0.47773
6383.900,0.47752
6381.971,0.47738
6380.043,0.47724
6378.114,0.47706
6376.185,0.47686
6374.257,0.47667
6372.328,0.47653
6370.399,0.47643
6368.471,0.47627
6366.542,0.47603
6364.613,0.47576
6362.684,0.47557
6360.756,0.47549
6358.827,0.47539
6356.898,0.47521
6354.970,0.47505
6353.041,0.47490
6351.112,0.47469
6349.184,0.47446
6347.255,0.47428
6345.326,0.47412
6343.398,0.47392
6341.469,0.47370
6339.540,0.47350
6337.612,0.47335
6335.683,0.47318
6333.754,0.47297
6331.826,0.47278
6329.897,0.47266
6327.968,0.47255
6326.040,0.47235
6324.111,0.47202
6322.182,0.47176
6320.254,0.47169
6318.325,0.47166
6316.396,0.47150
6314.468,0.47125
6312.539,0.47105
6310.610,0.47091
6308.682,0.47072
6306.753,0.47050
6304.824,0.47032
6302.896,0.47016
6300.967,0.46998
6299.038,0.46985
6297.110,0.46975
6295.181,0.46964
6293.252,0.46950
6291.324,0.46929
6289.395,0.46894
6287.466,0.46862
6285.538,0.46849
6283.609,0.46846
6281.680,0.46833
6279.752,0.46816
6277.823,0.46800
6275.894,0.46776
6273.966,0.46749
6272.037,0.46730
6270.108,0.46713
6268.180,0.46692
6266.251,0.46671
6264.322,0.46657
6262.394,0.46651
6260.465,0.46636
6258.536,0.46608
6256.608,0.46580
6254.679,0.46565
6252.750,0.46556
6250.822,0.46546
6248.893,0.46535
6246.964,0.46524
6245.036,0.46507
6243.107,0.46487
6241.178,0.46464
6239.250,0.46440
6237.321,0.46420
6235.392,0.46402
6233.464,0.46386
6231.535,0.46376
6229.606,0.46374
6227.678,0.46370
6225.749,0.46360
6223.820,0.46349
6221.892,0.46342
6219.963,0.46352
6218.034,0.46382
6216.106,0.46417
6214.177,0.46445
6212.248,0.46477
6210.320,0.46518
6208.391,0.46552
6206.462,0.46572
6204.533,0.46590
6202.605,0.46605
6200.676,0.46609
6198.747,0.46615
6196.819,0.46627
6194.890,0.46634
6192.961,0.46621
6191.033,0.46583
6189.104,0.46530
6187.175,0.46482
6185.247,0.46441
6183.318,0.46407
6181.389,0.46381
6179.461,0.46363
6177.532,0.46349
6175.603,0.46338
6173.675,0.46325
6171.746,0.46306
6169.817,0.46284
6167.889,0.46264
6165.960,0.46238
6164.031,0.46205
6162.103,0.46170
6160.174,0.46135
6158.245,0.46093
6156.317,0.46052
6154.388,0.46021
6152.459,0.45992
6150.531,0.45957
6148.602,0.45924
6146.673,0.45899
6144.745,0.45885
6142.816,0.45876
6140.887,0.45866
6138.959,0.45852
6137.030,0.45833
6135.101,0.45818
6133.173,0.45813
6131.244,0.45810
6129.315,0.45798
6127.387,0.45782
6125.458,0.45774
6123.529,0.45780
6121.601,0.45793
6119.672,0.45793
6117.743,0.45778
6115.815,0.45768
6113.886,0.45767
6111.957,0.45755
6110.029,0.45728
6108.100,0.45693
6106.171,0.45659
6104.243,0.45626
6102.314,0.45587
6100.385,0.45544
6098.457,0.45511
6096.528,0.45486
6094.599,0.45456
6092.671,0.45423
6090.742,0.45389
6088.813,0.45358
6086.885,0.45333
6084.956,0.45305
6083.027,0.45273
6081.099,0.45249
6079.170,0.45230
6077.241,0.45205
6075.313,0.45177
6073.384,0.45154
6071.455,0.45138
6069.527,0.45124
6067.598,0.45115
6065.669,0.45099
6063.741,0.45072
6061.812,0.45050
6059.883,0.45037
6057.955,0.45026
6056.026,0.45011
6054.097,0.44990
6052.169,0.44971
6050.240,0.44958
6048.311,0.44940
6046.383,0.44918
6044.454,0.44902
6042.525,0.44892
6040.596,0.44884
6038.668,0.44875
6036.739,0.44862
6034.810,0.44849
6032.882,0.44838
6030.953,0.44820
6029.024,0.44797
6027.096,0.44776
6025.167,0.44758
6023.238,0.44737
6021.310,0.44712
6019.381,0.44689
6017.452,0.44674
6015.524,0.44658
6013.595,0.44630
6011.666,0.44595
6009.738,0.44568
6007.809,0.44548
6005.880,0.44532
6003.952,0.44518
6002.023,0.44502
6000.094,0.44490
5998.166,0.44479
5996.237,0.44460
5994.308,0.44434
5992.380,0.44408
5990.451,0.44387
5988.522,0.44369
5986.594,0.44355
5984.665,0.44339
5982.736,0.44316
5980.808,0.44294
5978.879,0.44279
5976.950,0.44268
5975.022,0.44257
5973.093,0.44246
5971.164,0.44236
5969.236,0.44221
5967.307,0.44201
5965.378,0.44177
5963.450,0.44150
5961.521,0.44125
5959.592,0.44105
5957.664,0.44091
5955.735,0.44079
5953.806,0.44065
5951.878,0.44049
5949.949,0.44032
5948.020,0.44012
5946.092,0.43998
5944.163,0.43995
5942.234,0.43994
5940.306,0.43986
5938.377,0.43968
5936.448,0.43949
5934.520,0.43935
5932.591,0.43925
5930.662,0.43916
5928.734,0.43906
5926.805,0.43893
5924.876,0.43882
5922.948,0.43873
5921.019,0.43865
5919.090,0.43856
5917.162,0.43854
5915.233,0.43856
5913.304,0.43848
5911.376,0.43824
5909.447,0.43799
5907.518,0.43782
5905.590,0.43762
5903.661,0.43729
5901.732,0.43691
5899.804,0.43657
5897.875,0.43627
5895.946,0.43600
5894.018,0.43578
5892.089,0.43561
5890.160,0.43545
5888.232,0.43525
5886.303,0.43508
5884.374,0.43503
5882.445,0.43499
5880.517,0.43487
5878.588,0.43471
5876.659,0.43459
5874.731,0.43451
5872.802,0.43439
5870.873,0.43424
5868.945,0.43414
5867.016,0.43416
5865.087,0.43428
5863.159,0.43437
5861.230,0.43434
5859.301,0.43424
5857.373,0.43411
5855.444,0.43401
5853.515,0.43399
5851.587,0.43399
5849.658,0.43401
5847.729,0.43408
5845.801,0.43411
5843.872,0.43408
5841.943,0.43408
5840.015,0.43414
5838.086,0.43413
5836.157,0.43399
5834.229,0.43378
5832.300,0.43354
5830.371,0.43325
5828.443,0.43289
5826.514,0.43244
5824.585,0.43198
5822.657,0.43154
5820.728,0.43115
5818.799,0.43081
5816.871,0.43051
5814.942,0.43020
5813.013,0.42991
5811.085,0.42968
5809.156,0.42948
5807.227,0.42927
5805.299,0.42906
5803.370,0.42890
5801.441,0.42871
5799.513,0.42847
5797.584,0.42826
5795.655,0.42818
5793.727,0.42813
5791.798,0.42798
5789.869,0.42774
5787.941,0.42750
5786.012,0.42731
5784.083,0.42715
5782.155,0.42695
5780.226,0.42673
5778.297,0.42654
5776.369,0.42632
5774.440,0.42606
5772.511,0.42586
5770.583,0.42572
5768.654,0.42554
5766.725,0.42532
5764.797,0.42511
5762.868,0.42494
5760.939,0.42479
5759.011,0.42460
5757.082,0.42432
5755.153,0.42403
5753.225,0.42384
5751.296,0.42376
5749.367,0.42367
5747.439,0.42349
5745.510,0.42321
5743.581,0.42291
5741.653,0.42267
5739.724,0.42246
5737.795,0.42222
5735.867,0.42197
5733.938,0.42172
5732.009,0.42147
5730.081,0.42124
5728.152,0.42107
5726.223,0.42095
5724.295,0.42083
5722.366,0.42071
5720.437,0.42067
5718.508,0.42062
5716.580,0.42052
5714.651,0.42045
5712.722,0.42046
5710.794,0.42049
5708.865,0.42052
5706.936,0.42058
5705.008,0.42071
5703.079,0.42088
5701.150,0.42101
5699.222,0.42103
5697.293,0.42088
5695.364,0.42052
5693.436,0.41992
5691.507,0.41921
5689.578,0.41860
5687.650,0.41817
5685.721,0.41782
5683.792,0.41745
5681.864,0.41709
5679.935,0.41680
5678.006,0.41652
5676.078,0.41623
5674.149,0.41599
5672.220,0.41577
5670.292,0.41553
5668.363,0.41528
5666.434,0.41507
5664.506,0.41488
5662.577,0.41474
5660.648,0.41461
5658.720,0.41437
5656.791,0.41407
5654.862,0.41383
5652.934,0.41364
5651.005,0.41348
5649.076,0.41334
5647.148,0.41317
5645.219,0.41296
5643.290,0.41272
5641.362,0.41247
5639.433,0.41226
5637.504,0.41205
5635.576,0.41181
5633.647,0.41156
5631.718,0.41135
5629.790,0.41116
5627.861,0.41098
5625.932,0.41081
5624.004,0.41067
5622.075,0.41051
5620.146,0.41029
5618.218,0.41005
5616.289,0.40983
5614.360,0.40965
5612.432,0.40947
5610.503,0.40927
5608.574,0.40905
5606.646,0.40890
5604.717,0.40882
5602.788,0.40865
5600.860,0.40841
5598.931,0.40820
5597.002,0.40807
5595.074,0.40796
5593.145,0.40776
5591.216,0.40750
5589.288,0.40725
5587.359,0.40701
5585.430,0.40680
5583.502,0.40662
5581.573,0.40646
5579.644,0.40630
5577.716,0.40614
5575.787,0.40598
5573.858,0.40578
5571.930,0.40559
5570.001,0.40543
5568.072,0.40529
5566.144,0.40515
5564.215,0.40500
5562.286,0.40480
5560.357,0.40461
5558.429,0.40446
5556.500,0.40431
5554.571,0.40413
5552.643,0.40396
5550.714,0.40380
5548.785,0.40361
5546.857,0.40339
5544.928,0.40316
5542.999,0.40293
5541.071,0.40275
5539.142,0.40257
5537.213,0.40238
5535.285,0.40218
5533.356,0.40200
5531.427,0.40184
5529.499,0.40169
5527.570,0.40157
5525.641,0.40148
5523.713,0.40133
5521.784,0.40112
5519.855,0.40095
5517.927,0.40079
5515.998,0.40060
5514.069,0.40042
5512.141,0.40026
5510.212,0.40013
5508.283,0.40000
5506.355,0.39982
5504.426,0.39959
5502.497,0.39936
5500.569,0.39919
5498.640,0.39908
5496.711,0.39895
5494.783,0.39880
5492.854,0.39864
5490.925,0.39845
5488.997,0.39824
5487.068,0.39805
5485.139,0.39787
5483.211,0.39772
5481.282,0.39756
5479.353,0.39739
5477.425,0.39725
5475.496,0.39712
5473.567,0.39696
5471.639,0.39675
5469.710,0.39654
5467.781,0.39633
5465.853,0.39610
5463.924,0.39593
5461.995,0.39581
5460.067,0.39564
5458.138,0.39545
5456.209,0.39528
5454.281,0.39517
5452.352,0.39503
5450.423,0.39484
5448.495,0.39460
5446.566,0.39440
5444.637,0.39427
5442.709,0.39414
5440.780,0.39399
5438.851,0.39380
5436.923,0.39360
5434.994,0.39342
5433.065,0.39323
5431.137,0.39303
5429.208,0.39289
5427.279,0.39280
5425.351,0.39269
5423.422,0.39254
5421.493,0.39233
5419.565,0.39212
5417.636,0.39195
5415.707,0.39182
5413.779,0.39170
5411.850,0.39153
5409.921,0.39130
5407.993,0.39107
5406.064,0.39086
5404.135,0.39072
5402.207,0.39061
5400.278,0.39047
5398.349,0.39029
5396.420,0.39009
5394.492,0.38989
5392.563,0.38970
5390.634,0.38952
5388.706,0.38934
5386.777,0.38914
5384.848,0.38892
5382.920,0.38874
5380.991,0.38860
5379.062,0.38844
5377.134,0.38829
5375.205,0.38813
5373.276,0.38794
5371.348,0.38772
5369.419,0.38751
5367.490,0.38732
5365.562,0.38713
5363.633,0.38693
5361.704,0.38670
5359.776,0.38650
5357.847,0.38634
5355.918,0.38621
5353.990,0.38609
5352.061,0.38598
5350.132,0.38583
5348.204,0.38563
5346.275,0.38542
5344.346,0.38524
5342.418,0.38505
5340.489,0.38485
5338.560,0.38467
5336.632,0.38452
5334.703,0.38437
5332.774,0.38424
5330.846,0.38411
5328.917,0.38393
5326.988,0.38373
5325.060,0.38351
5323.131,0.38330
5321.202,0.38310
5319.274,0.38292
5317.345,0.38276
5315.416,0.38262
5313.488,0.38248
5311.559,0.38231
5309.630,0.38215
5307.702,0.38198
5305.773,0.38178
5303.844,0.38154
5301.916,0.38133
5299.987,0.38115
5298.058,0.38100
5296.130,0.38087
5294.201,0.38074
5292.272,0.38057
5290.344,0.38039
5288.415,0.38025
5286.486,0.38013
5284.558,0.38001
5282.629,0.37985
5280.700,0.37967
5278.772,0.37948
5276.843,0.37928
5274.914,0.37908
5272.986,0.37891
5271.057,0.37878
5269.128,0.37867
5267.200,0.37849
5265.271,0.37825
5263.342,0.37805
5261.414,0.37793
5259.485,0.37784
5257.556,0.37771
5255.628,0.37749
5253.699,0.37725
5251.770,0.37702
5249.842,0.37681
5247.913,0.37662
5245.984,0.37648
5244.056,0.37636
5242.127,0.37622
5240.198,0.37604
5238.269,0.37582
5236.341,0.37564
5234.412,0.37550
5232.483,0.37535
5230.555,0.37515
5228.626,0.37497
5226.697,0.37484
5224.769,0.37471
5222.840,0.37455
5220.911,0.37437
5218.983,0.37421
5217.054,0.37404
5215.125,0.37386
5213.197,0.37368
5211.268,0.37352
5209.339,0.37333
5207.411,0.37313
5205.482,0.37298
5203.553,0.37285
5201.625,0.37267
5199.696,0.37245
5197.767,0.37226
5195.839,0.37214
5193.910,0.37203
5191.981,0.37185
5190.053,0.37164
5188.124,0.37146
5186.195,0.37134
5184.267,0.37122
5182.338,0.37104
5180.409,0.37083
5178.481,0.37067
5176.552,0.37055
5174.623,0.37036
5172.695,0.37015
5170.766,0.36998
5168.837,0.36983
5166.909,0.36965
5164.980,0.36950
5163.051,0.36935
5161.123,0.36917
5159.194,0.36898
5157.265,0.36881
5155.337,0.36868
5153.408,0.36857
5151.479,0.36845
5149.551,0.36827
5147.622,0.36806
5145.693,0.36789
5143.765,0.36775
5141.836,0.36758
5139.907,0.36738
5137.979,0.36719
5136.050,0.36705
5134.121,0.36692
5132.193,0.36677
5130.264,0.36658
5128.335,0.36636
5126.407,0.36616
5124.478,0.36602
5122.549,0.36592
5120.621,0.36580
5118.692,0.36560
5116.763,0.36535
5114.835,0.36514
5112.906,0.36499
5110.977,0.36484
5109.049,0.36466
5107.120,0.36447
5105.191,0.36429
5103.263,0.36411
5101.334,0.36391
5099.405,0.36373
5097.477,0.36357
5095.548,0.36340
5093.619,0.36322
5091.691,0.36306
5089.762,0.36293
5087.833,0.36279
5085.905,0.36263
5083.976,0.36247
5082.047,0.36229
5080.119,0.36206
5078.190,0.36187
5076.261,0.36175
5074.332,0.36163
5072.404,0.36145
5070.475,0.36126
5068.546,0.36106
5066.618,0.36087
5064.689,0.36069
5062.760,0.36051
5060.832,0.36034
5058.903,0.36019
5056.974,0.36004
5055.046,0.35985
5053.117,0.35964
5051.188,0.35947
5049.260,0.35930
5047.331,0.35913
5045.402,0.35896
5043.474,0.35880
5041.545,0.35866
5039.616,0.35852
5037.688,0.35835
5035.759,0.35812
5033.830,0.35789
5031.902,0.35773
5029.973,0.35758
5028.044,0.35738
5026.116,0.35717
5024.187,0.35696
5022.258,0.35677
5020.330,0.35661
5018.401,0.35648
5016.472,0.35634
5014.544,0.35613
5012.615,0.35591
5010.686,0.35574
5008.758,0.35559
5006.829,0.35544
5004.900,0.35530
5002.972,0.35515
5001.043,0.35496
4999.114,0.35475
4997.186,0.35455
4995.257,0.35436
4993.328,0.35421
4991.400,0.35411
4989.471,0.35397
4987.542,0.35375
4985.614,0.35352
4983.685,0.35336
4981.756,0.35322
4979.828,0.35311
4977.899,0.35300
4975.970,0.35284
4974.042,0.35263
4972.113,0.35238
4970.184,0.35218
4968.256,0.35204
4966.327,0.35190
4964.398,0.35175
4962.470,0.35157
4960.541,0.35138
4958.612,0.35120
4956.684,0.35105
4954.755,0.35090
4952.826,0.35075
4950.898,0.35060
4948.969,0.35041
4947.040,0.35022
4945.112,0.35007
4943.183,0.34994
4941.254,0.34976
4939.326,0.34959
4937.397,0.34943
4935.468,0.34924
4933.540,0.34902
4931.611,0.34886
4929.682,0.34872
4927.754,0.34854
4925.825,0.34836
4923.896,0.34820
4921.968,0.34806
4920.039,0.34789
4918.110,0.34771
4916.181,0.34753
4914.253,0.34736
4912.324,0.34723
4910.395,0.34710
4908.467,0.34696
4906.538,0.34682
4904.609,0.34666
4902.681,0.34644
4900.752,0.34621
4898.823,0.34605
4896.895,0.34591
4894.966,0.34573
4893.037,0.34554
4891.109,0.34537
4889.180,0.34522
4887.251,0.34508
4885.323,0.34495
4883.394,0.34480
4881.465,0.34462
4879.537,0.34441
4877.608,0.34421
4875.679,0.34402
4873.751,0.34385
4871.822,0.34372
4869.893,0.34360
4867.965,0.34341
4866.036,0.34319
4864.107,0.34297
4862.179,0.34275
4860.250,0.34254
4858.321,0.34239
4856.393,0.34230
4854.464,0.34215
4852.535,0.34192
4850.607,0.34172
4848.678,0.34157
4846.749,0.34141
4844.821,0.34123
4842.892,0.34111
4840.963,0.34100
4839.035,0.34086
4837.106,0.34071
4835.177,0.34055
4833.249,0.34039
4831.320,0.34023
4829.391,0.34006
4827.463,0.33985
4825.534,0.33963
4823.605,0.33945
4821.677,0.33933
4819.748,0.33920
4817.819,0.33905
4815.891,0.33888
4813.962,0.33868
4812.033,0.33848
4810.105,0.33833
4808.176,0.33820
4806.247,0.33804
4804.319,0.33787
4802.390,0.33767
4800.461,0.33748
4798.533,0.33733
4796.604,0.33720
4794.675,0.33706
4792.747,0.33691
4790.818,0.33676
4788.889,0.33659
4786.961,0.33637
4785.032,0.33614
4783.103,0.33597
4781.175,0.33588
4779.246,0.33578
4777.317,0.33561
4775.389,0.33540
4773.460,0.33521
4771.531,0.33505
4769.603,0.33488
4767.674,0.33469
4765.745,0.33453
4763.817,0.33439
4761.888,0.33419
4759.959,0.33400
4758.031,0.33385
4756.102,0.33372
4754.173,0.33357
4752.244,0.33341
4750.316,0.33325
4748.387,0.33308
4746.458,0.33289
4744.530,0.33271
4742.601,0.33256
4740.672,0.33239
4738.744,0.33221
4736.815,0.33201
4734.886,0.33182
4732.958,0.33165
4731.029,0.33152
4729.100,0.33138
4727.172,0.33120
4725.243,0.33103
4723.314,0.33092
4721.386,0.33080
4719.457,0.33064
4717.528,0.33046
4715.600,0.33029
4713.671,0.33013
4711.742,0.32998
4709.814,0.32985
4707.885,0.32970
4705.956,0.32954
4704.028,0.32942
4702.099,0.32933
4700.170,0.32920
4698.242,0.32903
4696.313,0.32883
4694.384,0.32863
4692.456,0.32844
4690.527,0.32825
4688.598,0.32806
4686.670,0.32789
4684.741,0.32774
4682.812,0.32761
4680.884,0.32748
4678.955,0.32731
4677.026,0.32711
4675.098,0.32690
4673.169,0.32671
4671.240,0.32653
4669.312,0.32636
4667.383,0.32620
4665.454,0.32606
4663.526,0.32592
4661.597,0.32577
4659.668,0.32561
4657.740,0.32549
4655.811,0.32538
4653.882,0.32525
4651.954,0.32509
4650.025,0.32496
4648.096,0.32482
4646.168,0.32465
4644.239,0.32446
4642.310,0.32429
4640.382,0.32411
4638.453,0.32393
4636.524,0.32376
4634.596,0.32361
4632.667,0.32345
4630.738,0.32329
4628.810,0.32310
4626.881,0.32291
4624.952,0.32272
4623.024,0.32255
4621.095,0.32238
4619.166,0.32223
4617.238,0.32209
4615.309,0.32194
4613.380,0.32177
4611.452,0.32163
4609.523,0.32152
4607.594,0.32139
4605.666,0.32123
4603.737,0.32105
4601.808,0.32089
4599.880,0.32074
4597.951,0.32058
4596.022,0.32043
4594.093,0.32029
4592.165,0.32016
4590.236,0.32006
4588.307,0.31997
4586.379,0.31987
4584.450,0.31975
4582.521,0.31963
4580.593,0.31954
4578.664,0.31947
4576.735,0.31938
4574.807,0.31930
4572.878,0.31921
4570.949,0.31907
4569.021,0.31890
4567.092,0.31872
4565.163,0.31851
4563.235,0.31829
4561.306,0.31807
4559.377,0.31786
4557.449,0.31767
4555.520,0.31748
4553.591,0.31731
4551.663,0.31714
4549.734,0.31691
4547.805,0.31669
4545.877,0.31653
4543.948,0.31638
4542.019,0.31618
4540.091,0.31597
4538.162,0.31578
4536.233,0.31561
4534.305,0.31542
4532.376,0.31523
4530.447,0.31507
4528.519,0.31493
4526.590,0.31477
4524.661,0.31460
4522.733,0.31446
4520.804,0.31436
4518.875,0.31425
4516.947,0.31410
4515.018,0.31398
4513.089,0.31392
4511.161,0.31384
4509.232,0.31371
4507.303,0.31356
4505.375,0.31341
4503.446,0.31325
4501.517,0.31308
4499.589,0.31291
4497.660,0.31273
4495.731,0.31257
4493.803,0.31241
4491.874,0.31227
4489.945,0.31211
4488.017,0.31192
4486.088,0.31174
4484.159,0.31156
4482.231,0.31140
4480.302,0.31128
4478.373,0.31116
4476.445,0.31100
4474.516,0.31086
4472.587,0.31077
4470.659,0.31069
4468.730,0.31058
4466.801,0.31048
4464.873,0.31043
4462.944,0.31042
4461.015,0.31045
4459.087,0.31050
4457.158,0.31054
4455.229,0.31050
4453.301,0.31035
4451.372,0.31016
4449.443,0.30997
4447.515,0.30976
4445.586,0.30953
4443.657,0.30928
4441.729,0.30902
4439.800,0.30875
4437.871,0.30851
4435.943,0.30829
4434.014,0.30809
4432.085,0.30790
4430.156,0.30776
4428.228,0.30764
4426.299,0.30748
4424.370,0.30729
4422.442,0.30711
4420.513,0.30694
4418.584,0.30678
4416.656,0.30661
4414.727,0.30647
4412.798,0.30634
4410.870,0.30619
4408.941,0.30603
4407.012,0.30587
4405.084,0.30570
4403.155,0.30553
4401.226,0.30540
4399.298,0.30528
4397.369,0.30511
4395.440,0.30491
4393.512,0.30476
4391.583,0.30467
4389.654,0.30461
4387.726,0.30455
4385.797,0.30452
4383.868,0.30454
4381.940,0.30455
4380.011,0.30451
4378.082,0.30440
4376.154,0.30422
4374.225,0.30400
4372.296,0.30379
4370.368,0.30360
4368.439,0.30340
4366.510,0.30313
4364.582,0.30285
4362.653,0.30262
4360.724,0.30239
4358.796,0.30215
4356.867,0.30195
4354.938,0.30178
4353.010,0.30162
4351.081,0.30148
4349.152,0.30135
4347.224,0.30124
4345.295,0.30113
4343.366,0.30103
4341.438,0.30095
4339.509,0.30088
4337.580,0.30087
4335.652,0.30087
4333.723,0.30085
4331.794,0.30079
4329.866,0.30074
4327.937,0.30074
4326.008,0.30080
4324.080,0.30084
4322.151,0.30073
4320.222,0.30036
4318.294,0.29981
4316.365,0.29922
4314.436,0.29873
4312.508,0.29835
4310.579,0.29806
4308.650,0.29790
4306.722,0.29780
4304.793,0.29770
4302.864,0.29760
4300.936,0.29751
4299.007,0.29744
4297.078,0.29733
4295.150,0.29718
4293.221,0.29700
4291.292,0.29682
4289.364,0.29660
4287.435,0.29635
4285.506,0.29613
4283.578,0.29594
4281.649,0.29579
4279.720,0.29572
4277.792,0.29575
4275.863,0.29582
4273.934,0.29590
4272.005,0.29595
4270.077,0.29592
4268.148,0.29579
4266.219,0.29563
4264.291,0.29548
4262.362,0.29531
4260.433,0.29514
4258.505,0.29499
4256.576,0.29490
4254.647,0.29482
4252.719,0.29469
4250.790,0.29443
4248.861,0.29403
4246.933,0.29362
4245.004,0.29327
4243.075,0.29297
4241.147,0.29269
4239.218,0.29247
4237.289,0.29230
4235.361,0.29217
4233.432,0.29207
4231.503,0.29196
4229.575,0.29182
4227.646,0.29169
4225.717,0.29157
4223.789,0.29140
4221.860,0.29120
4219.931,0.29101
4218.003,0.29080
4216.074,0.29058
4214.145,0.29037
4212.217,0.29018
4210.288,0.28996
4208.359,0.28972
4206.431,0.28954
4204.502,0.28941
4202.573,0.28928
4200.645,0.28914
4198.716,0.28905
4196.787,0.28900
4194.859,0.28895
4192.930,0.28889
4191.001,0.28886
4189.073,0.28886
4187.144,0.28889
4185.215,0.28889
4183.287,0.28884
4181.358,0.28874
4179.429,0.28862
4177.501,0.28848
4175.572,0.28828
4173.643,0.28807
4171.715,0.28785
4169.786,0.28760
4167.857,0.28734
4165.929,0.28709
4164.000,0.28683
4162.071,0.28656
4160.143,0.28628
4158.214,0.28603
4156.285,0.28580
4154.357,0.28559
4152.428,0.28537
4150.499,0.28516
4148.571,0.28499
4146.642,0.28485
4144.713,0.28467
4142.785,0.28449
4140.856,0.28434
4138.927,0.28420
4136.999,0.28404
4135.070,0.28386
4133.141,0.28368
4131.213,0.28348
4129.284,0.28322
4127.355,0.28295
4125.427,0.28270
4123.498,0.28249
4121.569,0.28231
4119.641,0.28215
4117.712,0.28197
4115.783,0.28179
4113.855,0.28165
4111.926,0.28154
4109.997,0.28141
4108.068,0.28129
4106.140,0.28116
4104.211,0.28100
4102.282,0.28083
4100.354,0.28069
4098.425,0.28054
4096.496,0.28038
4094.568,0.28022
4092.639,0.28003
4090.710,0.27978
4088.782,0.27952
4086.853,0.27928
4084.924,0.27905
4082.996,0.27882
4081.067,0.27861
4079.138,0.27842
4077.210,0.27822
4075.281,0.27803
4073.352,0.27785
4071.424,0.27768
4069.495,0.27752
4067.566,0.27739
4065.638,0.27727
4063.709,0.27715
4061.780,0.27704
4059.852,0.27693
4057.923,0.27683
4055.994,0.27676
4054.066,0.27674
4052.137,0.27672
4050.208,0.27664
4048.280,0.27654
4046.351,0.27646
4044.422,0.27636
4042.494,0.27624
4040.565,0.27615
4038.636,0.27607
4036.708,0.27594
4034.779,0.27575
4032.850,0.27556
4030.922,0.27534
4028.993,0.27510
4027.064,0.27488
4025.136,0.27467
4023.207,0.27444
4021.278,0.27418
4019.350,0.27389
4017.421,0.27361
4015.492,0.27337
4013.564,0.27319
4011.635,0.27305
4009.706,0.27293
4007.778,0.27285
4005.849,0.27280
4003.920,0.27281
4001.992,0.27290
4000.063,0.27305
3998.134,0.27312
3996.206,0.27305
3994.277,0.27290
3992.348,0.27269
3990.420,0.27242
3988.491,0.27217
3986.562,0.27195
3984.634,0.27174
3982.705,0.27152
3980.776,0.27133
3978.848,0.27118
3976.919,0.27106
3974.990,0.27098
3973.062,0.27090
3971.133,0.27075
3969.204,0.27053
3967.276,0.27027
3965.347,0.26996
3963.418,0.26961
3961.490,0.26929
3959.561,0.26897
3957.632,0.26865
3955.704,0.26835
3953.775,0.26811
3951.846,0.26788
3949.917,0.26764
3947.989,0.26741
3946.060,0.26718
3944.131,0.26694
3942.203,0.26673
3940.274,0.26655
3938.345,0.26639
3936.417,0.26622
3934.488,0.26606
3932.559,0.26592
3930.631,0.26579
3928.702,0.26567
3926.773,0.26560
3924.845,0.26550
3922.916,0.26534
3920.987,0.26513
3919.059,0.26491
3917.130,0.26468
3915.201,0.26448
3913.273,0.26431
3911.344,0.26413
3909.415,0.26394
3907.487,0.26374
3905.558,0.26355
3903.629,0.26335
3901.701,0.26318
3899.772,0.26307
3897.843,0.26301
3895.915,0.26297
3893.986,0.26290
3892.057,0.26280
3890.129,0.26266
3888.200,0.26248
3886.271,0.26227
3884.343,0.26208
3882.414,0.26188
3880.485,0.26169
3878.557,0.26152
3876.628,0.26134
3874.699,0.26115
3872.771,0.26095
3870.842,0.26072
3868.913,0.26054
3866.985,0.26039
3865.056,0.26024
3863.127,0.26008
3861.199,0.25991
3859.270,0.25974
3857.341,0.25955
3855.413,0.25935
3853.484,0.25920
3851.555,0.25910
3849.627,0.25897
3847.698,0.25880
3845.769,0.25861
3843.841,0.25840
3841.912,0.25821
3839.983,0.25805
3838.055,0.25789
3836.126,0.25770
3834.197,0.25752
3832.269,0.25737
3830.340,0.25722
3828.411,0.25705
3826.483,0.25690
3824.554,0.25676
3822.625,0.25660
3820.697,0.25647
3818.768,0.25636
3816.839,0.25623
3814.911,0.25611
3812.982,0.25598
3811.053,0.25576
3809.125,0.25551
3807.196,0.25531
3805.267,0.25515
3803.339,0.25496
3801.410,0.25477
3799.481,0.25461
3797.553,0.25445
3795.624,0.25429
3793.695,0.25415
3791.767,0.25400
3789.838,0.25382
3787.909,0.25364
3785.980,0.25348
3784.052,0.25331
3782.123,0.25311
3780.194,0.25293
3778.266,0.25276
3776.337,0.25260
3774.408,0.25245
3772.480,0.25227
3770.551,0.25206
3768.622,0.25190
3766.694,0.25175
3764.765,0.25158
3762.836,0.25138
3760.908,0.25116
3758.979,0.25094
3757.050,0.25074
3755.122,0.25054
3753.193,0.25032
3751.264,0.25011
3749.336,0.24996
3747.407,0.24979
3745.478,0.24959
3743.550,0.24943
3741.621,0.24935
3739.692,0.24921
3737.764,0.24900
3735.835,0.24882
3733.906,0.24867
3731.978,0.24851
3730.049,0.24835
3728.120,0.24820
3726.192,0.24805
3724.263,0.24791
3722.334,0.24777
3720.406,0.24763
3718.477,0.24746
3716.548,0.24730
3714.620,0.24714
3712.691,0.24697
3710.762,0.24682
3708.834,0.24673
3706.905,0.24663
3704.976,0.24647
3703.048,0.24630
3701.119,0.24616
3699.190,0.24601
3697.262,0.24587
3695.333,0.24572
3693.404,0.24552
3691.476,0.24527
3689.547,0.24506
3687.618,0.24493
3685.690,0.24484
3683.761,0.24474
3681.832,0.24467
3679.904,0.24460
3677.975,0.24447
3676.046,0.24435
3674.118,0.24429
3672.189,0.24423
3670.260,0.24416
3668.332,0.24415
3666.403,0.24411
3664.474,0.24402
3662.546,0.24393
3660.617,0.24385
3658.688,0.24374
3656.760,0.24363
3654.831,0.24355
3652.902,0.24344
3650.974,0.24333
3649.045,0.24327
3647.116,0.24325
3645.188,0.24321
3643.259,0.24315
3641.330,0.24309
3639.402,0.24298
3637.473,0.24288
3635.544,0.24281
3633.616,0.24272
3631.687,0.24259
3629.758,0.24248
3627.830,0.24242
3625.901,0.24238
3623.972,0.24234
3622.043,0.24229
3620.115,0.24223
3618.186,0.24218
3616.257,0.24218
3614.329,0.24221
3612.400,0.24221
3610.471,0.24222
3608.543,0.24227
3606.614,0.24228
3604.685,0.24225
3602.757,0.24220
3600.828,0.24212
3598.899,0.24199
3596.971,0.24184
3595.042,0.24171
3593.113,0.24159
3591.185,0.24149
3589.256,0.24142
3587.327,0.24135
3585.399,0.24128
3583.470,0.24125
3581.541,0.24122
3579.613,0.24114
3577.684,0.24105
3575.755,0.24102
3573.827,0.24100
3571.898,0.24096
3569.969,0.24091
3568.041,0.24087
3566.112,0.24083
3564.183,0.24080
3562.255,0.24076
3560.326,0.24073
3558.397,0.24069
3556.469,0.24067
3554.540,0.24066
3552.611,0.24064
3550.683,0.24060
3548.754,0.24054
3546.825,0.24046
3544.897,0.24039
3542.968,0.24034
3541.039,0.24028
3539.111,0.24018
3537.182,0.24011
3535.253,0.24005
3533.325,0.23998
3531.396,0.23991
3529.467,0.23988
3527.539,0.23981
3525.610,0.23974
3523.681,0.23969
3521.753,0.23966
3519.824,0.23960
3517.895,0.23954
3515.967,0.23948
3514.038,0.23941
3512.109,0.23931
3510.181,0.23920
3508.252,0.23909
3506.323,0.23898
3504.395,0.23891
3502.466,0.23886
3500.537,0.23877
3498.609,0.23867
3496.680,0.23860
3494.751,0.23853
3492.823,0.23845
3490.894,0.23837
3488.965,0.23829
3487.037,0.23820
3485.108,0.23811
3483.179,0.23802
3481.251,0.23794
3479.322,0.23788
3477.393,0.23783
3475.465,0.23779
3473.536,0.23774
3471.607,0.23765
3469.679,0.23756
3467.750,0.23749
3465.821,0.23745
3463.892,0.23743
3461.964,0.23737
3460.035,0.23728
3458.106,0.23718
3456.178,0.23708
3454.249,0.23697
3452.320,0.23685
3450.392,0.23673
3448.463,0.23658
3446.534,0.23641
3444.606,0.23623
3442.677,0.23605
3440.748,0.23589
3438.820,0.23574
3436.891,0.23559
3434.962,0.23543
3433.034,0.23526
3431.105,0.23511
3429.176,0.23497
3427.248,0.23479
3425.319,0.23460
3423.390,0.23443
3421.462,0.23426
3419.533,0.23409
3417.604,0.23391
3415.676,0.23372
3413.747,0.23352
3411.818,0.23333
3409.890,0.23310
3407.961,0.23282
3406.032,0.23255
3404.104,0.23229
3402.175,0.23200
3400.246,0.23171
3398.318,0.23144
3396.389,0.23117
3394.460,0.23087
3392.532,0.23058
3390.603,0.23028
3388.674,0.23001
3386.746,0.22976
3384.817,0.22951
3382.888,0.22923
3380.960,0.22894
3379.031,0.22866
3377.102,0.22839
3375.174,0.22812
3373.245,0.22785
3371.316,0.22757
3369.388,0.22727
3367.459,0.22696
3365.530,0.22664
3363.602,0.22630
3361.673,0.22597
3359.744,0.22567
3357.816,0.22538
3355.887,0.22511
3353.958,0.22483
3352.030,0.22455
3350.101,0.22426
3348.172,0.22395
3346.244,0.22364
3344.315,0.22334
3342.386,0.22304
3340.458,0.22276
3338.529,0.22249
3336.600,0.22219
3334.672,0.22191
3332.743,0.22167
3330.814,0.22142
3328.886,0.22113
3326.957,0.22085
3325.028,0.22058
3323.100,0.22031
3321.171,0.22004
3319.242,0.21978
3317.314,0.21952
3315.385,0.21928
3313.456,0.21905
3311.528,0.21883
3309.599,0.21859
3307.670,0.21833
3305.742,0.21810
3303.813,0.21789
3301.884,0.21767
3299.955,0.21743
3298.027,0.21722
3296.098,0.21702
3294.169,0.21683
3292.241,0.21663
3290.312,0.21640
3288.383,0.21619
3286.455,0.21599
3284.526,0.21579
3282.597,0.21557
3280.669,0.21534
3278.740,0.21511
3276.811,0.21486
3274.883,0.21461
3272.954,0.21437
3271.025,0.21411
3269.097,0.21385
3267.168,0.21358
3265.239,0.21333
3263.311,0.21306
3261.382,0.21276
3259.453,0.21244
3257.525,0.21215
3255.596,0.21189
3253.667,0.21164
3251.739,0.21137
3249.810,0.21104
3247.881,0.21065
3245.953,0.21023
3244.024,0.20982
3242.095,0.20940
3240.167,0.20896
3238.238,0.20857
3236.309,0.20826
3234.381,0.20803
3232.452,0.20788
3230.523,0.20780
3228.595,0.20776
3226.666,0.20775
3224.737,0.20775
3222.809,0.20772
3220.880,0.20763
3218.951,0.20745
3217.023,0.20720
3215.094,0.20686
3213.165,0.20648
3211.237,0.20609
3209.308,0.20575
3207.379,0.20547
3205.451,0.20525
3203.522,0.20507
3201.593,0.20492
3199.665,0.20478
3197.736,0.20460
3195.807,0.20434
3193.879,0.20402
3191.950,0.20370
3190.021,0.20338
3188.093,0.20303
3186.164,0.20269
3184.235,0.20239
3182.307,0.20206
3180.378,0.20171
3178.449,0.20138
3176.521,0.20110
3174.592,0.20082
3172.663,0.20058
3170.735,0.20037
3168.806,0.20015
3166.877,0.19994
3164.949,0.19976
3163.020,0.19958
3161.091,0.19938
3159.163,0.19920
3157.234,0.19905
3155.305,0.19891
3153.377,0.19880
3151.448,0.19872
3149.519,0.19860
3147.591,0.19839
3145.662,0.19808
3143.733,0.19768
3141.804,0.19718
3139.876,0.19664
3137.947,0.19610
3136.018,0.19556
3134.090,0.19503
3132.161,0.19454
3130.232,0.19409
3128.304,0.19362
3126.375,0.19315
3124.446,0.19274
3122.518,0.19240
3120.589,0.19224
3118.660,0.19241
3116.732,0.19310
3114.803,0.19474
3112.874,0.19831
3110.946,0.20558
3109.017,0.21908
3107.088,0.24053
3105.160,0.26788
3103.231,0.29497
3101.302,0.31728
3099.374,0.33480
3097.445,0.34485
3095.516,0.34143
3093.588,0.32713
3091.659,0.31319
3089.730,0.30704
3087.802,0.30771
3085.873,0.30949
3083.944,0.30688
3082.016,0.29870
3080.087,0.28780
3078.158,0.27749
3076.230,0.26965
3074.301,0.26490
3072.372,0.26310
3070.444,0.26353
3068.515,0.26540
3066.586,0.26848
3064.658,0.27305
3062.729,0.27930
3060.800,0.28673
3058.872,0.29364
3056.943,0.29735
3055.014,0.29575
3053.086,0.28897
3051.157,0.27886
3049.228,0.26763
3047.300,0.25697
3045.371,0.24782
3043.442,0.24042
3041.514,0.23467
3039.585,0.23031
3037.656,0.22701
3035.728,0.22454
3033.799,0.22278
3031.870,0.22168
3029.942,0.22124
3028.013,0.22155
3026.084,0.22268
3024.156,0.22454
3022.227,0.22689
3020.298,0.22939
3018.370,0.23160
3016.441,0.23307
3014.512,0.23358
3012.584,0.23315
3010.655,0.23184
3008.726,0.22973
3006.798,0.22715
3004.869,0.22451
3002.940,0.22212
3001.012,0.22014
2999.083,0.21859
2997.154,0.21735
2995.226,0.21633
2993.297,0.21551
2991.368,0.21489
2989.440,0.21443
2987.511,0.21418
2985.582,0.21414
2983.654,0.21429
2981.725,0.21466
2979.796,0.21530
2977.867,0.21625
2975.939,0.21752
2974.010,0.21917
2972.081,0.22125
2970.153,0.22380
2968.224,0.22684
2966.295,0.23042
2964.367,0.23462
2962.438,0.23953
2960.509,0.24492
2958.581,0.24983
2956.652,0.25259
2954.723,0.25172
2952.795,0.24734
2950.866,0.24141
2948.937,0.23626
2947.009,0.23316
2945.080,0.23216
2943.151,0.23286
2941.223,0.23492
2939.294,0.23815
2937.365,0.24242
2935.437,0.24773
2933.508,0.25412
2931.579,0.26162
2929.651,0.27037
2927.722,0.28076
2925.793,0.29324
2923.865,0.30799
2921.936,0.32428
2920.007,0.33956
2918.079,0.34830
2916.150,0.34382
2914.221,0.32599
2912.293,0.30369
2910.364,0.28548
2908.435,0.27343
2906.507,0.26602
2904.578,0.26155
2902.649,0.25887
2900.721,0.25723
2898.792,0.25613
2896.863,0.25527
2894.935,0.25446
2893.006,0.25362
2891.077,0.25272
2889.149,0.25169
2887.220,0.25055
2885.291,0.24931
2883.363,0.24812
2881.434,0.24706
2879.505,0.24610
2877.577,0.24507
2875.648,0.24366
2873.719,0.24148
2871.791,0.23843
2869.862,0.23502
2867.933,0.23218
2866.005,0.23075
2864.076,0.23112
2862.147,0.23324
2860.219,0.23700
2858.290,0.24267
2856.361,0.25157
2854.433,0.26587
2852.504,0.28598
2850.575,0.30444
2848.647,0.30697
2846.718,0.28969
2844.789,0.26536
2842.861,0.24576
2840.932,0.23290
2839.003,0.22456
2837.075,0.21884
2835.146,0.21473
2833.217,0.21180
2831.289,0.20981
2829.360,0.20848
2827.431,0.20743
2825.503,0.20628
2823.574,0.20485
2821.645,0.20315
2819.716,0.20134
2817.788,0.19954
2815.859,0.19783
2813.930,0.19622
2812.002,0.19469
2810.073,0.19323
2808.144,0.19183
2806.216,0.19050
2804.287,0.18927
2802.358,0.18818
2800.430,0.18723
2798.501,0.18642
2796.572,0.18576
2794.644,0.18524
2792.715,0.18485
2790.786,0.18455
2788.858,0.18424
2786.929,0.18387
2785.000,0.18340
2783.072,0.18289
2781.143,0.18244
2779.214,0.18217
2777.286,0.18208
2775.357,0.18202
2773.428,0.18181
2771.500,0.18140
2769.571,0.18080
2767.642,0.18012
2765.714,0.17944
2763.785,0.17881
2761.856,0.17831
2759.928,0.17798
2757.999,0.17782
2756.070,0.17774
2754.142,0.17768
2752.213,0.17761
2750.284,0.17746
2748.356,0.17720
2746.427,0.17689
2744.498,0.17658
2742.570,0.17630
2740.641,0.17601
2738.712,0.17569
2736.784,0.17534
2734.855,0.17501
2732.926,0.17472
2730.998,0.17446
2729.069,0.17422
2727.140,0.17400
2725.212,0.17381
2723.283,0.17363
2721.354,0.17348
2719.426,0.17340
2717.497,0.17337
2715.568,0.17337
2713.640,0.17342
2711.711,0.17354
2709.782,0.17370
2707.854,0.17386
2705.925,0.17402
2703.996,0.17407
2702.068,0.17387
2700.139,0.17334
2698.210,0.17245
2696.282,0.17129
2694.353,0.17009
2692.424,0.16904
2690.496,0.16815
2688.567,0.16740
2686.638,0.16676
2684.710,0.16623
2682.781,0.16581
2680.852,0.16552
2678.924,0.16535
2676.995,0.16522
2675.066,0.16506
2673.138,0.16490
2671.209,0.16475
2669.280,0.16462
2667.352,0.16452
2665.423,0.16444
2663.494,0.16431
2661.566,0.16414
2659.637,0.16397
2657.708,0.16378
2655.779,0.16352
2653.851,0.16324
2651.922,0.16300
2649.993,0.16280
2648.065,0.16268
2646.136,0.16266
2644.207,0.16269
2642.279,0.16269
2640.350,0.16270
2638.421,0.16271
2636.493,0.16266
2634.564,0.16255
2632.635,0.16236
2630.707,0.16206
2628.778,0.16166
2626.849,0.16123
2624.921,0.16085
2622.992,0.16051
2621.063,0.16028
2619.135,0.16020
2617.206,0.16023
2615.277,0.16029
2613.349,0.16030
2611.420,0.16014
2609.491,0.15978
2607.563,0.15930
2605.634,0.15881
2603.705,0.15835
2601.777,0.15794
2599.848,0.15766
2597.919,0.15752
2595.991,0.15746
2594.062,0.15747
2592.133,0.15751
2590.205,0.15747
2588.276,0.15735
2586.347,0.15728
2584.419,0.15735
2582.490,0.15751
2580.561,0.15772
2578.633,0.15798
2576.704,0.15818
2574.775,0.15825
2572.847,0.15821
2570.918,0.15807
2568.989,0.15787
2567.061,0.15771
2565.132,0.15763
2563.203,0.15753
2561.275,0.15736
2559.346,0.15718
2557.417,0.15692
2555.489,0.15649
2553.560,0.15596
2551.631,0.15536
2549.703,0.15469
2547.774,0.15400
2545.845,0.15343
2543.917,0.15298
2541.988,0.15261
2540.059,0.15237
2538.131,0.15225
2536.202,0.15220
2534.273,0.15223
2532.345,0.15239
2530.416,0.15259
2528.487,0.15280
2526.559,0.15302
2524.630,0.15315
2522.701,0.15301
2520.773,0.15255
2518.844,0.15189
2516.915,0.15112
2514.987,0.15037
2513.058,0.14975
2511.129,0.14922
2509.201,0.14873
2507.272,0.14831
2505.343,0.14798
2503.415,0.14768
2501.486,0.14740
2499.557,0.14722
2497.628,0.14714
2495.700,0.14710
2493.771,0.14713
2491.842,0.14723
2489.914,0.14733
2487.985,0.14741
2486.056,0.14754
2484.128,0.14765
2482.199,0.14766
2480.270,0.14762
2478.342,0.14757
2476.413,0.14746
2474.484,0.14734
2472.556,0.14725
2470.627,0.14714
2468.698,0.14694
2466.770,0.14674
2464.841,0.14662
2462.912,0.14654
2460.984,0.14651
2459.055,0.14655
2457.126,0.14655
2455.198,0.14650
2453.269,0.14650
2451.340,0.14652
2449.412,0.14652
2447.483,0.14654
2445.554,0.14661
2443.626,0.14666
2441.697,0.14666
2439.768,0.14661
2437.840,0.14641
2435.911,0.14597
2433.982,0.14541
2432.054,0.14488
2430.125,0.14443
2428.196,0.14410
2426.268,0.14393
2424.339,0.14377
2422.410,0.14353
2420.482,0.14331
2418.553,0.14320
2416.624,0.14313
2414.696,0.14308
2412.767,0.14308
2410.838,0.14307
2408.910,0.14299
2406.981,0.14293
2405.052,0.14305
2403.124,0.14336
2401.195,0.14355
2399.266,0.14322
2397.338,0.14233
2395.409,0.14126
2393.480,0.14042
2391.552,0.13986
2389.623,0.13946
2387.694,0.13918
2385.766,0.13897
2383.837,0.13877
2381.908,0.13861
2379.980,0.13855
2378.051,0.13856
2376.122,0.13857
2374.194,0.13857
2372.265,0.13859
2370.336,0.13857
2368.408,0.13842
2366.479,0.13813
2364.550,0.13773
2362.622,0.13733
2360.693,0.13705
2358.764,0.13690
2356.836,0.13677
2354.907,0.13660
2352.978,0.13634
2351.050,0.13598
2349.121,0.13555
2347.192,0.13516
2345.264,0.13487
2343.335,0.13471
2341.406,0.13468
2339.478,0.13468
2337.549,0.13457
2335.620,0.13432
2333.691,0.13401
2331.763,0.13365
2329.834,0.13329
2327.905,0.13296
2325.977,0.13266
2324.048,0.13239
2322.119,0.13215
2320.191,0.13194
2318.262,0.13173
2316.333,0.13152
2314.405,0.13134
2312.476,0.13125
2310.547,0.13125
2308.619,0.13135
2306.690,0.13157
2304.761,0.13187
2302.833,0.13221
2300.904,0.13252
2298.975,0.13279
2297.047,0.13299
2295.118,0.13316
2293.189,0.13327
2291.261,0.13324
2289.332,0.13296
2287.403,0.13242
2285.475,0.13171
2283.546,0.13098
2281.617,0.13031
2279.689,0.12974
2277.760,0.12926
2275.831,0.12887
2273.903,0.12853
2271.974,0.12825
2270.045,0.12801
2268.117,0.12783
2266.188,0.12769
2264.259,0.12756
2262.331,0.12744
2260.402,0.12730
2258.473,0.12712
2256.545,0.12685
2254.616,0.12648
2252.687,0.12606
2250.759,0.12565
2248.830,0.12532
2246.901,0.12505
2244.973,0.12478
2243.044,0.12448
2241.115,0.12415
2239.187,0.12377
2237.258,0.12339
2235.329,0.12303
2233.401,0.12268
2231.472,0.12235
2229.543,0.12205
2227.615,0.12175
2225.686,0.12144
2223.757,0.12114
2221.829,0.12086
2219.900,0.12061
2217.971,0.12038
2216.043,0.12016
2214.114,0.11997
2212.185,0.11978
2210.257,0.11958
2208.328,0.11941
2206.399,0.11926
2204.471,0.11908
2202.542,0.11889
2200.613,0.11871
2198.685,0.11853
2196.756,0.11832
2194.827,0.11807
2192.899,0.11780
2190.970,0.11752
2189.041,0.11726
2187.113,0.11702
2185.184,0.11678
2183.255,0.11657
2181.327,0.11647
2179.398,0.11649
2177.469,0.11657
2175.540,0.11661
2173.612,0.11647
2171.683,0.11611
2169.754,0.11560
2167.826,0.11515
2165.897,0.11479
2163.968,0.11448
2162.040,0.11423
2160.111,0.11405
2158.182,0.11388
2156.254,0.11372
2154.325,0.11363
2152.396,0.11359
2150.468,0.11350
2148.539,0.11335
2146.610,0.11314
2144.682,0.11285
2142.753,0.11253
2140.824,0.11225
2138.896,0.11199
2136.967,0.11172
2135.038,0.11152
2133.110,0.11140
2131.181,0.11128
2129.252,0.11118
2127.324,0.11120
2125.395,0.11127
2123.466,0.11130
2121.538,0.11134
2119.609,0.11137
2117.680,0.11134
2115.752,0.11125
2113.823,0.11118
2111.894,0.11108
2109.966,0.11090
2108.037,0.11066
2106.108,0.11036
2104.180,0.10994
2102.251,0.10950
2100.322,0.10916
2098.394,0.10884
2096.465,0.10848
2094.536,0.10818
2092.608,0.10795
2090.679,0.10772
2088.750,0.10753
2086.822,0.10740
2084.893,0.10726
2082.964,0.10707
2081.036,0.10690
2079.107,0.10670
2077.178,0.10638
2075.250,0.10604
2073.321,0.10576
2071.392,0.10545
2069.464,0.10515
2067.535,0.10494
2065.606,0.10473
2063.678,0.10441
2061.749,0.10409
2059.820,0.10384
2057.892,0.10353
2055.963,0.10319
2054.034,0.10295
2052.106,0.10278
2050.177,0.10261
2048.248,0.10247
2046.320,0.10230
2044.391,0.10201
2042.462,0.10171
2040.534,0.10149
2038.605,0.10126
2036.676,0.10098
2034.748,0.10078
2032.819,0.10065
2030.890,0.10050
2028.962,0.10039
2027.033,0.10039
2025.104,0.10034
2023.176,0.10018
2021.247,0.10004
2019.318,0.09987
2017.390,0.09958
2015.461,0.09928
2013.532,0.09905
2011.603,0.09879
2009.675,0.09857
2007.746,0.09856
2005.817,0.09863
2003.889,0.09864
2001.960,0.09860
2000.031,0.09842
1998.103,0.09795
1996.174,0.09738
1994.245,0.09694
1992.317,0.09652
1990.388,0.09604
1988.459,0.09567
1986.531,0.09538
1984.602,0.09505
1982.673,0.09473
1980.745,0.09454
1978.816,0.09435
1976.887,0.09410
1974.959,0.09394
1973.030,0.09378
1971.101,0.09350
1969.173,0.09321
1967.244,0.09298
1965.315,0.09268
1963.387,0.09232
1961.458,0.09204
1959.529,0.09177
1957.601,0.09144
1955.672,0.09118
1953.743,0.09103
1951.815,0.09083
1949.886,0.09058
1947.957,0.09042
1946.029,0.09029
1944.100,0.09009
1942.171,0.08993
1940.243,0.08978
1938.314,0.08951
1936.385,0.08920
1934.457,0.08899
1932.528,0.08876
1930.599,0.08844
1928.671,0.08816
1926.742,0.08792
1924.813,0.08761
1922.885,0.08733
1920.956,0.08716
1919.027,0.08697
1917.099,0.08675
1915.170,0.08660
1913.241,0.08649
1911.313,0.08628
1909.384,0.08608
1907.455,0.08594
1905.527,0.08573
1903.598,0.08547
1901.669,0.08527
1899.741,0.08507
1897.812,0.08479
1895.883,0.08453
1893.955,0.08435
1892.026,0.08411
1890.097,0.08386
1888.169,0.08372
1886.240,0.08360
1884.311,0.08342
1882.383,0.08330
1880.454,0.08322
1878.525,0.08305
1876.597,0.08282
1874.668,0.08261
1872.739,0.08232
1870.811,0.08197
1868.882,0.08173
1866.953,0.08162
1865.025,0.08150
1863.096,0.08141
1861.167,0.08139
1859.239,0.08143
1857.310,0.08155
1855.381,0.08194
1853.452,0.08268
1851.524,0.08394
1849.595,0.08626
1847.666,0.09015
1845.738,0.09490
1843.809,0.09801
1841.880,0.09723
1839.952,0.09335
1838.023,0.08914
1836.094,0.08637
1834.166,0.08496
1832.237,0.08424
1830.308,0.08398
1828.380,0.08417
1826.451,0.08458
1824.522,0.08511
1822.594,0.08598
1820.665,0.08714
1818.736,0.08816
1816.808,0.08907
1814.879,0.09017
1812.950,0.09139
1811.022,0.09225
1809.093,0.09166
1807.164,0.08890
1805.236,0.08496
1803.307,0.08153
1801.378,0.07917
1799.450,0.07762
1797.521,0.07653
1795.592,0.07569
1793.664,0.07497
1791.735,0.07432
1789.806,0.07375
1787.878,0.07325
1785.949,0.07279
1784.020,0.07233
1782.092,0.07191
1780.163,0.07157
1778.234,0.07128
1776.306,0.07101
1774.377,0.07077
1772.448,0.07059
1770.520,0.07043
1768.591,0.07030
1766.662,0.07022
1764.734,0.07016
1762.805,0.07007
1760.876,0.07000
1758.948,0.06995
1757.019,0.06992
1755.090,0.06995
1753.162,0.07005
1751.233,0.07019
1749.304,0.07037
1747.376,0.07063
1745.447,0.07097
1743.518,0.07133
1741.590,0.07173
1739.661,0.07220
1737.732,0.07267
1735.804,0.07310
1733.875,0.07355
1731.946,0.07396
1730.018,0.07416
1728.089,0.07421
1726.160,0.07425
1724.232,0.07434
1722.303,0.07451
1720.374,0.07481
1718.446,0.07519
1716.517,0.07563
1714.588,0.07620
1712.660,0.07690
1710.731,0.07751
1708.802,0.07791
1706.874,0.07817
1704.945,0.07834
1703.016,0.07846
1701.088,0.07873
1699.159,0.07917
1697.230,0.07964
1695.302,0.08016
1693.373,0.08082
1691.444,0.08161
1689.515,0.08251
1687.587,0.08363
1685.658,0.08495
1683.729,0.08636
1681.801,0.08792
1679.872,0.08969
1677.943,0.09149
1676.015,0.09324
1674.086,0.09503
1672.157,0.09701
1670.229,0.09935
1668.300,0.10225
1666.371,0.10568
1664.443,0.10943
1662.514,0.11329
1660.585,0.11692
1658.657,0.11977
1656.728,0.12186
1654.799,0.12402
1652.871,0.12690
1650.942,0.13051
1649.013,0.13452
1647.085,0.13855
1645.156,0.14221
1643.227,0.14522
1641.299,0.14775
1639.370,0.15061
1637.441,0.15486
1635.513,0.16132
1633.584,0.17014
1631.655,0.18083
1629.727,0.19273
1627.798,0.20586
1625.869,0.22229
1623.941,0.24683
1622.012,0.28380
1620.083,0.32703
1618.155,0.35251
1616.226,0.33888
1614.297,0.30020
1612.369,0.26861
1610.440,0.26084
1608.511,0.27520
1606.583,0.30103
1604.654,0.32431
1602.725,0.33033
1600.797,0.31103
1598.868,0.27483
1596.939,0.23959
1595.011,0.21588
1593.082,0.20417
1591.153,0.20154
1589.225,0.20539
1587.296,0.21337
1585.367,0.22320
1583.439,0.23378
1581.510,0.24536
1579.581,0.25846
1577.653,0.27326
1575.724,0.28977
1573.795,0.30795
1571.867,0.32791
1569.938,0.34996
1568.009,0.37421
1566.081,0.40058
1564.152,0.42941
1562.223,0.46202
1560.295,0.50098
1558.366,0.54970
1556.437,0.61101
1554.509,0.68528
1552.580,0.76795
1550.651,0.84938
1548.723,0.92387
1546.794,0.99771
1544.865,1.07685
1542.937,1.15041
1541.008,1.19829
1539.079,1.21127
1537.151,1.19308
1535.222,1.14976
1533.293,1.08725
1531.364,1.01354
1529.436,0.93525
1527.507,0.85634
1525.578,0.78129
1523.650,0.71466
1521.721,0.65848
1519.792,0.61238
1517.864,0.57473
1515.935,0.54356
1514.006,0.51740
1512.078,0.49539
1510.149,0.47640
1508.220,0.45850
1506.292,0.44002
1504.363,0.42081
1502.434,0.40162
1500.506,0.38305
1498.577,0.36554
1496.648,0.34938
1494.720,0.33456
1492.791,0.32114
1490.862,0.30936
1488.934,0.29918
1487.005,0.29003
1485.076,0.28144
1483.148,0.27345
1481.219,0.26646
1479.290,0.26132
1477.362,0.25989
1475.433,0.26294
1473.504,0.26581
1471.576,0.26462
1469.647,0.26488
1467.718,0.27191
1465.790,0.28152
1463.861,0.28441
1461.932,0.27358
1460.004,0.25232
1458.075,0.23112
1456.146,0.21564
1454.218,0.20535
1452.289,0.19851
1450.360,0.19374
1448.432,0.19013
1446.503,0.18829
1444.574,0.19022
1442.646,0.19837
1440.717,0.21383
1438.788,0.23147
1436.860,0.23898
1434.931,0.22891
1433.002,0.20821
1431.074,0.18789
1429.145,0.17270
1427.216,0.16271
1425.288,0.15699
1423.359,0.15452
1421.430,0.15489
1419.502,0.15896
1417.573,0.16850
1415.644,0.18555
1413.716,0.21180
1411.787,0.24667
1409.858,0.28532
1407.930,0.31858
1406.001,0.33593
1404.072,0.33151
1402.144,0.30928
1400.215,0.27951
1398.286,0.25070
1396.358,0.22691
1394.429,0.20951
1392.500,0.19877
1390.572,0.19409
1388.643,0.19476
1386.714,0.20218
1384.786,0.22028
1382.857,0.24735
1380.928,0.26726
1379.000,0.26785
1377.071,0.26257
1375.142,0.26963
1373.214,0.29301
1371.285,0.33028
1369.356,0.38046
1367.427,0.44478
1365.499,0.52560
1363.570,0.62367
1361.641,0.73575
1359.713,0.85617
1357.784,0.97866
1355.855,1.08740
1353.927,1.14651
1351.998,1.12594
1350.069,1.04259
1348.141,0.93644
1346.212,0.83353
1344.283,0.74434
1342.355,0.67143
1340.426,0.61370
1338.497,0.56793
1336.569,0.52999
1334.640,0.49649
1332.711,0.46582
1330.783,0.43774
1328.854,0.41250
1326.925,0.39045
1324.997,0.37153
1323.068,0.35512
1321.139,0.34072
1319.211,0.32828
1317.282,0.31742
1315.353,0.30741
1313.425,0.29809
1311.496,0.29015
1309.567,0.28495
1307.639,0.28338
1305.710,0.28307
1303.781,0.27975
1301.853,0.27299
1299.924,0.26607
1297.995,0.26093
1296.067,0.25738
1294.138,0.25493
1292.209,0.25285
1290.281,0.25006
1288.352,0.24611
1286.423,0.24135
1284.495,0.23587
1282.566,0.22984
1280.637,0.22423
1278.709,0.21987
1276.780,0.21669
1274.851,0.21434
1272.923,0.21243
1270.994,0.21026
1269.065,0.20757
1267.137,0.20512
1265.208,0.20338
1263.279,0.20171
1261.351,0.19947
1259.422,0.19665
1257.493,0.19337
1255.565,0.18986
1253.636,0.18660
1251.707,0.18375
1249.779,0.18117
1247.850,0.17888
1245.921,0.17708
1243.993,0.17561
1242.064,0.17442
1240.135,0.17365
1238.207,0.17316
1236.278,0.17258
1234.349,0.17177
1232.421,0.17059
1230.492,0.16878
1228.563,0.16650
1226.635,0.16422
1224.706,0.16208
1222.777,0.16001
1220.849,0.15816
1218.920,0.15681
1216.991,0.15669
1215.063,0.15950
1213.134,0.16696
1211.205,0.17776
1209.277,0.18683
1207.348,0.19026
1205.419,0.18879
1203.490,0.18432
1201.562,0.17803
1199.633,0.17148
1197.704,0.16586
1195.776,0.16149
1193.847,0.15815
1191.918,0.15532
1189.990,0.15257
1188.061,0.14994
1186.132,0.14751
1184.204,0.14528
1182.275,0.14369
1180.346,0.14362
1178.418,0.14681
1176.489,0.15635
1174.560,0.17452
1172.632,0.19736
1170.703,0.21200
1168.774,0.20798
1166.846,0.19144
1164.917,0.17543
1162.988,0.16484
1161.060,0.15796
1159.131,0.15272
1157.202,0.14850
1155.274,0.14530
1153.345,0.14286
1151.416,0.14087
1149.488,0.13929
1147.559,0.13799
1145.630,0.13658
1143.702,0.13500
1141.773,0.13345
1139.844,0.13193
1137.916,0.13041
1135.987,0.12909
1134.058,0.12796
1132.130,0.12687
1130.201,0.12588
1128.272,0.12500
1126.344,0.12400
1124.415,0.12283
1122.486,0.12171
1120.558,0.12065
1118.629,0.11953
1116.700,0.11844
1114.772,0.11742
1112.843,0.11627
1110.914,0.11507
1108.986,0.11399
1107.057,0.11293
1105.128,0.11195
1103.200,0.11140
1101.271,0.11150
1099.342,0.11267
1097.414,0.11663
1095.485,0.12693
1093.556,0.14772
1091.628,0.17885
1089.699,0.21221
1087.770,0.23632
1085.842,0.24311
1083.913,0.23161
1081.984,0.20973
1080.056,0.18792
1078.127,0.17130
1076.198,0.15996
1074.270,0.15221
1072.341,0.14643
1070.412,0.14171
1068.484,0.13749
1066.555,0.13356
1064.626,0.13022
1062.698,0.12758
1060.769,0.12530
1058.840,0.12326
1056.912,0.12159
1054.983,0.12006
1053.054,0.11852
1051.126,0.11719
1049.197,0.11610
1047.268,0.11496
1045.339,0.11388
1043.411,0.11310
1041.482,0.11245
1039.553,0.11188
1037.625,0.11163
1035.696,0.11164
1033.767,0.11195
1031.839,0.11382
1029.910,0.11909
1027.981,0.12651
1026.053,0.13034
1024.124,0.12710
1022.195,0.12028
1020.267,0.11454
1018.338,0.11098
1016.409,0.10868
1014.481,0.10677
1012.552,0.10522
1010.623,0.10414
1008.695,0.10319
1006.766,0.10231
1004.837,0.10167
1002.909,0.10102
1000.980,0.10001
999.051,0.09894
997.123,0.09801
995.194,0.09696
993.265,0.09593
991.337,0.09517
989.408,0.09443
987.479,0.09356
985.551,0.09289
983.622,0.09237
981.693,0.09164
979.765,0.09088
977.836,0.09032
975.907,0.08970
973.979,0.08896
972.050,0.08841
970.121,0.08794
968.193,0.08728
966.264,0.08670
964.335,0.08626
962.407,0.08565
960.478,0.08495
958.549,0.08442
956.621,0.08385
954.692,0.08313
952.763,0.08266
950.835,0.08251
948.906,0.08281
946.977,0.08514
945.049,0.09367
943.120,0.11422
941.191,0.14566
939.263,0.16996
937.334,0.16688
935.405,0.14302
933.477,0.11941
931.548,0.10516
929.619,0.10127
927.691,0.11014
925.762,0.12593
923.833,0.13004
921.905,0.11946
919.976,0.11646
918.047,0.13801
916.119,0.17946
914.190,0.22632
912.261,0.27483
910.333,0.32718
908.404,0.36781
906.475,0.36331
904.547,0.30803
902.618,0.24230
900.689,0.19619
898.761,0.16924
896.832,0.15242
894.903,0.14089
892.975,0.13288
891.046,0.12692
889.117,0.12195
887.189,0.11786
885.260,0.11444
883.331,0.11140
881.402,0.10880
879.474,0.10679
877.545,0.10496
875.616,0.10335
873.688,0.10226
871.759,0.10129
869.830,0.09999
867.902,0.09857
865.973,0.09731
864.044,0.09600
862.116,0.09487
860.187,0.09424
858.258,0.09374
856.330,0.09313
854.401,0.09265
852.472,0.09220
850.544,0.09140
848.615,0.09044
846.686,0.08946
844.758,0.08819
842.829,0.08685
840.900,0.08584
838.972,0.08496
837.043,0.08394
835.114,0.08314
833.186,0.08248
831.257,0.08163
829.328,0.08177
827.400,0.08405
825.471,0.08629
823.542,0.08527
821.614,0.08189
819.685,0.07894
817.756,0.07712
815.828,0.07605
813.899,0.07540
811.970,0.07470
810.042,0.07388
808.113,0.07333
806.184,0.07297
804.256,0.07269
802.327,0.07327
800.398,0.07674
798.470,0.09058
796.541,0.13115
794.612,0.19892
792.684,0.23977
790.755,0.20869
788.826,0.15400
786.898,0.11851
784.969,0.09996
783.040,0.08953
781.112,0.08337
779.183,0.07932
777.254,0.07710
775.326,0.07902
773.397,0.08798
771.468,0.10166
769.540,0.11145
767.611,0.11043
765.682,0.10153
763.754,0.09742
761.825,0.10478
759.896,0.11079
757.968,0.10231
756.039,0.08663
754.110,0.07519
752.182,0.06978
750.253,0.06892
748.324,0.07236
746.396,0.08103
744.467,0.09830
742.538,0.13031
740.610,0.18502
738.681,0.26323
736.752,0.34117
734.824,0.37464
732.895,0.34838
730.966,0.29518
729.038,0.25092
727.109,0.23346
725.180,0.25386
723.251,0.32165
721.323,0.42242
719.394,0.49465
717.465,0.48845
715.537,0.42735
713.608,0.35327
711.679,0.29862
709.751,0.27893
707.822,0.28989
705.893,0.31312
703.965,0.32054
702.036,0.29672
700.107,0.25667
698.179,0.22105
696.250,0.19567
694.321,0.17804
692.393,0.16560
690.464,0.15648
688.535,0.14926
686.607,0.14342
684.678,0.13883
682.749,0.13479
680.821,0.13100
678.892,0.12784
676.963,0.12517
675.035,0.12270
673.106,0.12086
671.177,0.11998
669.249,0.11992
667.320,0.12118
665.391,0.12395
663.463,0.12638
661.534,0.12635
659.605,0.12384
657.677,0.12003
655.748,0.11606
653.819,0.11322
651.891,0.11224
649.962,0.11325
648.033,0.11768
646.105,0.12834
644.176,0.14730
642.247,0.17280
640.319,0.19608
638.390,0.20484
636.461,0.19573
634.533,0.17761
632.604,0.15981
630.675,0.14543
628.747,0.13466
626.818,0.12715
624.889,0.12153
622.961,0.11679
621.032,0.11324
619.103,0.11061
617.175,0.10806
615.246,0.10588
613.317,0.10439
611.389,0.10286
609.460,0.10119
607.531,0.09998
605.603,0.09881
603.674,0.09738
601.745,0.09645
599.817,0.09591
597.888,0.09501
595.959,0.09418
594.031,0.09387
592.102,0.09335
590.173,0.09280
588.245,0.09315
586.316,0.09422
584.387,0.09598
582.459,0.09938
580.530,0.10326
578.601,0.10449
576.673,0.10268
574.744,0.09999
572.815,0.09777
570.887,0.09728
568.958,0.09946
567.029,0.10240
565.101,0.10307
563.172,0.10129
561.243,0.09834
559.314,0.09498
557.386,0.09240
555.457,0.09105
553.528,0.08980
551.600,0.08841
549.671,0.08772
547.742,0.08713
545.814,0.08603
543.885,0.08538
541.956,0.08518
540.028,0.08447
538.099,0.08374
536.170,0.08358
534.242,0.08314
532.313,0.08237
530.384,0.08208
528.456,0.08184
526.527,0.08126
524.598,0.08106
522.670,0.08114
520.741,0.08084
518.812,0.08084
516.884,0.08172
514.955,0.08305
513.026,0.08540
511.098,0.08994
509.169,0.09635
507.240,0.10300
505.312,0.10811
503.383,0.11006
501.454,0.10877
499.526,0.10602
497.597,0.10292
495.668,0.09929
493.740,0.09583
491.811,0.09354
489.882,0.09200
487.954,0.09064
486.025,0.08972
484.096,0.08915
482.168,0.08874
480.239,0.08876
478.310,0.08907
476.382,0.08918
474.453,0.08974
472.524,0.09145
470.596,0.09432
468.667,0.09959
466.738,0.10882
464.810,0.12027
462.881,0.12898
460.952,0.13101
459.024,0.12637
457.095,0.11847
455.166,0.11149
453.238,0.10686
451.309,0.10313
449.380,0.09957
447.452,0.09676
445.523,0.09446
443.594,0.09246
441.666,0.09100
439.737,0.08958
437.808,0.08798
435.880,0.08691
433.951,0.08655
432.022,0.08627
430.094,0.08577
428.165,0.08546
426.236,0.08605
424.308,0.08745
422.379,0.08913
420.450,0.09108
418.522,0.09356
416.593,0.09666
414.664,0.09989
412.736,0.10367
410.807,0.11039
408.878,0.12138
406.950,0.13632
405.021,0.15657
403.092,0.18628
401.163,0.22621
399.235,0.26825
